91357 2.68293 8.96342 12.68293 
0.01721 0.02576 0.91309 2.31707 9.45122 12.07317 
0.01709 0.02771 0.91235 2.62195 9.63415 12.50000 
0.02014 0.02722 0.90906 2.74390 9.51220 12.07317 
0.01843 0.02539 0.90955 2.86585 9.63415 12.50000 
0.01978 0.02600 0.90942 2.86585 9.39024 12.25610 
0.01929 0.02710 0.91199 3.17073 9.57317 12.86585 
0.01965 0.03125 0.91003 2.86585 9.57317 12.62195 
0.01831 0.02625 0.91321 2.92683 10.00000 12.68293 
0.01782 0.02478 0.91382 2.68293 9.14634 12.74390 
0.01831 0.02783 0.91394 2.43902 9.45122 12.37805 
0.01855 0.02844 0.91638 2.80488 9.14634 13.10976 
0.01819 0.02917 0.90942 3.17073 9.87805 12.80488 
0.01892 0.02722 0.91248 2.86585 9.45122 12.37805 
0.01978 0.02759 0.91223 3.10976 9.75610 12.98781 
0.01819 0.02917 0.91516 2.13415 10.24390 12.07317 
0.01843 0.02844 0.91418 2.68293 9.32927 12.74390 
0.01758 0.02905 0.91541 2.80488 9.75610 12.86585 
0.01550 0.02844 0.90930 2.43902 9.32927 12.74390 
0.01831 0.02734 0.91602 2.68293 9.20732 12.92683 
0.01733 0.03015 0.91040 2.80488 9.69512 12.68293 
0.01831 0.02930 0.91174 2.68293 9.14634 12.68293 
0.01794 0.02783 0.91077 2.68293 9.51220 12.98781 
0.01965 0.03210 0.91333 2.86585 9.81707 12.74390 
0.01624 0.02979 0.91516 2.86585 9.93902 12.56098 
0.01917 0.02795 0.91284 2.50000 9.14634 12.80488 
0.01770 0.02844 0.91357 2.80488 10.00000 13.04878 
0.01990 0.02734 0.91455 3.29268 9.26829 12.25610 
0.01904 0.02893 0.91235 2.74390 9.57317 12.62195 
0.01953 0.03027 0.91064 2.74390 9.32927 12.13415 
0.01892 0.02734 0.91321 2.68293 9.93902 12.56098 
0.02063 0.02722 0.91418 2.68293 8.84146 12.74390 
0.01660 0.02661 0.91187 2.13415 10.24390 11.89024 
0.02014 0.02856 0.91406 2.43902 9.51220 12.74390 
0.01831 0.02539 0.91504 2.43902 9.26829 13.04878 
0.01660 0.02515 0.91199 3.10976 9.02439 12.25610 
0.02246 0.02856 0.91125 2.86585 8.78049 12.80488 
0.01904 0.02856 0.91370 3.04878 9.51220 12.62195 
0.01917 0.02747 0.91650 2.80488 9.26829 12.86585 
0.02014 0.02844 0.91394 2.86585 9.63415 12.68293 
0.01477 0.02954 0.91565 2.37805 9.45122 12.50000 
0.01697 0.02661 0.91321 2.43902 9.32927 12.50000 
0.01917 0.02710 0.91077 2.68293 9.63415 12.56098 
0.01660 0.02808 0.91064 3.29268 9.81707 12.98781 
0.01672 0.02795 0.91052 2.68293 9.57317 12.50000 
0.01770 0.02515 0.91199 2.68293 8.90244 12.37805 
0.02087 0.02991 0.91333 2.50000 8.84146 12.37805 
0.01794 0.02686 0.91235 2.98780 9.57317 12.74390 
0.01782 0.02930 0.91357 2.43902 9.75610 13.04878 
0.01941 0.02625 0.91541 2.80488 9.32927 12.56098 
0.01831 0.02808 0.91211 2.56098 9.39024 12.43902 
0.01855 0.02612 0.91150 2.92683 9.81707 12.86585 
0.01831 0.02795 0.91089 2.56098 9.08537 12.50000 
0.01782 0.02710 0.91296 2.56098 9.57317 12.50000 
0.01587 0.02832 0.91589 2.43902 9.02439 13.10976 
0.01709 0.02612 0.91113 2.80488 9.57317 12.19512 
0.01819 0.02661 0.90979 3.23171 9.32927 13.04878 
0.01782 0.02588 0.91028 2.80488 9.63415 12.19512 
0.02026 0.02417 0.91370 2.19512 9.14634 12.50000 
0.01685 0.02661 0.91418 2.50000 9.26829 12.37805 
0.01868 0.02979 0.91479 2.43902 9.26829 12.62195 
0.01855 0.02820 0.91467 2.80488 9.81707 12.80488 
0.01697 0.02515 0.91479 2.98780 9.57317 12.56098 
0.01794 0.02844 0.91541 2.74390 9.51220 12.50000 
0.01758 0.02747 0.91394 2.92683 9.26829 12.74390 
0.01819 0.02649 0.91101 2.80488 9.08537 13.04878 
0.01636 0.02649 0.91516 2.62195 10.06098 12.56098 
0.02002 0.02625 0.91040 3.10976 9.51220 13.23171 
0.01819 0.02710 0.91016 2.80488 9.57317 12.62195 
0.01807 0.02588 0.91150 2.37805 9.20732 12.50000 
0.01880 0.02881 0.91333 2.50000 9.93902 12.92683 
0.01746 0.02490 0.91577 1.70732 9.14634 12.68293 
0.01587 0.06641 0.91284 3.41463 11.09756 77.07317 
0.01831 0.02795 0.91187 2.62195 9.69512 12.25610 
0.01599 0.02612 0.90735 2.98780 9.87805 12.50000 
0.01807 0.02710 0.91675 3.04878 9.39024 12.80488 
0.02063 0.03015 0.91821 3.04878 9.63415 12.43902 
0.01636 0.02734 0.91125 2.92683 9.81707 12.62195 
0.01501 0.02588 0.91602 2.62195 9.32927 12.43902 
0.02100 0.02759 0.90894 1.76829 9.02439 13.35366 
0.02502 0.01233 0.91260 2.01220 9.32927 15.54878 
0.01831 0.02698 0.91455 2.43902 8.65854 12.74390 
0.01672 0.02295 0.91040 2.43902 9.45122 11.15854 
0.01636 0.02563 0.91248 3.71951 9.02439 12.56098 
0.02075 0.02893 0.91052 2.01220 9.20732 12.37805 
0.01746 0.02844 0.91479 4.14634 10.24390 12.74390 
0.01563 0.02612 0.91064 3.17073 9.57317 12.25610 
0.01770 0.02844 0.91479 1.89024 9.20732 12.68293 
0.02039 0.02710 0.91199 2.68293 9.08537 12.50000 
0.01953 0.02576 0.91260 2.56098 9.81707 12.50000 
0.26331 -0.00085 0.91638 4.63415 10.18293 25.48781 
0.39246 -0.01160 0.91528 3.90244 10.91463 93.65854 
0.18457 0.05017 0.91626 -2.50000 1.15854 -261.52438 
0.09753 0.04529 0.91077 0.24390 6.15854 -72.74390 
0.09277 0.11487 0.90881 -8.23171 2.92683 77.98781 
-0.02075 0.00159 0.91174 -3.84146 6.34146 98.71951 
-0.23608 -0.00330 0.91235 2.07317 9.75610 -77.13415 
-0.24353 0.05664 0.91260 3.90244 12.25610 23.90244 
-0.20471 -0.04773 0.90710 -0.48780 8.35366 9.57317 
-0.08667 0.01355 0.91492 4.02439 10.54878 24.32927 
-1.78076 -0.31506 0.79102 -13.10976 19.08537 49.20732 
0.01465 0.05261 0.96594 10.48781 14.51220 129.63416 
0.01721 0.02454 0.91028 5.06098 10.06098 12.56098 
0.02124 0.02246 0.91541 5.42683 10.30488 11.64634 
0.02063 0.02551 0.91687 4.20732 9.81707 12.62195 
0.01733 0.02600 0.91223 2.56098 8.90244 12.80488 
0.01929 0.02429 0.91418 2.98780 9.39024 12.37805 
0.02026 0.02637 0.91223 2.31707 9.26829 12.25610 
0.02124 0.02478 0.91077 2.01220 9.39024 12.25610 
0.01611 0.02197 0.91187 3.41463 9.45122 12.92683 
0.01770 0.02527 0.91003 2.07317 10.00000 12.01220 
-0.09265 0.00964 0.88928 -11.70732 -1.64634 -37.19512 
-0.13464 -0.05164 0.90881 3.78049 8.84146 -0.54878 
-0.15674 0.00305 0.91272 2.62195 7.43902 -34.57317 
-0.13708 0.02344 0.91223 6.34146 9.93902 -77.68293 
0.03052 0.10779 0.90808 3.35366 9.02439 15.30488 
-0.00928 0.04407 0.90369 -0.91463 6.28049 1.46341 
0.00757 0.04297 0.90784 2.01220 9.26829 86.28049 
0.02332 -0.02380 0.91101 3.47561 10.42683 26.64634 
0.30005 0.10425 0.91235 -1.40244 6.34146 -34.81707 
0.13953 -0.00879 0.91785 5.73171 14.08537 138.41464 
0.27393 0.03857 0.90942 7.80488 15.42683 158.65854 
0.13843 0.03333 0.91492 3.17073 10.54878 64.20732 
0.02698 0.02771 0.91235 3.78049 10.18293 19.93902 
0.01465 0.02588 0.91199 3.23171 9.75610 12.43902 
0.01758 0.02783 0.90955 2.43902 9.20732 12.31707 
0.01929 0.02942 0.91382 2.86585 9.69512 12.62195 
0.01746 0.02490 0.91479 2.62195 9.57317 12.50000 
0.01990 0.02539 0.91089 3.17073 10.73171 12.25610 
0.02161 0.02832 0.91187 2.31707 9.08537 13.04878 
0.01575 0.02930 0.90930 1.70732 9.14634 12.50000 
0.01831 0.02783 0.91467 2.37805 9.39024 12.37805 
0.01917 0.02844 0.91479 2.50000 9.57317 11.95122 
0.01758 0.02771 0.91052 3.29268 9.14634 11.76829 
0.02039 0.02625 0.91467 3.84146 10.24390 12.43902 
0.01660 0.02698 0.91309 3.10976 9.69512 12.37805 
0.02039 0.02319 0.90796 -0.36585 9.87805 11.46342 
0.01855 0.02893 0.91345 3.04878 9.75610 12.74390 
0.02148 0.02771 0.91272 2.68293 10.00000 12.62195 
0.01782 0.02673 0.91455 2.74390 9.45122 12.13415 
0.01746 0.02795 0.91577 2.80488 9.32927 12.68293 
0.01758 0.02710 0.91431 2.31707 9.87805 12.62195 
0.01697 0.02612 0.91052 2.25610 9.93902 12.62195 
0.01892 0.02869 0.91052 3.10976 9.69512 12.50000 
0.01697 0.02734 0.91199 2.56098 9.69512 12.62195 
0.01477 0.02820 0.91125 2.37805 9.32927 12.50000 
0.01770 0.02368 0.91125 2.98780 9.45122 12.92683 
0.01917 0.02576 0.91504 2.62195 9.75610 12.62195 
0.01868 0.02759 0.91052 2.50000 9.63415 12.68293 
0.01855 0.02698 0.91492 2.98780 9.57317 13.53659 
0.01794 0.02551 0.90808 2.86585 10.18293 34.45122 
0.01929 0.02734 0.91528 1.58537 7.98780 12.31707 
0.01685 0.02905 0.91174 2.56098 9.20732 12.80488 
0.01819 0.02710 0.90881 4.63415 10.24390 12.56098 
0.02771 0.02393 0.91492 1.70732 9.20732 23.17073 
0.08850 0.02783 0.91211 4.57317 11.76829 91.70732 
0.09045 0.01282 0.90686 2.68293 8.04878 -29.93903 
0.06042 0.03223 0.91809 2.13415 7.19512 -72.74390 
0.06824 0.03638 0.91699 1.70732 8.10976 -54.75610 
0.04895 0.02429 0.90503 3.17073 9.45122 38.17073 
0.02734 0.04590 0.91321 2.80488 7.56098 -42.13415 
0.01563 0.00610 0.91357 1.52439 7.56098 -22.98781 
0.02771 0.06384 0.91260 1.89024 7.74390 -33.84146 
0.02368 0.03345 0.91174 0.12195 7.25610 -25.85366 
0.03259 0.00574 0.91138 1.89024 9.39024 16.52439 
0.01538 0.03833 0.91235 2.13415 7.98780 -29.51220 
-0.04199 0.03381 0.91052 3.47561 10.42683 32.98780 
-0.04370 0.04077 0.91614 -1.52439 12.68293 -15.73171 
0.11304 0.04321 0.91858 -1.15854 8.17073 71.64634 
0.01929 0.03308 0.92078 5.18293 12.01220 16.58537 
0.02222 0.01697 0.91406 0.91463 9.57317 60.48780 
0.06677 0.02124 0.91333 0.36585 9.63415 60.12195 
-0.04346 0.03845 0.90906 -1.95122 7.68293 31.95122 
0.08594 0.02271 0.90771 -1.21951 8.59756 41.34146 
0.04272 0.05310 0.90662 -0.12195 8.84146 59.20732 
0.03467 0.02563 0.90613 2.68293 9.69512 43.59756 
0.02454 0.01465 0.89648 -2.19512 6.95122 65.60976 
-0.00488 0.03943 0.90564 -1.95122 7.25610 70.60976 
-0.09521 -0.00037 0.91040 5.18293 11.15854 44.08537 
-0.10168 0.02954 0.91357 2.56098 8.59756 13.35366 
-0.02258 0.01758 0.92029 3.59756 10.24390 34.57317 
0.00562 0.01331 0.91870 2.01220 9.51220 28.71951 
-0.00159 0.02124 0.91248 3.71951 9.93902 27.68293 
-0.01379 0.01587 0.92151 5.97561 9.75610 14.87805 
-0.01355 0.02612 0.90979 1.95122 9.02439 15.24390 
0.01978 0.02527 0.91528 3.17073 9.39024 12.19512 
0.02112 0.02600 0.91357 2.19512 9.57317 12.01220 
0.02148 0.02393 0.91260 2.31707 9.93902 12.80488 
0.02026 0.02539 0.91345 2.31707 9.75610 12.68293 
-0.04272 0.02295 0.89294 -3.10976 1.64634 15.73171 
-0.01038 0.01904 0.90710 3.10976 9.81707 49.63415 
0.00769 0.01880 0.91479 3.04878 9.14634 21.64634 
-0.03882 0.02612 0.91675 3.17073 8.78049 -29.75610 
-0.00598 0.01660 0.91748 2.31707 8.90244 -13.65854 
0.00598 0.02820 0.91626 4.93902 10.54878 -1.58537 
0.01660 0.02368 0.91077 2.25610 9.08537 3.59756 
0.03162 0.01453 0.91248 3.04878 9.57317 4.20732 
-0.03833 0.01514 0.91223 5.60976 10.42683 -1.95122 
0.01794 0.01868 0.90991 1.34146 7.68293 -17.92683 
0.05688 0.03638 0.91272 2.25610 8.65854 -23.47561 
0.03552 0.02441 0.91235 2.19512 8.78049 9.69512 
0.03442 0.02966 0.90796 2.31707 7.56098 18.53658 
0.00208 0.00061 0.92004 4.26829 9.81707 7.25610 
-0.01099 0.01318 0.91394 3.59756 9.87805 13.78049 
-0.09900 0.02246 0.91699 4.75610 9.81707 -5.24390 
0.00586 0.00159 0.91028 -5.97561 9.08537 41.15854 
-0.00671 0.01904 0.90930 4.45122 9.57317 9.08537 
0.01404 0.02100 0.90845 1.34146 9.75610 19.93902 
0.03516 0.04675 0.91602 2.74390 8.96342 -8.96342 
0.02368 0.01355 0.91345 3.65854 10.18293 32.68293 
-0.01575 0.03357 0.91772 5.36585 10.91463 28.10976 
0.02710 0.00989 0.91296 3.29268 9.93902 47.13415 
0.08813 0.04028 0.91223 3.71951 10.67073 26.70732 
0.09021 0.01208 0.91321 2.37805 9.75610 34.57317 
0.07227 0.03198 0.91724 4.26829 10.97561 23.53659 
0.08447 0.02332 0.90613 3.47561 9.75610 23.29268 
0.06030 0.01379 0.90979 5.67073 12.25610 27.80488 
0.04663 0.02917 0.91296 6.89024 11.03659 -2.13415 
0.05408 0.03210 0.91357 7.92683 12.80488 3.04878 
0.01831 0.02612 0.91089 3.90244 10.18293 12.56098 
0.01672 0.02844 0.91187 4.14634 10.42683 13.10976 
0.02087 0.02527 0.91443 3.17073 10.12195 12.74390 
0.02014 0.02612 0.91882 2.25610 10.06098 12.13415 
0.01770 0.02942 0.91528 3.29268 10.24390 12.43902 
0.01917 0.02722 0.91260 2.07317 9.69512 12.31707 
0.01709 0.02856 0.91345 2.80488 9.93902 12.19512 
0.01599 0.02710 0.91223 2.19512 9.39024 12.31707 
0.01880 0.02612 0.91785 2.80488 9.14634 12.31707 
0.01929 0.02637 0.91455 2.86585 9.75610 12.68293 
0.01978 0.02747 0.91443 2.56098 9.93902 12.80488 
0.02112 0.02576 0.91675 2.56098 9.51220 12.13415 
0.01697 0.02490 0.91248 3.10976 9.45122 12.07317 
0.01685 0.02551 0.91528 2.80488 9.69512 12.74390 
0.02014 0.02490 0.91516 3.53659 9.39024 12.80488 
0.01917 0.02527 0.90918 2.80488 9.75610 12.50000 
0.01941 0.02734 0.91602 2.56098 9.51220 12.37805 
0.01917 0.02795 0.91455 3.53659 9.87805 12.62195 
0.01917 0.02649 0.91345 2.74390 9.63415 12.74390 
0.02002 0.02820 0.91541 2.68293 10.06098 12.37805 
0.01746 0.02588 0.91528 3.23171 8.78049 12.50000 
0.01831 0.02771 0.90881 3.10976 9.32927 12.50000 
0.02002 0.02771 0.91333 3.10976 9.45122 12.19512 
0.01868 0.02808 0.91284 3.04878 9.45122 12.92683 
0.01880 0.02527 0.90796 3.10976 9.63415 12.80488 
0.02148 0.02832 0.91333 2.98780 9.57317 12.68293 
0.01758 0.02930 0.91125 3.29268 9.75610 12.31707 
0.01978 0.02771 0.91455 2.86585 9.26829 12.86585 
0.01648 0.02734 0.91382 2.74390 9.87805 12.56098 
0.01868 0.02490 0.91309 2.68293 9.32927 12.74390 
0.01978 0.03040 0.91504 2.43902 9.02439 12.92683 
0.01990 0.02661 0.91101 2.62195 9.51220 11.89024 
0.01843 0.02808 0.91272 2.74390 9.02439 12.07317 
0.01831 0.02686 0.91394 2.50000 10.12195 12.56098 
0.02063 0.02661 0.91394 2.50000 9.81707 13.17073 
0.01965 0.02734 0.91296 2.68293 9.20732 12.80488 
0.01819 0.02515 0.91235 2.86585 9.81707 12.31707 
0.01733 0.02734 0.91748 2.74390 9.51220 12.68293 
0.01672 0.02527 0.91174 2.68293 9.32927 12.56098 
0.01819 0.02734 0.91431 3.35366 9.32927 12.68293 
0.01855 0.02734 0.91565 2.68293 8.78049 12.50000 
0.01831 0.02673 0.91235 1.89024 9.32927 12.74390 
0.01697 0.02588 0.91589 2.92683 9.20732 12.74390 
0.02026 0.02686 0.91272 2.56098 8.71951 12.31707 
0.01599 0.02795 0.91638 2.74390 9.32927 12.80488 
0.01965 0.02747 0.91309 2.43902 9.39024 12.92683 
0.01807 0.02710 0.91248 2.98780 9.63415 12.74390 
0.01978 0.02747 0.90906 2.43902 9.69512 12.43902 
0.01843 0.02722 0.91223 2.56098 9.81707 13.04878 
0.02087 0.02808 0.90930 2.86585 9.69512 12.62195 
0.01758 0.02905 0.90906 2.86585 9.32927 12.50000 
0.01819 0.02710 0.91455 3.10976 9.45122 12.50000 
0.01831 0.02600 0.91260 2.50000 9.51220 12.43902 
0.01941 0.02649 0.91455 2.31707 9.45122 12.37805 
0.01855 0.02710 0.91394 2.62195 9.75610 12.80488 
0.01843 0.02747 0.91309 2.74390 9.02439 12.07317 
0.01990 0.02808 0.91406 2.74390 9.14634 12.13415 
0.01587 0.02930 0.91248 2.50000 9.69512 12.13415 
0.01770 0.02466 0.91309 3.17073 9.45122 12.86585 
0.02112 0.02588 0.91406 2.92683 8.59756 12.19512 
0.01855 0.02576 0.91211 3.04878 9.14634 12.07317 
0.01904 0.02905 0.91174 2.68293 9.75610 12.07317 
0.01831 0.02759 0.91528 3.10976 9.75610 12.92683 
0.01831 0.02625 0.91382 2.74390 9.08537 13.17073 
0.01746 0.02722 0.91980 2.80488 9.63415 12.37805 
0.01831 0.02686 0.91504 2.92683 9.26829 12.80488 
0.01831 0.02893 0.91479 2.43902 9.57317 12.56098 
0.01990 0.02661 0.91553 2.92683 9.14634 12.86585 
0.01929 0.02722 0.91443 3.35366 9.51220 12.92683 
0.01599 0.02795 0.91370 2.62195 9.87805