0.01782 0.03015 0.91162 2.68293 9.57317 13.10976 
0.02014 0.03101 0.91199 2.86585 9.63415 12.86585 
0.01794 0.03052 0.91284 2.98780 9.32927 12.74390 
0.01624 0.03162 0.90979 3.23171 9.45122 12.74390 
0.01904 0.02869 0.91211 2.92683 9.32927 12.37805 
0.01855 0.02698 0.91174 2.74390 9.63415 12.86585 
0.01941 0.03210 0.91272 2.43902 10.06098 12.13415 
0.01782 0.03137 0.91235 3.23171 9.32927 12.92683 
0.01855 0.03003 0.91272 3.10976 9.51220 12.43902 
0.01721 0.03308 0.91174 2.92683 9.02439 12.31707 
0.01624 0.03210 0.91248 2.92683 9.32927 12.43902 
0.01880 0.02808 0.91016 2.62195 9.26829 12.74390 
0.01904 0.03149 0.91431 2.86585 8.96342 12.92683 
0.01880 0.03296 0.91077 3.04878 8.90244 12.62195 
0.02002 0.02917 0.91272 3.10976 9.45122 12.13415 
0.01892 0.02844 0.91028 3.04878 8.78049 12.62195 
0.01611 0.03259 0.91089 3.10976 9.14634 13.04878 
0.01941 0.03101 0.91187 3.04878 8.90244 13.17073 
0.01892 0.03027 0.91614 3.04878 9.51220 12.74390 
0.01868 0.02930 0.90955 2.92683 8.96342 12.50000 
0.01953 0.03223 0.91394 3.04878 9.08537 12.68293 
0.01770 0.03040 0.91284 2.86585 9.57317 12.92683 
0.01721 0.02942 0.91492 2.86585 9.87805 12.56098 
0.01831 0.02930 0.91187 2.86585 9.57317 12.74390 
0.01624 0.03198 0.91162 2.19512 9.57317 12.80488 
0.01758 0.03015 0.91040 2.80488 9.69512 12.50000 
0.01990 0.02979 0.91077 2.37805 9.32927 12.50000 
0.01892 0.03308 0.91040 3.10976 9.32927 12.19512 
0.01965 0.03088 0.91541 2.86585 9.26829 12.80488 
0.01929 0.03076 0.91235 2.56098 9.39024 12.86585 
0.01831 0.03113 0.90857 2.74390 9.20732 12.98781 
0.01660 0.03235 0.90930 2.74390 9.14634 12.74390 
0.01831 0.03186 0.91663 2.43902 9.02439 12.19512 
0.01880 0.03125 0.90674 3.04878 9.75610 12.74390 
0.01953 0.03125 0.91052 3.04878 9.69512 12.62195 
0.01746 0.03162 0.90796 3.10976 9.63415 12.25610 
0.01880 0.03003 0.91553 3.78049 9.45122 12.37805 
0.02112 0.03174 0.91553 3.17073 8.59756 12.31707 
0.01892 0.03357 0.90967 2.50000 9.32927 12.37805 
0.01953 0.03406 0.92102 3.53659 9.87805 12.50000 
0.01868 0.02954 0.91052 3.17073 9.69512 12.25610 
0.01880 0.02942 0.91260 3.96341 9.69512 13.10976 
0.01721 0.03210 0.91101 3.59756 9.14634 12.31707 
0.01880 0.03345 0.91406 3.53659 8.90244 12.74390 
0.01746 0.03149 0.90991 3.59756 9.32927 12.62195 
0.01929 0.03223 0.91284 2.86585 9.26829 12.37805 
0.01770 0.02917 0.90857 3.90244 10.42683 12.62195 
0.13269 0.02258 0.94055 -2.56098 11.82927 11.82927 
0.20056 0.04626 0.83081 -6.46341 12.80488 131.76830 
0.25623 -0.02222 0.91687 3.59756 10.97561 112.98781 
0.23291 0.05176 0.91052 2.31707 6.46341 -79.57317 
-0.06714 0.06714 0.91101 3.23171 10.00000 -21.46342 
-0.13892 -0.02039 0.91553 3.90244 13.41463 39.63415 
-0.30347 0.04443 0.91553 3.04878 11.15854 15.48781 
-0.18738 0.11340 0.90173 2.25610 7.86585 -26.58537 
0.14368 0.06299 0.91956 9.39024 11.03659 6.76829 
0.01990 0.02808 0.91077 0.60976 9.20732 13.41463 
0.01941 0.02783 0.91016 1.89024 9.26829 13.23171 
0.01758 0.03162 0.91418 3.17073 10.30488 12.68293 
0.01685 0.02881 0.91248 3.35366 9.14634 12.80488 
0.01770 0.02734 0.91846 2.74390 9.51220 13.35366 
0.01685 0.02942 0.90967 2.86585 9.75610 12.62195 
0.01990 0.02954 0.91394 2.31707 8.90244 12.80488 
0.01868 0.03027 0.91052 3.23171 9.93902 13.04878 
0.02014 0.03003 0.90845 2.74390 9.02439 12.68293 
0.01855 0.03308 0.91125 3.47561 9.75610 12.43902 
0.01782 0.03101 0.90906 2.98780 10.12195 12.50000 
0.01709 0.02881 0.91101 3.23171 9.26829 12.62195 
0.01672 0.02979 0.91174 2.74390 9.63415 12.62195 
0.01575 0.03101 0.91199 4.02439 9.87805 13.17073 
0.01575 0.03198 0.91003 2.43902 9.81707 12.62195 
-0.04980 0.01392 0.90747 3.84146 9.93902 13.90244 
-0.19434 0.00781 0.91614 -0.91463 9.63415 95.00000 
-0.21960 0.04504 0.91296 6.46341 9.39024 35.91463 
-0.11572 0.07190 0.91431 2.01220 4.20732 -94.20732 
0.02319 0.03345 0.91077 -0.30488 4.39024 -21.40244 
0.06897 0.02124 0.90906 2.98780 9.14634 -14.81707 
0.20374 0.04761 0.91199 1.34146 7.92683 -59.69512 
0.14026 0.05774 0.91309 3.65854 7.80488 -103.65854 
0.17493 0.01807 0.91235 3.84146 10.67073 13.17073 
0.17114 0.05652 0.91382 2.13415 8.78049 30.18293 
0.01917 0.02844 0.91211 3.35366 10.00000 12.25610 
0.02051 0.02881 0.91272 4.02439 9.75610 12.01220 
0.01978 0.03064 0.91394 3.10976 9.39024 12.68293 
0.01917 0.03198 0.91064 3.53659 9.32927 12.37805 
0.01575 0.03003 0.91272 1.09756 8.84146 12.98781 
0.02014 0.03052 0.91125 2.50000 9.08537 12.80488 
0.02075 0.03076 0.91113 3.04878 9.75610 12.62195 
0.01599 0.03149 0.91028 3.78049 9.26829 13.17073 
0.01709 0.03235 0.91223 2.98780 9.45122 12.31707 
0.01965 0.03003 0.90979 3.23171 9.45122 12.98781 
0.01782 0.02966 0.91443 2.80488 10.42683 12.31707 
0.01904 0.03113 0.91077 2.31707 8.65854 12.43902 
0.01807 0.03125 0.90894 2.50000 9.02439 12.80488 
0.02002 0.03003 0.91272 1.58537 8.96342 12.74390 
0.01770 0.02979 0.91345 1.40244 9.39024 12.50000 
0.01794 0.03015 0.91138 2.19512 9.08537 12.62195 
0.01953 0.02905 0.91052 2.50000 9.32927 12.74390 
0.01904 0.03125 0.91003 2.62195 9.51220 13.17073 
0.01965 0.03198 0.91272 1.82927 9.14634 12.43902 
0.01660 0.03198 0.91162 3.04878 9.63415 12.86585 
0.01697 0.03003 0.91235 3.41463 9.57317 12.92683 
0.01855 0.03174 0.91345 2.92683 9.20732 12.56098 
0.01721 0.02930 0.90906 3.78049 10.12195 13.04878 
0.02197 0.02832 0.90894 2.13415 9.51220 13.29268 
0.01917 0.03076 0.91565 2.56098 9.81707 12.43902 
0.01660 0.02930 0.91064 2.50000 9.02439 12.56098 
0.01868 0.02686 0.91125 3.04878 9.45122 12.31707 
0.01892 0.03003 0.91370 4.08537 10.24390 12.56098 
0.01770 0.02844 0.91199 1.21951 8.41463 12.98781 
0.01990 0.02881 0.91003 5.85366 11.21951 13.17073 
0.81860 0.14343 0.90356 -0.06098 6.58537 -1.64634 
0.06177 0.01062 0.91321 2.25610 10.79268 106.09756 
0.06970 0.01929 0.91162 3.90244 10.91463 85.85366 
-0.00183 0.01221 0.91516 3.78049 10.12195 77.74390 
-0.00305 0.01624 0.91479 2.98780 9.51220 55.24390 
0.04407 0.03198 0.91833 2.25610 7.80488 -17.19512 
0.03442 0.01953 0.91321 2.31707 7.25610 -58.23171 
0.13098 0.03369 0.91370 2.31707 9.45122 25.36585 
0.08093 0.03394 0.91968 3.47561 9.81707 25.06098 
0.00952 0.04907 0.91113 -4.57317 6.82927 59.63415 
-0.00977 0.06836 0.91064 5.30488 10.36585 -5.18293 
0.00793 0.03540 0.90881 4.69512 11.21951 16.34146 
-0.03101 0.02600 0.91748 2.74390 11.21951 64.81708 
0.04736 0.06519 0.90417 6.76829 12.74390 87.37805 
-0.00879 0.04736 0.91870 1.76829 10.85366 54.14634 
0.03113 0.00171 0.91760 1.95122 10.36585 34.57317 
-0.00854 0.04175 0.91418 2.01220 10.42683 68.47561 
-0.05237 0.04443 0.90942 2.43902 10.54878 63.47561 
-0.03552 0.03394 0.91357 2.98780 9.57317 23.47561 
-0.00317 0.01953 0.91040 -0.24390 7.68293 -1.76829 
0.00610 0.02942 0.91370 1.82927 8.41463 10.97561 
0.01501 0.03076 0.91638 5.79268 11.34146 13.17073 
0.01990 0.02844 0.91541 4.08537 10.00000 12.25610 
0.01978 0.02771 0.91272 3.10976 9.63415 12.62195 
0.01941 0.02905 0.91479 3.96341 9.93902 12.37805 
0.02014 0.03076 0.91125 1.89024 8.29268 12.01220 
0.01917 0.03040 0.91309 4.08537 10.24390 12.43902 
0.01917 0.03101 0.91382 3.47561 9.93902 12.62195 
0.01855 0.03125 0.91260 1.52439 8.41463 12.68293 
0.01563 0.03027 0.91248 2.80488 9.87805 12.86585 
-0.00842 0.02979 0.91089 3.17073 9.32927 -67.80488 
0.01465 0.02429 0.91003 3.47561 8.84146 -8.10976 
-0.00012 0.02734 0.91028 2.13415 9.39024 7.68293 
0.00427 0.02380 0.91113 1.64634 8.10976 7.37805 
-0.00244 0.02637 0.91321 2.74390 7.80488 -16.70732 
0.12964 0.06799 0.91394 -2.74390 8.23171 -0.36585 
-0.02515 0.03821 0.91223 1.09756 6.15854 -57.31707 
0.01245 0.02612 0.91187 1.95122 6.95122 -3.96341 
-0.00903 0.04968 0.90515 -0.67073 4.39024 -14.75610 
0.03613 0.04468 0.91345 4.32927 8.23171 -44.08537 
0.02502 0.02344 0.91199 2.31707 8.10976 5.67073 
0.01538 0.03699 0.91211 4.57317 10.18293 5.60976 
0.04041 0.05359 0.91223 2.13415 7.74390 -27.62195 
0.00476 0.02551 0.91382 -1.70732 6.21951 -13.78049 
0.03894 0.02905 0.91565 2.01220 9.51220 -25.06098 
0.00549 0.04041 0.90881 1.09756 8.71951 -26.58537 
-0.02759 0.02747 0.92188 1.76829 6.28049 -0.42683 
0.01599 0.02502 0.89929 -0.91463 9.26829 8.10976 
0.04016 0.03284 0.89612 1.09756 8.65854 -15.67073 
0.01953 0.04443 0.91125 5.36585 11.09756 14.81707 
0.01782 0.05786 0.90967 1.58537 9.57317 -0.54878 
0.03821 0.01636 0.91589 3.53659 10.73171 28.71951 
0.00366 0.03430 0.91113 2.13415 9.20732 -11.28049 
0.06970 0.00989 0.91919 4.39024 11.15854 34.75610 
0.06604 0.03638 0.90918 10.67073 12.43902 31.28049 
0.02075 0.02698 0.90356 0.91463 9.08537 12.50000 
0.01794 0.02917 0.91028 3.90244 10.36585 12.37805 
0.01770 0.02979 0.91138 3.17073 9.39024 12.43902 
0.01794 0.03186 0.90771 3.04878 9.57317 12.74390 
0.01709 0.03015 0.91162 3.17073 9.69512 12.86585 
0.01758 0.02844 0.91272 3.04878 8.78049 12.62195 
0.01794 0.03040 0.91125 2.74390 9.02439 12.68293 
0.02063 0.03076 0.91260 3.29268 9.02439 12.74390 
0.01904 0.02917 0.91016 2.56098 9.81707 12.62195 
0.01709 0.02930 0.91174 2.92683 9.08537 12.31707 
0.02173 0.03113 0.91565 3.29268 9.87805 12.37805 
0.02014 0.03003 0.91382 2.25610 9.02439 12.68293 
0.02014 0.02930 0.91089 2.80488 9.45122 12.13415 
0.01978 0.02686 0.90649 3.29268 9.20732 12.80488 
0.01550 0.02893 0.91370 3.04878 9.57317 12.98781 
0.02014 0.03088 0.91321 3.17073 10.12195 12.80488 
0.01782 0.03137 0.90942 3.17073 9.32927 12.62195 
0.01855 0.02869 0.90808 2.68293 9.32927 12.31707 
0.02063 0.02734 0.91553 2.86585 9.02439 13.17073 
0.01721 0.02966 0.90759 2.92683 9.45122 12.92683 
0.01807 0.03064 0.91162 3.04878 9.51220 12.56098 
0.02026 0.02966 0.90771 2.74390 9.63415 13.17073 
0.01917 0.03174 0.91394 2.50000 9.39024 12.74390 
0.01941 0.03174 0.91113 2.43902 9.02439 12.56098 
0.01660 0.03284 0.91223 2.68293 9.02439 12.92683 
0.01990 0.02808 0.91199 2.62195 9.02439 12.50000 
0.02148 0.02917 0.91162 2.98780 10.00000 12.31707 
0.01697 0.02954 0.91431 2.80488 9.32927 12.56098 
0.01770 0.03076 0.90784 3.17073 9.02439 12.62195 
0.02002 0.02783 0.91260 2.56098 9.39024 12.50000 
0.01758 0.02917 0.91150 2.37805 9.51220 12.74390 
0.01770 0.03040 0.91077 2.98780 9.45122 12.43902 
0.01831 0.02893 0.91333 2.92683 9.14634 12.56098 
0.01978 0.02930 0.91443 3.17073 9.02439 12.80488 
0.01941 0.03113 0.91504 2.68293 9.93902 12.37805 
0.01770 0.03076 0.91296 2.86585 9.51220 12.68293 
0.01990 0.02881 0.91174 2.80488 8.78049 12.25610 
0.02051 0.03040 0.91138 3.29268 10.12195 12.13415 
0.01819 0.02917 0.91284 3.04878 9.32927 12.68293 
0.02075 0.03040 0.91187 2.31707 9.39024 13.17073 
0.01892 0.03052 0.91504 2.74390 9.08537 12.68293 
0.01575 0.03040 0.91077 3.23171 9.81707 12.80488 
0.02014 0.02917 0.90942 2.62195 9.20732 12.68293 
0.01660 0.03040 0.91174 3.17073 9.39024 12.31707 
0.01782 0.02905 0.91125 2.68293 9.69512 12.62195 
0.01892 0.02881 0.91479 2.86585 9.32927 13.10976 
0.01953 0.03027 0.91394 2.74390 8.84146 12.92683 
0.01733 0.02917 0.91187 3.10976 9.45122 12.56098 
0.02063 0.03027 0.91638 3.41463 8.96342 13.04878 
0.01685 0.03076 0.91418 2.9