0.01953 0.02869 0.91174 2.74390 9.51220 12.07317 
0.02002 0.02991 0.91394 3.35366 9.87805 12.50000 
0.01892 0.02832 0.91333 3.23171 9.63415 12.37805 
0.01746 0.02759 0.90930 2.98780 9.63415 12.68293 
0.02051 0.03027 0.91150 3.59756 9.87805 12.50000 
0.01709 0.02844 0.91309 3.10976 9.45122 12.98781 
0.01831 0.02649 0.91748 3.10976 9.69512 12.43902 
0.02051 0.03040 0.91467 3.04878 9.81707 12.92683 
0.02124 0.02832 0.90979 2.92683 9.39024 12.74390 
0.01929 0.02905 0.91199 2.98780 9.51220 12.68293 
0.02087 0.02832 0.91272 3.71951 9.39024 12.56098 
0.02100 0.02893 0.91431 3.47561 9.51220 12.43902 
0.01965 0.03088 0.90747 3.35366 9.45122 12.68293 
0.01990 0.03003 0.91235 2.86585 9.81707 12.43902 
0.02185 0.02759 0.90942 3.35366 9.87805 12.50000 
0.01819 0.02686 0.91028 3.10976 9.45122 12.13415 
0.01855 0.02869 0.91223 3.35366 9.45122 12.13415 
0.01697 0.03430 0.90918 24.57317 16.52439 12.43902 
0.01990 0.02783 0.91321 1.58537 9.39024 12.07317 
0.01868 0.02881 0.91248 2.92683 9.69512 12.50000 
0.02014 0.02673 0.90857 2.86585 9.63415 12.43902 
0.01941 0.02722 0.91162 2.31707 9.87805 12.80488 
0.02100 0.02881 0.91162 2.98780 9.20732 12.68293 
0.01990 0.03101 0.91150 2.86585 9.69512 12.43902 
0.02014 0.03345 0.92407 9.08537 11.89024 12.13415 
0.01709 0.03052 0.91382 2.56098 9.39024 12.07317 
-0.00464 0.28772 0.90125 4.26829 13.23171 100.67073 
0.03162 0.14294 0.90466 -0.91463 9.32927 135.42683 
0.07935 -0.19031 0.89783 -14.20732 -14.87805 -341.58539 
-0.05591 0.08960 0.91223 -0.42683 18.23171 271.89026 
0.01318 -0.06360 0.91846 8.17073 20.67073 379.45123 
-0.06104 -0.14197 0.91833 18.96342 12.31707 -44.51220 
0.03809 -0.22974 0.92017 -3.65854 7.68293 8.29268 
0.01636 0.03577 0.91296 13.96342 10.79268 13.10976 
0.02002 0.03833 0.91565 3.10976 9.63415 12.62195 
0.01697 0.03735 0.91370 2.68293 9.26829 13.10976 
0.01819 0.03430 0.91382 -0.12195 9.39024 17.80488 
0.01624 0.03662 0.91211 4.20732 9.69512 13.53659 
0.01428 0.05652 0.91028 -10.42683 8.90244 61.15854 
0.01782 0.04138 0.91003 4.08537 9.81707 12.92683 
-0.01880 -0.16064 0.91833 0.54878 12.62195 187.98781 
0.03320 -0.12195 0.91553 -8.04878 2.50000 -192.56097 
-0.01819 -0.11377 0.92053 4.32927 3.84146 -191.95122 
-0.00061 -0.02612 0.92053 -17.13415 -0.12195 -154.75610 
-0.01868 0.13306 0.91125 -4.26829 6.15854 -26.21951 
0.00098 0.07166 0.91406 3.29268 7.01220 -140.60976 
0.02759 0.26660 0.90686 2.86585 7.56098 -50.24390 
0.01917 0.03235 0.91431 -1.64634 7.68293 11.76829 
0.01941 0.02734 0.91528 2.31707 9.63415 17.50000 
0.01929 0.02588 0.91016 3.41463 9.63415 12.68293 
0.01978 0.02771 0.91235 2.74390 9.32927 12.56098 
0.01917 0.02551 0.91113 2.13415 9.39024 12.31707 
0.02124 0.02832 0.91199 2.86585 10.06098 11.95122 
0.02124 0.02869 0.90845 3.17073 9.75610 12.74390 
0.02222 0.02954 0.91003 3.29268 9.81707 12.68293 
0.01941 0.03186 0.91003 2.86585 9.32927 12.50000 
0.01990 0.02869 0.91211 2.68293 10.06098 12.43902 
0.01843 0.02637 0.91321 3.71951 10.36585 12.68293 
0.02002 0.02808 0.91602 2.74390 9.51220 12.56098 
0.02051 0.02625 0.91626 2.98780 9.51220 12.19512 
0.02173 0.02722 0.91675 3.17073 9.51220 12.19512 
0.01831 0.03003 0.90918 3.23171 9.45122 13.04878 
0.01953 0.02966 0.91357 2.98780 10.00000 12.68293 
0.01831 0.02795 0.91382 2.62195 9.51220 12.80488 
-0.00439 0.19519 0.90479 6.40244 11.52439 50.06098 
0.01782 0.01746 0.91187 3.96341 10.79268 18.17073 
0.01514 0.07434 0.91272 3.71951 9.63415 20.06098 
0.01624 0.03418 0.91394 4.93902 10.67073 16.89024 
0.00964 0.10828 0.90784 3.04878 10.12195 29.81707 
0.01855 0.02356 0.90723 3.59756 11.95122 99.02439 
-0.00122 0.04358 0.91296 0.00000 8.84146 -20.36585 
0.02515 0.02087 0.91199 8.47561 14.39024 129.87805 
0.01843 0.07593 0.90479 2.25610 8.23171 35.42683 
0.01770 0.01135 0.91711 1.03659 11.89024 77.86585 
0.03003 0.00842 0.91492 5.00000 9.63415 -20.18293 
0.01135 0.07971 0.91077 7.43902 10.54878 13.41463 
0.02148 -0.02405 0.91309 5.48780 13.47561 144.57318 
0.02686 -0.00476 0.91150 1.58537 7.43902 -29.63415 
0.00952 0.06055 0.91089 2.56098 11.40244 59.14634 
0.00879 0.07043 0.90979 2.13415 9.57317 -7.98780 
0.04541 -0.05530 0.91809 2.68293 7.56098 -76.58537 
0.01782 -0.00098 0.91479 -2.86585 8.10976 -21.34146 
0.01904 0.01990 0.91443 7.74390 10.97561 15.91463 
0.01636 0.03381 0.91028 -6.34146 7.07317 12.86585 
0.01648 0.03589 0.90857 -6.28049 8.10976 12.62195 
0.01526 0.03247 0.91211 1.95122 9.69512 12.25610 
0.01697 0.03503 0.91150 -4.08537 8.17073 12.74390 
0.01831 0.02966 0.91785 1.34146 10.00000 71.64634 
0.01099 -0.04138 0.91455 1.70732 9.39024 19.81707 
0.01184 0.01721 0.91504 0.36585 7.50000 -16.21951 
0.01697 0.06238 0.91150 2.68293 7.74390 -28.17073 
0.03467 -0.02466 0.91418 2.31707 7.68293 -53.17073 
0.00464 0.05701 0.91125 3.47561 7.86585 -28.78049 
0.02722 -0.01550 0.91138 4.57317 10.48781 31.15854 
0.01965 0.04480 0.91870 0.91463 7.13415 -46.64634 
0.01282 0.01038 0.91602 2.86585 8.23171 -20.00000 
0.03174 0.00525 0.90710 1.28049 6.58537 -38.59756 
0.00488 0.04102 0.91309 -0.73171 5.85366 -97.62196 
0.02258 0.01343 0.91528 -1.40244 8.47561 18.84146 
0.01563 0.00024 0.91223 4.20732 8.53659 -2.56098 
0.00842 0.06934 0.90833 3.84146 6.76829 -93.78049 
0.01563 0.04358 0.90759 2.31707 8.10976 -44.57317 
0.00659 0.04089 0.90637 2.07317 9.93902 57.62195 
0.01477 0.08191 0.91614 3.23171 9.75610 43.17073 
0.02173 0.02722 0.91199 1.28049 9.08537 12.68293 
0.01855 0.02710 0.91138 0.79268 8.78049 11.95122 
0.03442 0.01208 0.89856 -27.43903 4.75610 16.34146 
-0.00281 0.01392 0.90112 -37.86586 10.91463 138.35367 
0.01880 0.00098 0.91504 -2.43902 9.51220 12.50000 
0.02368 0.00525 0.91260 7.25610 9.32927 12.86585 
0.02051 0.00232 0.91370 2.31707 9.32927 12.37805 
0.02014 0.00696 0.91260 3.53659 9.81707 13.23171 
0.01831 0.00684 0.91260 3.47561 9.51220 12.50000 
0.01697 0.00635 0.91333 2.86585 9.39024 12.62195 
0.01917 0.00684 0.91309 4.02439 8.96342 12.50000 
0.02063 0.00537 0.91309 3.35366 9.32927 12.92683 
0.02100 0.00574 0.91162 3.23171 9.14634 12.37805 
0.02087 0.00500 0.91406 4.75610 9.69512 12.86585 
0.01697 0.00513 0.91284 2.86585 9.51220 12.74390 
0.02283 0.00366 0.91394 3.10976 9.39024 12.62195 
0.01904 0.00769 0.91663 2.56098 9.39024 12.74390 
0.01978 0.00647 0.91187 3.29268 9.87805 12.37805 
0.02026 0.00647 0.91345 3.47561 9.69512 12.37805 
0.01892 0.00793 0.91272 4.14634 9.32927 12.43902 
0.01685 0.00684 0.91187 2.92683 9.45122 12.74390 
0.02258 0.00464 0.90930 2.19512 9.75610 12.07317 
0.02026 0.00854 0.91345 4.32927 9.51220 12.68293 
0.01953 0.00769 0.91479 2.25610 9.63415 12.80488 
0.02026 0.00635 0.91089 3.59756 9.93902 12.43902 
0.02100 0.00830 0.91406 2.86585 9.57317 12.80488 
0.01880 0.00574 0.91150 3.17073 9.20732 12.80488 
