-0.02478 0.00208 0.91553 19.19847 -3.96947 -10.61832 
0.02869 0.02039 0.91284 15.48092 -10.63359 -1.60305 
-0.01160 -0.00159 0.87476 10.81679 -11.66412 5.99237 
-0.03906 -0.00635 0.84167 9.29771 -12.70992 8.40458 
-0.04443 -0.00012 0.86182 21.29008 -3.87023 1.25191 
-0.00330 0.02002 0.86414 24.35114 6.24427 -4.15267 
0.02917 0.04163 0.88501 10.78626 12.16794 -10.77099 
0.01184 0.07019 0.91846 9.24428 17.03817 -16.36641 
0.01733 0.10693 0.87646 13.06870 11.91603 -17.56489 
0.02466 0.08606 0.90015 25.85496 -5.17557 -2.58779 
0.06384 0.10522 0.98254 13.22901 -9.79389 13.50382 
0.01123 0.02063 1.01990 -29.77099 -8.25954 14.52672 
-0.24036 0.09595 0.84253 -71.84733 -2.46565 -16.29008 
-0.03052 0.12354 0.86243 -41.62595 -6.64885 -37.15267 
0.07227 0.05737 0.94141 -42.27481 -2.00000 -31.50382 
0.03198 0.16309 0.88464 -26.84733 -0.45802 -15.75572 
0.05127 0.10254 0.96350 -12.06870 -12.57252 16.29771 
0.02808 -0.00879 0.91638 -12.15267 -16.89313 35.67939 
-0.08826 0.05347 0.96143 24.55725 -20.63359 29.39695 
-0.03528 -0.07458 1.02893 9.06107 0.15267 5.51145 
0.01526 -0.03955 0.90637 -11.64122 4.47328 -5.51908 
-0.02600 0.04431 0.89722 -21.12214 -0.61832 -20.70992 
0.04895 0.00806 0.93787 -29.02290 -0.67176 -10.12977 
0.01221 -0.05151 0.88623 -34.29008 8.84733 5.72519 
0.00574 -0.06616 0.91162 -40.41221 9.17557 7.47328 
-0.02014 -0.04846 0.95081 -39.66412 9.87786 -0.71756 
0.01245 -0.07996 0.99011 -38.67176 13.80153 -3.18321 
-0.01660 -0.09839 0.97510 -36.05344 19.83969 -3.34351 
-0.02502 -0.12073 1.00061 -28.11450 21.30534 0.56489 
-0.02930 -0.12634 1.01245 -25.80153 15.88550 1.87786 
-0.04736 -0.13147 0.95435 -23.87786 5.57252 -2.60305 
-0.02734 -0.10437 0.95117 -14.26718 -1.33588 -4.26718 
0.00830 -0.07019 0.95728 -5.80153 -3.08397 3.93893 
-0.00586 -0.11035 0.89941 -8.69466 -6.11450 16.15267 
-0.01135 -0.16675 0.92517 0.65649 -10.71756 27.58779 
-0.05627 -0.21375 0.96460 3.87023 -8.36641 28.06870 
-0.05261 -0.18909 0.97144 8.77099 -4.86260 16.97710 
-0.01929 -0.14612 0.98853 20.93893 -4.80153 5.60305 
-0.00793 -0.11475 0.99121 24.80153 -4.72519 4.54198 
-0.00330 -0.10083 0.94507 24.44275 -8.27481 12.03053 
-0.02881 -0.10645 0.92053 28.42748 -9.90840 13.50382 
-0.03125 -0.07861 0.92334 34.00763 -7.74046 11.04580 
-0.03027 -0.07227 0.91357 27.64886 -5.26718 12.50382 
-0.05139 -0.07007 0.88672 23.36641 -11.67176 16.63359 
-0.04578 -0.08081 0.86792 18.87786 -17.13741 13.38168 
-0.03247 -0.07251 0.87036 17.47328 -13.71756 4.42748 
-0.00098 -0.03503 0.87952 19.84733 -6.62595 -3.48092 
0.02148 -0.02161 0.87659 17.11450 -2.74046 -2.76336 
0.02576 -0.01392 0.85742 10.48855 -0.94656 2.35115 
0.01331 -0.03662 0.85034 7.74809 -4.12214 5.41221 
0.00574 -0.03992 0.86853 7.67176 -6.60305 5.93130 
0.01733 -0.03552 0.87219 7.91603 -4.25954 4.24427 
0.02429 -0.02356 0.88647 7.17557 -0.02290 3.80916 
0.01282 -0.03284 0.89026 2.35115 2.26718 2.30534 
0.01770 -0.03784 0.88928 -3.41985 0.29008 1.47328 
0.03101 -0.02551 0.90015 -9.11450 -3.33588 0.34351 
0.02844 -0.02283 0.88745 -13.39695 -4.12977 0.06870 
0.02747 -0.04150 0.87085 -13.06107 -2.59542 -0.30534 
0.02161 -0.08081 0.83899 -9.72519 2.87786 -1.62595 
-0.00415 -0.13538 0.67505 -7.57252 0.85496 -4.31298 
-0.02039 -0.11133 0.25732 27.01527 -22.68702 -13.31298 
0.03125 -0.01746 -0.05615 88.57252 -36.60305 -22.19847 
-0.00757 -0.00879 -0.02625 212.09160 -10.25191 -31.96183 
-0.00623 0.12878 0.01367 207.09160 47.32824 -41.72519 
-0.00623 0.00500 -0.16040 111.32825 88.12214 -68.19084 
0.03174 -0.00977 -0.10840 117.97710 92.75572 -81.52672 
0.02783 -0.03540 -0.11475 89.35878 90.05344 -96.00000 
0.01270 0.02783 -0.07996 72.94656 87.32061 -104.66412 
0.21130 1.99994 1.99994 -32.23664 -111.52672 -26.75573 
-0.48523 0.14246 1.99994 -250.13741 -250.13741 -5.86260 
0.82373 -0.37854 1.99994 -250.13741 -250.13741 -63.57252 
0.15930 -0.46948 1.27271 -250.13741 -155.64885 -88.07633 
0.01563 -0.68115 0.90100 -250.13741 -81.75572 -57.22901 
0.26025 -0.58374 1.37170 -108.60305 33.82443 53.50382 
0.33667 -0.45850 1.30237 -39.67939 51.42748 42.38168 
0.24597 -0.31274 1.03589 -20.87786 37.51145 22.19847 
0.19287 -0.30237 0.89429 -28.71756 8.80153 2.04580 
0.24304 -0.45874 1.01050 -29.18321 -6.55725 2.06107 
0.12378 -0.35669 1.17224 36.16794 13.00763 16.18321 
0.44775 -0.29956 1.06067 102.61069 56.77863 17.51908 
0.31274 -0.25562 1.01001 101.35878 63.41985 40.60305 
0.23376 -0.12427 0.92529 102.58778 67.39695 30.30534 
0.27539 -0.16809 0.87659 85.35114 63.29008 12.41221 
0.20947 -0.18115 0.89978 79.42748 54.03053 1.67176 
0.19653 -0.15076 1.03979 62.00763 39.00000 -13.02290 
0.11328 -0.20898 1.02917 60.96947 30.00000 -19.36641 
0.06689 -0.10303 0.85803 62.96947 29.47328 -13.24428 
0.06409 -0.05017 0.82581 38.06107 23.42748 -7.96947 
0.06470 -0.04907 0.90637 7.45038 9.12214 -7.41221 
0.11438 -0.09937 0.98816 -16.86259 -11.78626 -13.93893 
0.11353 -0.11743 1.05835 -11.01527 -14.00000 -17.33588 
0.08728 -0.13818 0.94299 11.10687 0.87023 -17.33588 
0.11963 -0.10132 0.88721 6.09924 9.74046 -12.89313 
0.18066 -0.11169 1.00916 -2.22137 20.29008 -15.46565 
0.17249 -0.14014 1.05322 21.83206 40.50382 -29.97710 
0.03503 -0.11316 0.97278 60.30534 57.74809 -44.08397 
0.01318 -0.01794 0.83777 49.54962 48.64885 -40.21374 
0.04541 -0.00171 0.88940 18.99237 34.48092 -41.23664 
0.02905 -0.11084 0.99719 20.57252 35.08397 -53.09160 
-0.02795 -0.10400 0.98096 38.83206 42.35115 -50.31298 
-0.07568 -0.02002 0.82288 26.53435 37.66412 -27.12977 
0.05652 0.00171 0.75439 7.94656 26.09924 -15.29771 
0.09143 -0.13159 0.82068 5.02290 3.31298 -12.77863 
0.13062 -0.10205 0.99060 9.02290 6.18321 -22.81679 
0.08313 -0.19312 0.94177 16.96947 17.79389 -20.14504 
0.04102 -0.12219 1.03088 37.80916 24.69466 -1.74046 
-0.01318 0.00781 1.05603 38.85496 18.54962 -1.73282 
-0.05371 0.09802 0.96155 44.04580 21.33588 -22.76336 
-0.13318 -0.04895 0.80066 37.84733 21.53435 -29.22901 
-0.03430 0.12573 0.80566 2.05344 -20.17557 -12.24428 
0.10254 -0.05237 0.99951 14.80153 -37.72519 -18.25191 
-0.02405 -0.14209 0.86060 20.04580 -22.41221 -11.87786 
0.04492 -0.07532 0.87000 5.61832 -7.76336 4.63359 
-0.02356 -0.02454 0.92590 3.53435 2.01527 6.01527 
-0.02612 0.00659 0.90259 -2.35115 5.51145 0.14504 
-0.05981 0.00232 0.97913 -4.83206 -14.21374 -1.62595 
0.02234 -0.01880 1.12366 15.27481 -14.90840 -2.73282 
0.00623 -0.01257 0.96313 17.09924 3.37405 -15.70229 
0.10571 -0.03735 0.99133 8.36641 0.30534 -16.74046 
0.01208 0.12317 1.00342 19.51145 4.11450 -35.03053 
-0.03735 0.06775 0.82910 14.67939 5.51908 -40.31298 
0.05505 0.00940 0.80115 10.29771 1.51145 -17.19084 
0.06030 0.02808 0.95544 -12.39695 13.54198 0.67939 
-0.01563 0.04419 0.96606 9.81679 30.97710 -2.19084 
-0.01416 0.03723 0.97583 27.77863 42.29771 -4.90840 
-0.05164 0.05066 1.05090 36.90840 43.75573 -11.84733 
-0.09229 0.09265 1.05139 48.42748 34.74809 -9.71756 
-0.05811 0.09497 0.95166 28.03817 3.23664 -2.45038 
-0.03186 0.04443 0.97009 -5.38168 -19.27481 0.19084 
-0.00720 0.04736 0.97717 0.48855 -16.67175 -0.54962 
-0.02002 0.11230 0.97839 21.35114 -3.03817 2.74809 
-0.02234 0.11072 0.97644 20.72519 -0.60305 3.59542 
-0.01282 0.09937 0.98047 9.33588 -6.00763 2.35115 
-0.01941 0.07214 0.92578 0.83969 -10.53435 1.88550 
0.01367 0.06421 0.89954 -6.13740 -12.09160 0.58779 
0.00537 0.03760 0.89966 -24.98473 -16.03817 -1.19084 
0.00049 0.04980 0.94800 -32.96947 -18.48092 -8.28244 
0.01843 0.07739 0.84888 -27.70992 -14.20611 -10.09160 
0.03528 0.07324 0.81458 0.06107 -6.10687 -0.09924 
0.03345 0.02356 0.84204 -2.54962 5.48855 2.99237 
0.02075 -0.00439 0.85925 -7.70229 12.23664 0.82443 
-0.02466 -0.00439 0.93604 0.51908 18.11450 -0.33588 
-0.03076 0.00012 0.95313 12.80153 25.80916 -3.83206 
-0.04541 0.02576 0.90735 5.41221 19.48092 -7.42748 
-0.06409 0.00183 0.90479 -11.55725 9.51908 -8.04580 
-0.03149 0.01624 0.89648 -16.56489 3.87023 -11.52672 
-0.03955 0.04065 0.89185 -8.22137 1.35878 -9.38931 
-0.01770 0.02124 0.89294 -8.93130 0.70229 -5.91603 
-0.01257 0.00159 0.89392 -25.34351 -3.70229 -9.30534 
-0.02673 0.01855 0.83069 -25.98473 -7.10687 -12.41985 
-0.02783 -0.01050 0.83655 -9.29771 -5.79389 -10.67176 
-0.03833 0.04761 0.88000 12.89313 -2.45038 -11.91603 
-0.05981 0.08777 0.88489 17.39695 -5.74809 -11.28244 
-0.00659 0.12158 0.85046 22.16031 -9.22137 -4.48855 
-0.02295 0.09143 0.85083 25.24427 -9.92366 2.18321 
-0.02783 0.12402 0.82507 22.66412 -8.97710 4.04580 
-0.04321 0.10608 0.86401 8.29771 -8.67176 5.33588 
-0.02368 0.06262 0.87976 0.38168 -7.61832 6.65649 
-0.01160 0.01746 0.83972 -0.41221 -10.00000 4.00763 
-0.01050 0.00110 0.78784 0.90840 -4.54962 -0.16031 
-0.01660 0.01965 0.81018 -1.95420 3.80153 -2.82443 
-0.03894 0.06677 0.87915 -7.42748 10.99237 -1.38168 
-0.03613 0.06262 0.87903 -7.20611 9.34351 1.95420 
-0.00525 0.02612 0.86340 -6.67176 3.43511 2.19084 
0.00366 0.01892 0.84265 -9.88550 -2.97710 -3.67176 
-0.02393 0.04016 0.85376 -14.96947 -2.03817 -5.94656 
-0.02161 0.03784 0.87109 -13.14504 4.29008 -4.29008 
-0.00977 0.01892 0.89063 -0.52672 10.96947 -1.78626 
-0.01233 0.02344 0.87646 3.38168 7.03817 -1.43511 
-0.00220 -0.00671 0.84985 -1.68702 1.57252 -2.19084 
-0.03015 -0.00208 0.77063 -4.58779 -1.71756 -6.81679 
-0.02576 -0.04871 0.66125 -0.75573 -2.22137 -6.67176 
-0.06128 -0.07092 0.40430 10.98473 0.54198 -10.90840 
-0.10022 -0.06750 0.19897 6.07634 5.22137 -16.34351 
-0.12000 -0.03162 -0.00818 -12.32061 22.64886 -23.96947 
-0.09790 0.00647 -0.11768 -13.57252 37.77099 -29.05343 
-0.18420 -0.04773 -0.04260 -53.90076 57.14504 -21.19847 
0.02429 -0.05957 -0.13660 -41.19084 90.04580 -25.01527 
0.02405 -0.01746 -0.12451 25.23664 102.79389 -34.72519 
0.01941 0.07068 -0.08655 27.92366 107.23664 -41.52672 
0.00256 -0.04456 -0.06177 -39.02290 112.58778 -50.40458 
-0.85645 -1.12634 1.99994 -250.13741 -250.13741 7.26718 
-0.62720 0.22290 1.75061 -86.87786 -250.13741 -43.61069 
0.27271 -0.78442 1.23315 -100.93130 -100.11450 -16.16794 
-0.13452 -0.41113 1.26135 -14.95420 4.90840 -12.49618 
-0.06885 0.03601 1.16626 1.96183 47.35115 -14.54198 
-0.12451 -0.04224 1.12610 -41.79389 9.29008 6.54962 
0.15112 0.01257 1.25134 -53.92366 -34.14504 30.16794 
0.20862 -0.06360 1.22192 -24.83206 -24.78626 19.63359 
0.16931 -0.03357 1.10522 18.05343 11.53435 3.33588 
0.09033 0.03625 1.04358 19.01527 19.29008 2.88550 
0.05688 0.00159 1.00781 5.45802 15.93893 -1.00763 
0.06970 -0.05505 1.09009 8.51145 23.67175 -2.26718 
-0.01331 -0.01501 1.06433 26.79389 41.97710 0.70992 
-0.08020 0.01721 0.94800 33.46565 39.08397 7.28244 
-0.06506 0.04236 0.81628 19.41221 0.07634 13.51145 
0.04163 0.01160 0.85852 -1.31298 -21.22901 11.46565 
0.08704 -0.03198 0.96204 -12.58779 -12.78626 3.04580 
0.05054 -0.08154 0.97266 -0.98473 16.87786 -3.06107 
0.00049 -0.04858 0.91614 10.05344 21.70229 -0.82443 
-0.03320 -0.03552 0.85950 10.70229 7.10687 -0.05344 
-0.01526 -0.02954 0.89014 5.00000 -0.83969 -0.67176 
-0.01343 -0.04150 0.94031 4.00000 1.31298 -1.61069 
-0.04065 -0.02478 0.91589 10.82443 4.63359 -0.28244 
-0.04639 -0.00916 0.87976 9.93130 -4.42748 -0.64885 
-0.03015 -0.00085 0.82935 -1.81679 -18.83969 -3.62595 
-0.03149 -0.02234 0.90625 -9.51145 -17.58779 -4.61069 
-0.00610 -0.03125 0.94775 -4.25191 4.70992 1.96947 
-0.03406 -0.01038 0.88757 -3.19084 13.56489 5.43511 
-0.02930 -0.02576 0.86060 -9.13740 5.02290 4.18321 
-0.00232 -0.03101 0.91394 -10.32824 -10.00763 -3.47328 
-0.01318 -0.05945 0.95740 -8.35114 -8.00763 -5.30534 
-0.02588 -0.05359 1.00024 -1.78626 7.97710 0.93893 
-0.03442 -0.05762 0.97314 1.12214 14.98473 6.14504 
-0.02979 -0.05078 0.97205 0.62595 11.69466 7.79389 
0.01892 -0.05908 0.98303 3.67176 6.71756 5.96947 
0.02930 -0.07214 0.98022 3.78626 9.51145 3.06870 
0.01672 -0.06030 0.97998 8.53435 12.11450 0.12977 
-0.03027 -0.03894 0.97107 13.28244 10.61069 -0.47328 
-0.04492 -0.02332 0.93896 13.51145 2.66412 2.36641 
0.01721 0.00525 0.91956 11.14504 -2.24427 3.15267 
0.00928 -0.10413 0.92407 -9.39695 -7.80153 -14.84733 
0.03760 -0.01245 0.95068 -1.96183 -3.38931 -14.38168 
0.02258 -0.06287 0.82153 -0.33588 -3.19084 -0.50382 
0.07874 -0.03442 0.82776 -2.10687 -8.21374 4.88550 
0.00684 -0.05798 0.96765 -6.19847 -5.52672 -5.70229 
-0.07227 -0.04810 0.98694 0.07634 6.69466 -4.36641 
-0.03796 -0.03015 0.96484 10.21374 14.65649 4.69466 
-0.05310 -0.06726 0.93042 15.61069 13.34351 11.38168 
-0.01086 -0.01965 0.86035 14.98473 4.23664 7.81679 
0.02820 -0.02661 0.78369 1.51145 -6.51908 6.21374 
0.03369 -0.07764 0.96570 0.33588 -12.87786 -1.95420 
-0.03870 -0.07275 0.97034 8.52672 -7.34351 -2.87023 
-0.09998 -0.07861 0.96191 15.12214 -9.54198 0.36641 
-0.16272 -0.02356 0.98425 11.41221 -15.72519 4.05344 
-0.01904 0.07898 0.96777 9.00000 -15.53435 3.55725 
0.02258 -0.02344 0.88220 -0.40458 -19.96947 -13.54962 
-0.00867 0.01428 0.95776 4.78626 -13.68702 -20.19847 
0.07007 -0.02441 1.07080 -4.03817 18.06870 -13.59542 
0.05249 -0.04358 1.05115 -14.70992 38.76336 -7.48855 
0.06104 -0.07983 1.00378 -18.26718 30.50382 5.16031 
-0.05066 -0.04016 1.02576 -7.65649 1.25954 9.19084 
-0.02222 -0.02197 1.00525 -1.41985 -7.80916 2.20611 
-0.00330 0.00513 1.05640 2.91603 -15.91603 8.25191 
0.02917 -0.00940 1.07898 3.77863 -28.80916 14.47328 
0.03796 -0.02234 1.02563 6.45038 -32.76336 12.33588 
0.04260 0.04053 0.95996 19.99237 -25.82443 12.71756 
0.06506 -0.04028 0.95581 20.79389 -11.79389 12.61832 
0.06812 -0.04321 0.94495 19.41985 7.41985 -0.78626 
0.04944 -0.00903 0.91016 11.52672 19.77099 -7.22901 
0.05103 0.00903 0.93933 0.40458 33.35115 -12.13740 
0.00842 -0.01038 0.98096 -18.83969 40.96947 -19.28244 
0.02808 0.03516 0.97827 -22.25191 39.37405 -28.31298 
0.00439 -0.00781 0.82458 -17.31298 34.39695 -34.87023 
0.05676 -0.08643 0.90344 -19.19847 34.40458 -37.47328 
-0.01318 -0.11267 0.86841 -14.17557 44.16031 -39.20611 
-0.11475 -0.02771 0.90466 -18.83969 38.52672 -39.54962 
-0.08240 -0.05994 0.70459 -26.20611 70.40458 -10.98473 
-0.06445 0.01196 0.73743 -15.35114 62.35878 3.22137 
-0.02966 -0.04321 0.73645 -3.68702 46.59542 4.08397 
-0.00500 -0.10791 0.80823 -1.02290 21.44275 6.75573 
-0.06079 -0.10498 0.75159 -1.49618 -6.38168 1.25191 
-0.15466 -0.11609 0.75464 -18.25191 -21.19084 -6.45038 
-0.15063 -0.09705 0.87805 -12.32824 -5.92366 7.72519 
-0.18604 -0.04456 0.80640 26.09160 12.10687 33.35878 
-0.18848 0.06848 0.83032 40.18320 5.52672 44.74809 
-0.11609 -0.05798 0.89441 47.32824 5.06870 35.12214 
-0.05542 -0.10071 0.98877 11.38931 -1.87786 32.92366 
-0.13916 -0.07263 0.98145 25.61069 -10.14504 23.91603 
-0.13525 -0.04309 0.98816 33.03817 -19.21374 16.80153 
-0.11877 -0.01953 0.99756 28.56489 -18.37405 12.17557 
-0.07495 -0.00513 1.00317 32.28244 -15.58015 10.47328 
-0.08911 0.04553 0.99805 36.88550 -11.38931 8.49618 
-0.10352 0.08105 0.99707 23.85496 -9.83969 8.24428 
-0.11133 0.09656 1.06482 8.93130 -8.11450 6.61832 
-0.10852 0.14160 1.11035 -7.46565 -13.32824 7.67939 
-0.13513 0.07385 1.00073 -6.51908 -20.98473 11.09924 
-0.09644 0.03357 0.90991 11.67176 -26.04580 14.58779 
-0.04077 -0.04468 0.83655 14.25191 -24.65649 14.15267 
-0.03784 -0.06274 0.83765 5.06107 -19.43511 6.64885 
-0.05249 -0.00525 0.85925 -7.41985 -16.05343 1.36641 
-0.03027 0.00378 0.83838 -12.58779 -17.32061 1.80153 
-0.02112 0.02100 0.80139 -3.33588 -19.68702 0.77099 
-0.01855 0.05750 0.76355 7.45802 -18.27481 3.61832 
-0.00989 0.04980 0.77478 13.68702 -11.05344 7.09160 
-0.01013 0.03418 0.82703 12.39695 -4.62595 6.87786 
-0.01001 0.03882 0.82166 9.93893 -6.61069 6.10687 
-0.00574 0.03357 0.80029 11.66412 -9.43511 5.40458 
-0.01123 0.04199 0.77576 11.83969 -8.04580 3.94656 
-0.01392 0.05566 0.80359 6.09924 -1.74809 1.23664 
-0.01465 0.06726 0.85327 -0.37405 2.42748 0.48855 
-0.01111 0.06689 0.85425 -2.83206 2.00000 1.87023 
-0.00220 0.04590 0.84290 -2.04580 -1.19084 1.76336 
0.00867 0.05469 0.83228 -0.94656 -3.09160 0.40458 
0.00110 0.06946 0.85571 -5.55725 2.65649 -1.54962 
-0.00623 0.07007 0.90710 -10.83969 5.80916 -2.14504 
-0.01880 0.06616 0.90527 -13.31298 5.61069 -2.40458 
-0.01685 0.06079 0.89404 -14.49618 4.64122 -1.47328 
-0.01331 0.05859 0.92554 -13.10687 5.44275 -0.87786 
-0.01868 0.05310 0.93396 -14.12214 5.89313 -0.05344 
-0.02515 0.03503 0.91357 -12.68702 4.79389 0.74809 
-0.02844 0.04370 0.90173 -9.61069 4.48855 1.41985 
-0.01013 0.03137 0.92883 -8.29008 4.89313 3.75573 
-0.00696 0.01611 0.93115 -8.65649 3.56489 3.18321 
-0.03442 0.00964 0.90881 -7.67939 1.53435 2.06107 
-0.03259 0.02002 0.90759 -7.07634 0.81679 1.35115 
-0.00793 -0.00195 0.88684 -8.76336 -2.00763 0.80153 
0.00183 -0.01721 0.85339 -12.31298 -4.63359 -2.55725 
-0.02332 0.00159 0.80896 -17.17557 -5.48855 -5.36641 
-0.00903 -0.02319 0.75000 -16.46565 -5.98473 -4.22137 
0.00574 -0.12732 0.54236 -8.79389 -7.64122 -8.63359 
-0.03772 -0.14673 0.31934 -7.95420 -4.19847 -19.54962 
-0.12451 -0.14014 0.12537 -18.30534 2.97710 -29.17557 
-0.21143 -0.20911 -0.17542 -61.84733 14.29771 -28.94657 
-0.04932 -0.05115 -0.20569 -3.83969 31.80153 -20.59542 
0.04614 0.02209 -0.13916 15.83206 43.78626 -20.93893 
0.03906 0.05664 -0.10107 1.45038 60.87023 -29.32061 
0.03967 0.02258 -0.09778 -28.34351 72.77100 -33.54198 
0.03906 0.01770 -0.09436 -43.07634 84.38931 -33.06870 
0.03137 0.01917 -0.09729 -60.93130 98.27481 -27.37405 
-0.02637 -0.08008 -0.08447 -56.84733 103.93130 -25.93130 
-0.95459 1.99994 1.99994 250.12978 -108.23664 28.44275 
-0.04944 -0.23181 1.72473 -81.37405 -166.52672 -86.22137 
0.02649 0.24402 1.72363 55.07634 -186.48091 -29.06870 
-0.19177 -0.60095 1.27612 70.19847 -150.50381 -16.16794 
-0.12781 0.12561 0.92017 55.65649 -127.35878 -16.80153 
0.13037 0.26648 1.19360 -47.76336 -66.91603 -9.76336 
0.16077 0.35181 1.92444 -115.37405 -10.33588 18.41985 
0.15894 -0.12476 1.10205 35.27481 32.03053 46.55725 
0.29871 0.12891 0.79456 71.99236 47.73283 13.00000 
0.13440 0.24072 0.78284 27.35114 57.12214 -8.32061 
0.01685 0.17102 0.85242 -12.79389 43.72519 -9.51145 
0.02490 0.04846 0.90564 -9.89313 30.83969 -5.70992 
0.03821 0.08923 0.82092 7.55725 26.36641 -0.51145 
0.03235 0.07947 0.81519 6.18321 25.79389 -3.77863 
-0.02612 0.06860 0.81787 -3.99237 21.91603 -3.98473 
-0.02161 0.08374 0.89087 -16.86259 9.42748 -6.35115 
-0.01074 0.08630 1.02100 -20.40458 2.58015 -4.57252 
0.00403 -0.00269 1.00305 -14.66412 6.45038 2.05344 
0.02222 0.02502 0.91333 -6.32061 9.70992 2.67176 
0.01196 0.04028 0.90784 -7.06870 8.67939 -0.58015 
-0.02295 0.02380 0.91553 -7.84733 2.53435 -0.70992 
-0.01233 0.04138 0.92761 0.29771 -3.80153 4.03053 
0.00610 0.03589 0.91333 3.74046 -5.35115 7.25954 
0.01379 0.04443 0.91272 4.39695 -5.03817 6.51145 
0.03137 0.03784 0.87793 -0.59542 -11.11450 5.60305 
0.04407 0.02637 0.86499 -5.77863 -19.61069 2.61069 
0.05444 0.01013 0.92993 -6.68702 -22.89313 -0.12214 
0.04395 0.02563 0.99609 -2.00763 -6.09924 -0.15267 
0.00525 0.03833 0.98987 5.03817 13.45038 2.77099 
-0.02209 0.05554 0.94824 8.03053 22.17557 6.99237 
-0.03162 0.06165 0.97644 10.79389 15.88550 9.61069 
-0.01575 0.04333 1.00342 11.25191 11.49618 11.49618 
-0.02173 0.05017 1.03870 11.29008 11.35878 10.92366 
-0.03503 0.04236 1.00525 8.61832 8.67939 10.97710 
-0.01001 0.05103 0.99304 6.32824 5.27481 11.69466 
-0.01331 0.05713 1.01111 4.38168 7.11450 11.73282 
0.01038 0.05334 1.01001 4.08397 18.12977 11.94656 
0.01636 0.03479 0.99451 5.51908 22.29771 11.94656 
0.00867 0.04736 0.94336 7.82443 19.60305 14.67939 
0.01465 0.07092 0.91870 6.98473 12.09160 16.03053 
0.04272 0.05469 0.96899 18.08397 2.31298 11.19084 
0.03845 0.05762 0.94788 28.02290 1.81679 9.67939 
0.02344 0.08948 0.89368 26.12977 5.93130 12.32824 
0.05701 0.12683 0.89246 13.57252 10.03817 10.61832 
0.13196 0.16064 0.77808 0.16031 6.10687 -1.15267 
0.42688 0.06189 0.50769 -27.65649 -22.35878 -23.64886 
0.08142 0.02795 0.99744 2.76336 -30.80153 -43.57252 
0.05078 0.07776 0.89697 15.71756 -1.49618 -28.30534 
-0.10425 0.02063 0.92590 7.75573 20.27481 -8.96947 
-0.18884 0.21399 0.95239 16.51145 28.86259 10.81679 
-0.01819 0.07214 1.04712 11.05344 20.73282 14.07634 
0.05530 0.04321 1.08447 5.90076 25.38931 -3.84733 
-0.04114 0.08557 0.96680 -2.49618 26.32825 -14.75572 
0.01013 0.30591 1.08423 -7.44275 27.39695 -5.07634 
-0.07446 0.17969 1.13306 -20.47328 40.25191 5.86260 
-0.09204 0.11096 1.18567 -44.42748 25.16794 5.63359 
-0.21814 0.07861 1.02100 -54.03053 -13.93130 7.61069 
-0.08276 0.05859 1.08704 -37.45038 -41.95420 1.67939 
-0.08936 -0.01306 1.03271 -49.43512 -39.86259 1.28244 
-0.00708 -0.00354 0.99976 -32.61832 -34.09924 2.15267 
0.00513 -0.00635 0.97815 -10.94656 -29.19847 7.20611 
-0.00195 -0.04797 0.95117 3.32824 -22.79389 9.34351 
0.03198 -0.06934 0.96448 6.32824 -17.14504 5.07634 
0.03125 -0.06592 0.91626 4.51908 -13.74809 -1.69466 
0.01819 -0.05286 0.92065 2.64885 -14.39695 -3.67939 
0.00293 -0.04089 0.92224 -4.58779 -16.83969 -4.36641 
0.01746 0.01111 0.92444 -11.70229 -18.89313 -4.51908 
0.01416 0.01318 0.90320 -13.96183 -19.58779 -2.20611 
0.04163 0.00525 0.85510 -4.06107 -19.44275 0.22901 
0.05579 -0.01807 0.84961 7.74809 -16.68702 0.38168 
0.05481 -0.02295 0.84070 16.02290 -14.09924 -2.67939 
0.04810 0.02856 0.82019 14.38931 -9.98473 -4.59542 
0.07153 0.05188 0.82764 9.04580 -4.68702 -2.31298 
0.06873 0.03992 0.82678 5.74809 4.90840 0.27481 
0.07971 0.02124 0.84009 10.98473 9.70992 0.32824 
0.06470 0.02771 0.80676 19.13741 13.41985 1.58779 
0.06226 0.01440 0.79211 20.06870 15.83206 3.03817 
0.07239 -0.01343 0.83081 10.95420 19.47328 0.00763 
0.04944 0.00049 0.86609 6.02290 19.74046 -3.16031 
0.02686 0.02783 0.85010 3.49618 15.35114 -2.08397 
0.02014 0.04236 0.84302 6.48092 9.09924 1.53435 
0.03320 0.01953 0.85205 11.64886 6.61832 1.99237 
0.03015 0.00500 0.84985 10.58779 5.80916 -1.02290 
0.02393 0.01392 0.86230 -0.16794 -0.04580 -5.21374 
0.03381 0.03174 0.84131 -15.12214 -9.40458 -6.21374 
0.03491 0.04895 0.82874 -16.94657 -10.68702 -5.05344 
0.03052 0.04517 0.82056 -12.64886 -7.78626 -2.70992 
0.01685 0.04602 0.82690 -3.16031 -3.03817 -1.95420 
0.00061 0.04797 0.84265 -1.85496 1.02290 -0.08397 
0.01501 0.03589 0.84888 -1.00000 3.41221 1.67176 
0.04395 0.00598 0.84143 0.60305 3.82443 2.15267 
0.03308 -0.00208 0.84265 0.99237 3.26718 0.32824 
0.00366 0.02014 0.84851 -3.07634 4.93893 -0.77099 
0.00073 0.04468 0.87292 -6.48092 7.46565 -0.06107 
0.01367 0.03174 0.88770 -2.07634 9.63359 1.54198 
0.02686 0.02820 0.88342 4.64122 8.16031 1.83206 
0.02661 0.01709 0.89050 7.29008 6.50382 1.19084 
0.01074 0.03442 0.90271 7.42748 6.13740 -0.73282 
-0.00671 0.07520 0.94629 5.48855 4.78626 1.61832 
-0.00061 0.06250 0.92358 5.05344 0.42748 5.75573 
0.00513 0.04956 0.89185 7.58015 -2.08397 7.46565 
0.02258 0.02429 0.87390 9.87786 -2.61069 6.90076 
0.01355 0.02441 0.87305 7.36641 0.46565 3.51145 
0.01306 0.04456 0.90869 2.17557 0.12214 1.62595 
0.02026 0.05908 0.90173 -5.38168 -3.29008 1.29008 
0.02710 0.05994 0.87708 -6.57252 -6.08397 2.61069 
0.04663 0.04553 0.88159 -4.97710 -1.92366 4.44275 
0.03394 0.03516 0.90979 -3.67939 3.29008 4.58015 
0.03210 0.01929 0.92407 -3.37405 6.03817 3.94656 
0.03271 -0.00439 0.91675 -5.07634 4.98473 1.93893 
0.02600 -0.03516 0.84875 -10.22901 -1.44275 -0.62595 
0.01599 -0.05542 0.78052 -12.32061 -3.38168 -4.33588 
-0.02039 -0.07166 0.62317 -14.48092 -3.04580 -11.63359 
-0.06213 -0.08362 0.46570 -15.04580 1.41221 -16.64122 
-0.11719 -0.11877 0.30457 -26.19847 7.69466 -17.62595 
-0.22009 -0.08569 0.21899 -50.55725 15.45802 -17.36641 
-0.11047 -0.09033 -0.30737 -54.89313 29.27481 -11.62595 
-0.06458 0.01160 -0.18872 -9.06107 41.54962 -2.77099 
0.04761 0.03357 -0.14258 5.68702 68.70229 -8.31298 
0.04810 0.03564 -0.12231 3.51908 81.86259 -15.78626 
0.04590 0.04541 -0.10486 -9.48092 92.96947 -22.65649 
0.05066 0.03052 -0.09338 -36.95420 106.29008 -28.06107 
0.05444 0.02637 -0.09741 -49.72519 115.86259 -27.18321 
0.04639 0.03149 -0.09424 -62.73283 126.80916 -20.21374 
-0.70813 1.99994 1.99994 250.12978 -53.24427 6.91603 
-0.69470 -0.44592 1.99994 -140.83206 -250.13741 -69.83969 
0.36572 0.04443 1.88464 115.59542 -250.13741 -68.10687 
0.09192 -0.70398 1.67151 63.39695 -167.09924 -24.12977 
-0.05054 -0.07190 1.12219 34.69466 -32.84733 3.43511 
-0.04236 0.14478 1.17578 -20.28244 12.48092 2.44275 
-0.17151 -0.08154 1.99994 -250.13741 5.02290 30.91603 
0.23328 -0.79163 1.44641 10.50382 -14.86260 69.66412 
0.40942 0.40271 0.83130 143.96947 23.80916 14.00763 
0.20374 0.35425 0.57947 70.85497 48.51145 -14.70229 
0.00366 0.21887 0.66467 32.79389 32.41985 -4.04580 
0.03320 0.22949 0.74512 -0.39695 21.62595 11.37405 
0.11438 0.10706 0.95984 -16.83969 25.18321 13.17557 
0.07837 0.04138 1.07288 -14.40458 30.65649 11.88550 
0.06787 0.00159 0.86804 -13.62595 20.96183 0.64885 
0.04236 0.06494 0.80029 -10.56489 3.32824 -10.28244 
0.01953 0.06055 0.88098 -12.32061 -13.55725 -14.07634 
0.03650 0.03613 0.93250 -14.54962 -10.31298 -5.70992 
0.06885 0.02271 0.95850 -16.16031 0.14504 3.60305 
0.06812 -0.02307 0.97510 -7.22137 5.25191 2.53435 
0.05005 -0.00732 0.93347 2.77863 6.21374 -0.41985 
0.04431 0.02087 0.89343 5.71756 4.89313 -2.64122 
0.02551 0.02478 0.89587 3.93893 1.36641 -3.36641 
0.00598 0.02258 0.91052 6.29771 -3.96183 -4.36641 
-0.00623 0.01501 0.91284 6.51145 -6.64122 -2.80916 
0.00964 0.02832 0.91809 0.45802 -4.18321 -0.56489 
0.01404 0.00769 0.91687 -5.51908 0.19084 0.44275 
0.02344 -0.00208 0.91882 -8.03053 2.24427 3.30534 
0.05493 -0.01868 0.93359 -6.15267 3.45802 4.27481 
0.07068 -0.02002 0.94214 -1.96183 8.16794 1.61832 
0.04456 -0.00330 0.91638 0.79389 10.08397 1.08397 
0.04077 0.00415 0.87744 -0.93130 7.54198 1.83969 
0.02295 -0.00232 0.91577 -0.40458 1.41985 2.47328 
0.02417 -0.01062 0.94446 2.03053 0.47328 2.03817 
0.02051 0.00525 0.92554 2.48092 1.96947 2.92366 
0.01599 0.01807 0.90540 1.83969 1.29771 4.83969 
0.02698 0.01245 0.89722 2.04580 -1.54962 7.08397 
0.06409 0.02185 0.93274 6.81679 -3.26718 6.19847 
0.06775 0.01587 0.95032 7.07634 1.87786 0.98473 
0.05603 -0.00891 0.91345 2.74809 7.87786 -2.13740 
0.00757 -0.00647 0.89880 -1.07634 6.43511 -1.92366 
-0.00439 -0.00598 0.93811 2.30534 1.32824 0.88550 
-0.00696 -0.00061 0.92261 6.59542 3.32061 4.86260 
-0.01550 0.01086 0.90808 2.59542 8.06107 8.83969 
-0.00317 -0.00525 0.92444 -1.20611 9.75572 12.00763 
0.01270 -0.01294 0.91016 -4.01527 8.91603 13.09160 
0.04102 -0.01343 0.95093 -4.30534 7.39695 11.98473 
0.04224 -0.00781 0.99744 2.83969 8.86260 10.08397 
0.05774 -0.00916 0.97498 9.69466 10.83969 13.60305 
0.09009 0.00317 0.95081 13.55725 14.17557 15.96183 
0.11121 0.04175 0.92859 6.48855 17.75573 12.61832 
0.09338 0.05786 0.98547 11.43511 15.41221 4.31298 
0.10535 0.04431 0.95081 18.90840 16.96183 0.59542 
0.23218 0.14978 0.68726 1.60305 8.63359 -16.33588 
0.14050 -0.05151 0.87817 -1.00763 -7.32061 -35.78626 
0.03125 0.06799 0.95496 4.24427 -1.36641 -37.45038 
-0.07922 0.03198 1.04578 -1.45802 18.51145 -22.90076 
-0.12195 0.02356 1.02783 0.58779 31.98473 -4.91603 
-0.08765 0.01611 0.89819 0.54198 33.62595 8.59542 
-0.02551 0.05811 0.80664 7.90076 15.37405 11.01527 
0.09692 -0.05237 0.81580 5.48855 3.29771 1.77099 
0.02930 0.04614 0.95459 9.54198 -3.81679 -4.44275 
-0.09973 -0.00171 0.92297 7.87023 5.45802 -12.19847 
-0.16101 -0.08337 1.00244 10.16031 11.29008 -3.19084 
-0.00647 0.32178 1.01477 22.29008 13.56489 2.80916 
0.03943 0.13354 1.05981 15.62595 19.05343 -20.48855 
0.09534 0.00134 1.05054 21.62595 19.22901 -38.88550 
-0.22925 0.25330 0.95117 24.48092 1.48092 -2.83969 
-0.11011 0.16357 1.00635 -3.57252 -5.48855 4.18321 
-0.04175 0.10413 1.04956 -33.27481 -5.90076 4.25954 
-0.03271 0.03735 0.93176 -42.80153 -16.67939 1.64885 
0.00391 -0.03809 0.96216 -28.54198 -33.49618 -4.39695 
0.01135 -0.00854 0.95435 -47.33588 -21.53435 -9.30534 
0.02197 -0.00342 0.89197 -42.12977 -11.77099 -11.71756 
0.00415 0.02051 0.84985 -38.35115 -2.32061 -6.69466 
0.03101 0.01343 0.91260 -38.57252 5.88550 -5.70992 
0.05139 -0.00232 0.96252 -39.16031 11.32061 -7.16794 
0.03467 -0.01038 0.98254 -21.03053 10.03817 -5.39695 
-0.00818 -0.00952 0.98511 4.61832 8.72519 -0.25954 
-0.02356 0.00476 0.99634 20.18321 14.65649 5.43511 
-0.02771 -0.00818 1.00537 22.59542 18.66412 7.66412 
-0.04248 -0.04871 1.00427 22.65649 17.77099 7.59542 
-0.04163 -0.04248 0.99890 16.73282 13.12214 1.29771 
-0.07446 -0.00281 0.99243 3.63359 11.45038 -2.03817 
-0.09387 -0.02222 0.91638 -2.31298 11.53435 -2.95420 
-0.10535 -0.00232 0.92444 5.68702 11.43511 -2.49618 
-0.08826 -0.00366 0.92224 5.19084 15.98473 -0.22137 
-0.04858 -0.05615 0.97119 1.52672 15.94656 -2.07634 
-0.07507 -0.06360 0.99146 0.23664 10.97710 -9.24428 
-0.08472 -0.04150 0.96228 -6.27481 -4.70229 -11.74046 
-0.09131 -0.04065 0.92896 -10.19084 -13.80916 -9.99237 
-0.06177 -0.06592 0.86377 -14.25191 -11.88550 -8.60305 
-0.05859 -0.04724 0.87769 -4.83206 -2.81679 -9.00000 
-0.07190 -0.00354 0.93298 5.79389 4.25191 -5.28244 
-0.07300 0.01685 0.93774 9.46565 0.90076 -0.67939 
-0.07617 0.01672 0.90747 7.66412 -6.58015 5.42748 
-0.02258 -0.02612 0.86157 -1.35115 -11.15267 9.52672 
-0.00037 -0.05469 0.88086 0.25191 -9.89313 8.76336 
-0.01660 -0.04810 0.85144 0.91603 -10.62595 6.83969 
-0.04614 -0.02197 0.81738 -4.46565 -13.91603 7.38931 
-0.05566 -0.01501 0.78589 -8.77099 -13.16794 9.23664 
-0.07813 -0.03479 0.78589 -5.32824 -5.05344 10.89313 
-0.07922 -0.04175 0.83704 0.87023 1.16031 11.62595 
-0.07373 -0.02759 0.87915 11.74046 -1.11450 11.63359 
-0.04871 -0.02515 0.86255 12.22137 -9.39695 12.13740 
-0.03955 -0.02502 0.82019 3.67939 -15.81679 9.95420 
-0.04016 -0.03027 0.80164 -3.89313 -15.77099 6.57252 
-0.01123 -0.04285 0.82446 -4.11450 -12.81679 1.54962 
0.03064 -0.00830 0.83728 -2.80916 -13.51908 -4.27481 
0.04956 0.00293 0.81775 -5.75573 -16.26718 -5.94656 
0.05029 0.00439 0.81824 -3.61832 -14.58779 -8.58779 
0.03479 0.00769 0.82495 -3.39695 -11.04580 -8.87786 
0.03076 0.00732 0.83276 -4.59542 -7.87023 -8.09160 
0.06799 -0.00854 0.83765 -7.33588 -6.42748 -4.72519 
0.06958 -0.03516 0.83362 -6.39695 -5.87023 -4.00763 
0.05432 -0.02832 0.81775 -3.40458 -4.67176 -6.48092 
0.03992 -0.02136 0.82898 -5.00763 -2.79389 -7.24427 
0.04077 -0.00024 0.85901 -6.27481 1.52672 -8.01527 
0.03015 0.00879 0.88416 -7.56489 0.89313 -5.46565 
0.04749 -0.00342 0.88818 -3.20611 -0.21374 -1.85496 
0.04712 -0.01306 0.87805 5.16794 -1.12214 1.12214 
0.02869 -0.00696 0.86621 6.60305 0.96947 3.12977 
0.02148 -0.00061 0.88928 5.29771 2.98473 3.61832 
0.03491 -0.00391 0.92590 5.54198 2.40458 3.71756 
0.16931 0.07129 0.94067 6.08397 -0.26718 4.31298 
0.08081 -0.13391 0.96509 16.77863 14.22901 12.76336 
-0.17236 -0.05029 0.93872 26.75573 26.12214 0.10687 
-0.09180 0.02637 0.97437 13.70229 19.52672 -1.93130 
-0.08923 -0.00256 0.98792 6.74809 12.66412 -1.00000 
-0.06445 -0.03210 0.97144 2.80153 3.87023 3.47328 
-0.02917 -0.04590 0.88831 5.82443 -7.08397 6.96947 
-0.01086 -0.03662 0.83191 8.73282 -7.74046 6.93893 
0.01001 -0.01563 0.80774 11.67939 -1.37405 5.63359 
0.00684 0.01392 0.82825 10.45038 14.05344 2.14504 
0.00427 0.04504 0.87659 7.22901 23.25191 -2.04580 
0.00769 0.07935 0.92896 0.94656 25.25191 -4.77099 
-0.00867 0.09937 0.98401 -3.61069 19.03053 -3.01527 
-0.00049 0.09143 0.97974 -5.52672 11.36641 0.90076 
-0.00500 0.06104 0.95984 -4.60305 4.84733 5.22137 
-0.00867 0.03113 0.90759 -2.54962 1.15267 7.64122 
0.00452 0.00098 0.90662 -3.96183 2.44275 8.05344 
0.01440 -0.02466 0.90820 -5.90840 5.03053 7.12977 
0.00891 -0.05432 0.93518 -6.59542 7.58779 5.63359 
0.00281 -0.06519 0.94458 -4.44275 8.29771 3.01527 
-0.00500 -0.05859 0.94836 -2.93893 6.47328 1.09924 
-0.01257 -0.03345 0.94788 -0.85496 3.51908 -0.93130 
-0.01697 -0.01062 0.93652 -2.34351 -0.79389 -0.80153 
-0.01733 0.00610 0.91748 -2.35115 -1.27481 -0.13740 
-0.02368 0.01392 0.91003 -1.30534 0.61832 1.64122 
-0.02429 0.00854 0.91443 1.22901 3.26718 2.56489 
-0.02527 -0.00244 0.91821 2.82443 4.88550 3.32824 
-0.03040 -0.00732 0.92224 3.78626 4.75573 2.54962 
-0.02686 -0.00146 0.92517 2.01527 1.66412 2.35115 
-0.03418 -0.00171 0.91211 0.30534 -0.35878 2.51908 
-0.02930 -0.01294 0.91736 -1.12214 0.48092 2.08397 
-0.03259 -0.01355 0.93091 -0.58015 3.85496 1.06107 
-0.03113 -0.00879 0.94238 -0.25191 4.93130 0.89313 
-0.03320 -0.01074 0.94897 1.25954 3.67176 0.77099 
-0.03259 -0.00464 0.93884 2.83969 1.22901 0.42748 
-0.02856 0.00000 0.93481 2.87786 -1.35115 0.09160 
-0.01904 -0.00183 0.92310 1.19084 -3.21374 0.61832 
-0.01196 -0.00354 0.91418 -1.08397 -3.85496 1.16031 
-0.00488 -0.00378 0.90710 -1.00000 -3.65649 0.63359 
-0.01294 -0.00452 0.89868 -0.16794 -2.45802 -0.04580 
-0.01965 0.00122 0.90515 0.44275 0.29771 -1.19847 
-0.02246 0.00879 0.90198 0.60305 1.41221 -1.48855 
-0.02234 0.01245 0.91089 0.25191 2.36641 -1.04580 
-0.01270 0.01318 0.90759 0.15267 2.61069 0.28244 
-0.01453 0.01355 0.91016 0.86260 2.68702 1.31298 
-0.01465 0.00732 0.91260 1.01527 3.32824 1.54198 
-0.01270 0.00232 0.92517 1.69466 4.12977 1.07634 
-0.01294 0.01270 0.92151 1.21374 3.32061 0.38168 
-0.02466 0.01221 0.92725 1.19847 2.29771 0.18321 
-0.01709 0.01514 0.91858 1.12214 1.27481 0.38168 
-0.01440 0.00793 0.92224 1.29771 1.11450 0.77099 
-0.00989 0.00610 0.91602 2.36641 0.97710 1.54962 
-0.00940 0.00134 0.91064 2.02290 0.67176 1.63359 
-0.00793 -0.00330 0.90771 0.58779 1.08397 1.11450 
-0.01440 0.00281 0.91150 -0.15267 1.20611 0.04580 
-0.02063 0.00842 0.90649 -1.01527 0.70992 -0.45802 
-0.02295 0.01331 0.90564 -0.92366 1.34351 -0.49618 
-0.01978 0.01965 0.91223 -0.76336 1.89313 -0.21374 
-0.02173 0.02124 0.92017 1.01527 3.18321 0.61069 
-0.02856 0.01794 0.92236 0.90840 3.14504 1.52672 
-0.02161 0.01208 0.92297 0.46565 2.39695 1.93130 
-0.02930 0.01331 0.92139 0.30534 1.15267 1.22137 
-0.02539 0.00964 0.91626 -1.40458 0.22901 0.80153 
-0.02649 0.01367 0.91565 -1.00000 0.72519 0.75573 
-0.03223 0.02075 0.91052 -0.38168 1.56489 1.25191 
-0.02954 0.01257 0.91907 -0.14504 2.37405 1.97710 
-0.02942 0.01379 0.92151 -0.45802 2.74046 1.77099 
-0.02112 0.00684 0.92419 -0.71756 1.53435 2.00000 
-0.01550 0.00354 0.92017 -0.06107 -0.03817 2.07634 
-0.01660 0.00574 0.90857 -0.68702 -0.51145 1.65649 
-0.02209 0.00891 0.90564 -1.01527 0.19847 1.40458 
-0.03027 0.01819 0.91357 -0.71756 2.62595 1.78626 
-0.02466 0.01221 0.92419 -0.31298 3.70992 2.22901 
-0.02832 0.00781 0.93213 0.31298 3.21374 2.77863 
-0.02039 -0.00061 0.93298 0.65649 1.32824 3.52672 
-0.01733 -0.00928 0.91895 1.16794 -0.60305 3.42748 
-0.01367 -0.01135 0.91040 0.26718 -0.81679 2.35878 
-0.01636 -0.00269 0.90222 -0.98473 -0.27481 1.10687 
-0.01941 0.01416 0.90625 -1.55725 1.86260 0.01527 
-0.02271 0.02734 0.91370 -0.94656 3.56489 0.49618 
-0.02112 0.02722 0.92163 0.05344 3.67176 1.74046 
-0.01868 0.01807 0.91699 1.26718 2.19084 3.00000 
-0.02002 0.00903 0.91589 0.98473 1.19084 3.06870