 4.77099 2.06870 
0.05750 0.96985 0.06433 -7.72519 8.26718 0.41985 
0.04089 0.99316 0.07617 -6.84733 9.98473 1.09160 
0.04041 1.02307 0.10132 -14.00000 11.17557 1.09924 
0.02502 1.00098 0.10608 -16.17557 9.80916 0.81679 
0.04846 0.97339 0.09082 -13.28244 6.54198 0.83206 
0.07495 0.98145 0.08313 -10.35114 6.45038 1.87786 
0.07043 0.97595 0.07800 -19.48855 9.75572 4.53435 
0.05896 0.97339 0.04602 -27.09160 19.48855 1.37405 
0.07251 0.98596 0.06750 -30.29771 30.09924 -2.99237 
0.09314 0.98096 0.11353 -33.48092 40.36641 3.01527 
0.01575 0.96765 0.18677 -41.88550 43.17557 21.22137 
-0.01172 0.96338 0.18018 -43.82443 41.74809 30.83206 
0.05042 0.99646 0.12122 -50.23664 36.44275 30.10687 
0.04846 0.99866 0.11926 -69.23664 41.67176 21.59542 
0.01624 0.97937 0.09460 -82.74046 54.67939 12.42748 
-0.00793 0.97034 0.18323 -120.74809 77.50381 0.31298 
-0.03601 0.90918 0.27429 -141.62596 94.65649 0.63359 
-0.06982 0.90564 0.25952 -111.46565 85.67939 -3.56489 
0.06274 0.83496 0.30725 -82.55725 62.94656 -10.50382 
-0.07947 0.79797 0.31958 -50.35878 43.05344 -22.47328 
-0.11475 0.78455 0.28967 -29.00000 46.24427 -13.18321 
-0.04456 0.91785 0.35754 12.86260 43.29008 -11.29008 
-0.02881 0.91016 0.40796 27.70229 36.54962 -11.22901 
-0.04285 0.81140 0.26465 27.54962 24.89313 -3.41985 
0.01892 0.72705 0.11584 45.48855 19.44275 -2.63359 
-0.04553 1.00232 0.20471 89.21374 25.76336 -2.67176 
-0.00745 1.16663 0.44226 89.26717 32.28244 -4.48092 
-0.05359 1.07312 0.35510 58.08397 25.81679 1.45038 
-0.04443 1.01526 0.23633 55.59542 12.54962 8.00763 
0.00854 0.86865 0.07263 50.35878 10.87786 12.11450 
0.02222 0.92920 0.09607 58.75573 30.54962 4.70992 
0.03857 1.01123 0.22791 67.16794 43.25191 6.93130 
-0.10217 0.98425 0.35437 60.51145 15.87023 21.56489 
-0.14819 0.98389 0.28284 34.11450 -38.70992 30.00763 
-0.11755 1.00659 0.17407 42.64122 -134.92366 28.52672 
0.03784 0.90430 0.07947 24.98473 -157.03816 17.74046 
0.10535 0.92493 -0.09741 21.87786 -174.78625 9.67176 
0.16675 1.10388 0.22559 40.11450 -219.39694 -9.65649 
0.06824 1.17139 0.41785 13.69466 -199.46565 -20.83206 
0.00671 1.04028 0.34070 -36.42748 -108.91603 -18.12977 
0.06714 0.94556 0.18286 -22.39695 -34.92366 -20.80916 
0.12793 0.92664 -0.01831 34.17557 23.54962 -16.99237 
0.10571 0.94922 -0.01892 74.16794 24.24427 -2.42748 
0.06494 0.96545 0.09863 126.80153 0.46565 12.34351 
0.11072 0.99512 0.11157 112.20611 -11.83969 16.49618 
0.02576 0.89612 -0.01807 91.80916 -37.84733 19.71756 
-0.01831 0.82178 -0.10791 88.80916 -78.83206 21.77099 
0.05750 0.95483 -0.06677 97.19084 -134.76335 26.58779 
0.13428 1.07214 0.05090 84.90839 -161.80153 32.00000 
0.16650 1.04749 0.14624 60.35115 -160.38931 40.74809 
0.07898 1.07300 0.08508 38.13741 -77.75572 18.22901 
0.05566 1.03552 -0.13818 0.55725 -8.44275 2.32824 
0.10156 0.98499 -0.23889 -12.87023 33.01527 3.19847 
0.05273 0.96204 -0.19336 -8.19084 36.22137 7.40458 
0.02405 1.05884 -0.09180 -4.59542 27.70229 2.70229 
0.12451 1.06665 -0.02515 -8.06107 24.71756 -12.17557 
0.11780 1.04138 -0.05981 3.87023 23.61069 -15.51908 
0.06995 0.99866 -0.11316 -5.58015 9.90840 -7.47328 
0.09375 0.97437 -0.10291 -16.98473 7.05344 -1.81679 
0.04358 0.97302 -0.08276 -25.17557 12.77099 0.44275 
0.04468 1.04260 -0.03491 -41.54962 29.29771 -3.75573 
0.04578 1.04956 -0.06543 -52.00000 31.51145 -11.85496 
0.07300 1.01489 -0.08716 -54.60305 28.41221 -16.77863 
0.09131 1.01758 -0.05579 -38.86259 26.61832 -11.56489 
0.05127 1.01917 -0.01831 -18.67939 21.66412 -1.58779 
0.01501 0.97656 0.02039 -20.09924 17.48092 -0.35115 
0.01135 0.99829 -0.02051 -26.13741 16.58779 -11.47328 
0.05615 1.03394 -0.04077 -16.83969 12.61832 -16.90840 
0.07434 1.05383 0.02014 -5.61069 8.00763 -1.92366 
0.05066 1.03442 0.03943 -5.19847 6.54198 7.08397 
0.00757 0.96863 0.00806 -11.66412 5.29008 8.32824 
-0.01990 0.94617 0.00659 -8.76336 4.85496 5.08397 
-0.00513 0.97119 0.02026 -3.15267 -0.52672 -4.83206 
0.02698 1.00256 0.02551 -1.66412 -6.89313 -9.65649 
0.05664 1.00647 -0.00012 -3.22901 -9.87786 -8.87023 
0.06006 1.00085 -0.02649 4.83969 -8.39695 -5.55725 
0.04956 0.98560 -0.02185 7.34351 -5.61832 -1.58015 
0.04712 0.99011 -0.00037 0.09924 0.52672 0.46565 
0.06274 1.01392 -0.03735 -2.75573 1.77863 -0.19847 
0.08398 1.01489 -0.01270 -1.38931 -0.29771 4.01527 
0.06409 1.00281 0.02307 -4.04580 0.52672 10.19084 
0.01416 0.97693 0.04553 -11.17557 5.22137 8.59542 
0.02856 0.96948 0.00867 -13.57252 4.49618 3.12977 
0.05786 0.96741 -0.01196 -12.53435 0.45038 1.46565 
0.07629 0.97852 0.00317 -9.46565 -0.15267 3.82443 
0.05750 0.98926 0.01831 -7.67939 2.77863 5.35115 
0.04395 0.97925 0.01331 -6.18321 4.90076 4.56489 
0.04004 0.95825 0.02209 -2.22137 4.80916 3.54962 
0.04749 0.93408 0.06543 4.53435 3.93130 2.61069 
0.04773 0.89001 0.08545 6.22137 3.21374 4.72519 
0.03528 0.81689 0.09192 2.59542 2.87786 7.25191 
0.00769 0.66235 0.08105 4.06870 3.03817 8.64122 
-0.02795 0.57446 0.07275 16.11450 3.05344 9.19084 
-0.01184 0.45691 0.01465 33.93893 6.93893 4.77099 
0.00342 0.35181 -0.12598 45.64885 10.50382 2.77863 
-0.00732 0.18115 -0.23218 84.89313 6.67176 1.55725 
0.12561 -0.01123 -0.25342 189.63359 -9.21374 -9.26718 
0.00903 0.08447 -0.14514 211.70993 -18.12214 -20.04580 
0.00061 0.10742 -0.12598 153.26718 -28.17557 -28.79389 
-0.01501 0.07178 -0.14612 92.51145 -35.80153 -35.80916 
-0.03345 0.00842 -0.20874 60.23664 -44.72519 -47.35878 
-0.01489 0.03870 -0.18469 61.40458 -51.54962 -60.36641 
-0.23889 0.25183 -0.42273 73.54962 -61.77863 -81.38168 
0.40649 1.99994 -1.71057 -99.91603 -120.07633 -250.13741 
0.08496 1.99994 -0.42139 -45.10687 -192.59541 -250.13741 
0.09253 1.42175 0.12415 -57.38931 -180.48091 -250.13741 
0.02808 0.69934 0.10632 -102.84733 -140.91603 -250.13741 
-0.53760 -1.93726 -0.19495 250.12978 -104.77863 -109.68702 
-0.57788 1.13257 0.88293 250.12978 -108.70229 31.41985 
-1.00940 0.75171 0.49780 187.00000 19.45802 158.28244 
-1.06909 0.56482 -1.41541 -164.12213 -44.79389 162.41985 
-0.29883 0.99890 -0.28516 -137.06870 -92.87786 93.23664 
-0.75696 0.93066 -0.35596 -138.96184 -49.88550 63.80153 
-0.74475 0.79956 -0.23364 -111.04580 -9.81679 102.96183 
-0.77991 1.14795 -0.13770 -88.12977 -13.19847 84.52672 
-0.84729 0.62109 -0.19434 34.04580 -16.26718 6.76336 
-0.75159 0.40491 -0.15332 75.39695 -32.21374 10.73282 
-0.62756 0.67041 -0.00513 -8.29008 -24.55725 56.77863 
-0.66589 0.93152 -0.04102 -46.26717 -6.80153 57.30534 
-0.71484 0.98645 -0.00586 -18.53435 0.47328 15.98473 
-0.61853 0.81274 -0.03430 0.93893 -0.58015 -8.12214 
-0.61401 0.65308 -0.12207 -27.16031 -2.15267 -0.72519 
-0.56018 0.74194 -0.04895 -44.54198 5.32061 13.07634 
-0.47070 0.89014 -0.13550 -19.87786 17.55725 12.96183 
-0.51575 0.80444 -0.09448 -15.74046 10.09924 16.32825 
-0.58386 0.82227 -0.09607 -42.08397 6.88550 31.53435 
-0.67920 0.83545 -0.16516 -43.29771 14.77099 46.55725 
-0.66541 0.89075 -0.03235 -36.29771 30.58779 76.27481 
-0.52368 0.91113 -0.01062 -17.61832 39.74046 106.63359 
-0.47351 0.86353 -0.11853 -14.67176 35.64885 118.87786 
-0.51318 0.91077 -0.04956 -3.51145 23.66412 92.61069 
-0.69409 1.04309 -0.04846 -1.68702 11.76336 65.01527 
-0.64063 0.94324 -0.11523 -6.48092 18.35114 109.85497 
-0.39441 1.01807 -0.08289 -4.67176 48.22901 186.20610 
-0.26013 1.05127 -0.07996 -1.84733 56.36641 162.97710 
-0.15442 1.04980 -0.10840 5.03053 53.26717 109.41985 
-0.07397 0.94971 -0.13184 1.03053 39.48855 106.70992 
-0.06921 0.88611 -0.16663 -12.23664 20.32061 102.20611 
-0.11255 0.98120 -0.14441 -17.41221 15.35878 64.15267 
-0.13428 1.12341 -0.06421 -27.33588 31.65649 7.60305 
-0.08997 1.09448 -0.01050 -12.92366 51.76336 -6.27481 
-0.08679 0.88586 -0.13245 -9.25954 52.26717 4.45802 
-0.01270 0.75464 -0.17419 -45.29008 43.81680 13.05344 
-0.17810 1.09424 -0.11121 -27.05343 34.93893 16.41985 
-0.24207 1.11975 -0.22021 -32.89313 15.11450 26.88550 
-0.20166 1.15820 -0.09619 -58.25191 22.25191 39.79389 
-0.17407 1.00977 -0.10339 -51.67176 21.74809 40.43512 
-0.09644 0.86975 -0.02942 -29.54962 9.15267 52.74046 
-0.05762 0.89917 0.13232 -10.37405 9.85496 62.15267 
-0.13660 1.03442 0.10156 -36.80916 30.64122 63.90840 
-0.14758 1.02625 -0.05066 -73.20611 40.93130 41.38168 
-0.11572 0.94653 -0.05066 -84.21374 33.12214 32.94656 
-0.06946 0.96924 -0.04407 -69.50381 33.15267 29.46565 
-0.07227 1.01440 -0.02319 -45.80916 37.25191 21.48092 
-0.02527 1.05396 0.06982 -33.80153 41.37405 16.87023 
0.02722 1.06604 0.13416 -31.80153 44.19847 15.83206 
0.02698 1.05042 0.15271 -36.81680 43.74046 23.85496 
0.01099 1.05579 0.15283 -45.79389 46.52672 32.04580 
-0.05603 1.02405 0.14294 -56.38168 51.19847 37.51145 
-0.08716 0.97534 0.13501 -47.12214 47.46565 30.48855 
-0.04993 0.91748 0.15112 -30.03817 38.35878 21.71756 
-0.01111 0.95569 0.18921 -9.51908 32.86259 14.19847 
0.00037 0.99121 0.20007 5.21374 30.17557 9.61832 
-0.00317 0.99512 0.15613 33.01527 13.47328 10.63359 
-0.05005 1.00879 0.16882 40.90840 -0.38168 12.74809 
-0.03577 0.98291 0.15979 28.73282 -5.90076 10.14504 
0.00745 0.97266 0.12158 13.43511 -0.22901 5.10687 
0.02234 0.97815 0.11328 11.73282 4.51908 5.88550 
0.01599 0.97754 0.14099 13.41221 4.41221 9.09160 
-0.01208 0.96790 0.14417 4.48092 3.29771 10.90076 
-0.03162 0.96191 0.11755 -7.95420 2.78626 4.68702 
-0.02405 0.96741 0.09961 -9.00000 -0.23664 -2.10687 
0.03186 0.97192 0.10474 -5.96947 -5.02290 -3.72519 
0.05835 0.96692 0.10706 -8.31298 -3.13740 6.35878 
0.02283 0.93823 0.09729 -17.25954 6.19847 16.32061 
-0.01135 0.90149 0.08423 -22.13741 14.20611 18.09924 
-0.03809 0.85486 0.10388 -15.32824 12.45038 12.74809 
-0.04187 0.85034 0.12195 -3.58015 5.51145 6.28244 
-0.00476 0.88867 0.14185 8.48855 -3.89313 -0.61832 
0.03906 0.90710 0.15479 4.61832 -7.23664 -0.23664 
0.04224 0.91199 0.14563 -8.38931 -3.93130 3.89313 
0.02380 0.89233 0.11084 -14.29771 -0.86260 10.23664 
0.00171 0.89258 0.08789 -9.67939 -4.21374 13.11450 
-0.00732 0.89368 0.08313 -12.41221 -4.07634 13.91603 
0.04968 0.95422 0.12476 -27.36641 7.52672 14.88550 
0.04419 0.94751 0.11145 -32.19084 12.88550 19.40458 
0.00110 0.89905 0.11108 -21.58015 8.82443 19.46565 
0.00293 0.89038 0.15906 -11.52672 6.72519 16.44275 
0.01074 0.89075 0.16638 -10.68702 8.20611 12.22901 
0.00146 0.89038 0.13330 -8.30534 4.83969 5.45038 
0.00635 0.91418 0.12976 -6.87023 -0.03817 -0.27481 
0.04858 0.88940 0.11963 -5.00763 0.78626 -3.93130 
0.05249 0.90417 0.13696 1.74046 2.42748 -2.40458 
0.04065 0.93787 0.19348 -2.16031 3.99237 1.37405 
0.02991 0.95081 0.20154 -14.96947 6.49618 1.25954 
0.01587 0.96033 0.16504 -20.41985 5.96947 -0.06107 
0.03772 0.97668 0.16052 -13.83206 2.21374 -0.12214 
0.05225 0.98596 0.19031 -6.83206 -0.22137 3.87023 
0.04297 0.97961 0.20508 -4.04580 -0.99237 7.67939 
0.04565 0.96106 0.21619 -5.25954 -2.23664 6.45038 
0.05969 0.95752 0.23083 -5.90076 -3.11450 6.25191 
0.07227 0.97571 0.22754 -7.98473 -2.70992 7.56489 
0.08826 0.99805 0.17261 -10.07634 4.74809 11.46565 
0.00452 0.97339 0.10681 3.28244 18.23664 12.83206 
-0.00208 0.95508 0.12903 22.54962 15.44275 7.06870 
0.01025 0.94946 0.18665 38.62595 4.03053 1.18321 
0.09216 1.02588 0.34424 19.23664 -8.89313 3.22137 
0.06970 0.99927 0.27991 0.57252 -1.26718 6.96183 
0.01172 0.96997 0.18298 0.67939 4.88550 2.77099 
0.02856 0.98462 0.16614 13.66412 -2.43511 -3.88550 
0.05566 1.02307 0.24292 11.57252 -12.67939 -2.39695 
0.11572 1.00452 0.26025 -3.29771 -10.32061 -1.13740 
0.08606 0.99622 0.21191 -21.38168 -3.02290 7.12214 
0.01831 0.91626 0.10681 -14.04580 -3.54962 3.87023 
0.03613 0.94128 0.09521 12.35114 -7.77863 -2.48092 
0.05212 1.00903 0.22217 8.77863 -4.87786 -3.41221 
0.08655 0.98413 0.23120 -7.00000 -0.97710 -2.78626 
0.08618 0.97302 0.23584 -9.48855 -0.93893 0.67939 
0.04333 0.96765 0.18567 -3.55725 -2.78626 2.87023 
0.02307 0.92993 0.13977 13.09160 -6.83206 0.54962 
0.07666 1.00964 0.16577 12.87786 5.10687 1.72519 
0.02734 0.95459 0.16724 -1.57252 13.25954 4.63359 
0.02454 0.97217 0.15320 10.45038 7.83969 1.80916 
0.09570 1.03296 0.21631 11.10687 1.83969 6.01527 
0.08545 1.02222 0.22864 0.73282 1.03817 12.09924 
0.03979 0.98560 0.15784 -9.08397 9.69466 11.80153 
0.03430 0.96802 0.14734 -10.39695 15.82443 9.95420 
0.02881 0.94653 0.14038 -5.03053 10.38931 7.53435 
0.05481 1.00452 0.17493 -12.61832 9.74809 10.03817 
-0.02661 0.89795 0.14575 -28.12214 18.45802 11.20611 
0.06396 0.94055 0.15662 -9.10687 7.49618 5.13740 
0.04211 0.95703 0.16260 -4.09160 2.58779 3.08397 
0.07129 0.95410 0.17456 -2.37405 -3.47328 4.35878 
0.06665 0.94702 0.20374 -0.69466 0.03053 1.99237 
0.07776 0.96387 0.18945 3.22137 -2.80153 1.35115 
0.07629 0.97229 0.19104 10.67939 -8.17557 2.23664 
0.07703 0.99841 0.26282 9.67176 -3.89313 1.46565 
0.08337 0.99329 0.20593 -1.11450 -1.65649 2.78626 
0.08228 0.96924 0.19983 -1.12214 -5.90840 5.58015 
0.07788 0.97363 0.19080 0.70229 -6.87786 6.12214 
0.06299 0.95972 0.15698 0.36641 -2.45802 3.58779 
0.06042 0.96777 0.15710 -0.10687 5.22137 0.46565 
0.07532 0.97766 0.17334 7.15267 5.29771 -0.79389 
0.06897 0.99524 0.21838 7.74046 0.65649 0.32824 
0.07056 0.96228 0.16809 -0.58015 1.20611 0.98473 
0.04675 0.99841 0.13953 2.54962 0.38931 0.96183 
0.03284 1.04248 0.11975 9.79389 -7.06870 -0.06870 
0.04761 1.05591 0.14844 24.54962 -18.76336 -4.21374 
0.07043 1.05017 0.17395 39.16794 -27.17557 -9.51145 
0.05750 1.05725 0.18188 36.70229 -22.99237 -11.07634 
0.14282 1.10120 0.15674 34.48092 -16.81679 -9.99237 
0.22534 1.06689 0.14185 25.79389 0.16031 1.21374 
0.14832 1.13550 0.17554 9.00000 14.70992 24.32825 
0.03882 1.04626 0.14539 -9.08397 19.36641 24.36641 
0.04944 1.01794 0.14075 -4.93893 9.38931 16.03817 
0.07703 1.00134 0.14636 0.16031 0.90840 10.76336 
0.09485 0.97241 0.12842 10.74809 -0.88550 9.03817 
0.07617 0.94910 0.14905 25.46565 0.45038 5.88550 
0.07227 0.94067 0.15186 23.80916 -0.81679 1.23664 
0.08398 0.93945 0.13489 18.70229 -2.48855 -2.38168 
0.08313 0.93201 0.12134 16.78626 -3.77863 -5.74809 
0.07629 0.94080 0.10498 16.75573 -3.15267 -7.63359 
0.08240 0.93933 0.07178 15.84733 -2.55725 -8.99237 
0.07727 0.96130 0.07373 20.75573 0.86260 -10.05344 
0.09424 0.98315 0.10278 25.25954 3.38931 -9.77099 
0.09521 0.98340 0.11560 25.96947 1.90076 -5.54962 
0.07886 0.96033 0.10693 19.54198 -2.29771 -0.34351 
0.06836 0.95923 0.10193 11.45038 -2.09924 1.79389 
0.05554 0.95642 0.07568 5.84733 -0.74046 0.79389 
0.04138 0.95056 0.03918 7.72519 -2.03053 -0.45038 
0.04956 0.95532 0.06018 17.54962 -6.90840 -3.22901 
0.05908 0.97925 0.07605 18.38168 -5.70229 -3.50382 
0.07178 0.96924 0.06128 12.12977 -5.20611 -1.84733 
0.06189 0.94055 0.03479 7.93130 -5.93893 1.64885 
0.04260 0.95081 0.02209 6.32824 -4.21374 1.93893 
0.03760 0.96704 0.00623 6.16794 -1.83206 0.77099 
0.04333 0.99097 0.00464 11.32061 -1.03817 0.58779 
0.06262 0.98267 0.01587 13.81679 -1.94656 2.35115 
0.05298 0.95837 0.02795 10.98473 -2.69466 5.89313 
0.04028 0.92627 0.03442 6.87023 -1.69466 6.69466 
0.02502 0.94006 0.03772 2.90076 -1.06107 4.12977 
0.03833 0.95959 0.01147 -0.35878 -3.22137 0.98473 
0.05176 0.96704 -0.01038 -2.48092 -4.87786 0.42748 
0.06860 0.96106 -0.02783 -2.61832 -0.09924 0.26718 
0.06519 0.95093 -0.02051 1.66412 4.14504 0.70992 
0.05237 0.96057 0.02222 5.96183 4.17557 0.72519 
0.07544 0.97180 0.05505 5.48092 2.03053 0.99237 
0.08215 0.97583 0.02625 -3.54198 -1.20611 4.28244 
0.06946 0.96594 -0.00330 -7.74046 -0.70992 4.74809 
0.05981 0.96912 -0.00061 -8.36641 1.64122 3.33588 
0.05566 0.97278 0.00708 -5.90840 3.62595 0.32824 
0.06665 1.00745 0.02112 0.21374 3.35878 -2.80153 
0.09448 1.01306 0.02576 3.52672 2.17557 -2.17557 
0.09302 1.00098 0.03369 3.29771 2.11450 1.49618 
0.07629 1.00073 0.03967 2.00000 3.19847 3.53435 
0.06555 1.00562 0.04419 -2.20611 3.41221 3.34351 
0.06909 0.99683 0.03345 -5.03053 2.84733 3.06107 
0.07971 0.97961 0.03149 -6.60305 3.37405 3.67176 
0.07629 0.93994 0.03821 -7.12977 5.62595 4.56489 
0.06311 0.89978 0.05554 -6.58779 8.80916 3.51908 
0.07788 0.80078 0.08484 -5.43511 8.82443 3.68702 
0.07507 0.70337 0.09436 -0.63359 9.27481 5.61069 
0.08057 0.56323 0.04236 16.25191 4.41985 2.61832 
0.02637 0.29773 -0.08875 56.02290 -12.75572 0.85496 
-0.10840 0.18750 -0.33972 102.54198 -29.79389 1.62595 
-0.21045 0.03735 -0.45789 144.83206 -50.88550 -10.06870 
-0.03174 0.05530 -0.14319 250.12978 -71.56489 -26.89313 
0.01465 0.09460 -0.08081 208.80153 -76.61069 -39.12214 
0.00757 0.05713 -0.09351 140.38931 -81.33588 -46.41985 
-0.00781 0.03015 -0.16479 73.16031 -90.52672 -59.49618 
-0.18762 0.00647 -0.30078 28.60305 -113.19847 -73.10687 
1.54858 1.99994 -0.59692 217.51144 -210.00000 -250.13741 
-0.20984 1.99994 -2.00000 53.32824 -59.84733 -250.13741 
-1.03149 1.02051 -0.23682 -142.51909 23.15267 -167.81679 
-0.55725 0.58704 0.07568 -200.39694 -10.99237 22.10687 
-0.52808 1.01160 -0.06299 -178.71756 -18.28244 109.48092 
-0.39636 1.33960 -0.16382 -124.17558 -15.96183 94.12214 
-0.34924 1.27271 -0.23108 -56.35878 -14.31298 29.74809 
-0.17725 1.21716 -0.22021 -57.74046 -11.62595 27.86259 
-0.23877 1.01550 -0.15271 -66.32061 -6.18321 42.50382 
-0.24670 1.07300 -0.13464 -51.31298 -4.90840 40.99237 
-0.32959 1.06860 -0.15820 -77.94656 2.12214 34.38931 
-0.26355 1.19482 -0.09082 -75.85497 1.72519 45.23664 
-0.22766 1.20593 -0.04065 -13.71756 -2.48092 47.69466 
-0.22742 1.12280 -0.12793 17.20611 -1.56489 39.79389 
-0.21704 0.96216 -0.18530 1.65649 7.87786 41.42748 
-0.11047 0.94031 -0.16541 -14.80916 14.60305 50.98473 
-0.09229 0.92334 -0.08716 -3.31298 14.70992 50.98473 
-0.00610 0.99951 -0.15649 37.63359 4.61832 41.41985 
0.00220 1.05542 -0.17957 42.39695 -0.25191 32.72519 
-0.03320 0.99939 -0.23010 -0.79389 2.98473 24.95420 
-0.03650 0.96411 -0.08130 -20.97710 6.98473 25.11450 
0.01392 1.01611 -0.10291 -14.50382 7.74809 11.09160 
-0.00732 1.01257 -0.09106 -10.26718 4.41985 -3.80916 
-0.06897 1.03284 -0.11926 -11.67176 2.86260 -10.64122 
-0.10913 0.99438 -0.08752 -15.35114 8.79389 -3.24427 
-0.08337 0.99451 -0.07117 -12.57252 12.62595 7.62595 
0.04004 1.05981 -0.04993 -5.91603 9.21374 15.30534 
0.02173 1.06384 -0.06750 -4.53435 1.77863 13.54198 
-0.04895 1.06165 -0.07690 -1.98473 -2.87786 11.76336 
-0.08118 1.00891 -0.09058 -2.77863 4.15267 7.41985 
-0.03906 0.98694 -0.09058 -3.49618 13.64886 2.34351 
-0.01794 1.02100 -0.10901 -7.37405 14.15267 -1.56489 
-0.01990 1.05029 -0.06934 -6.03053 7.83206 1.33588 
-0.02039 1.02063 -0.06409 -0.66412 3.46565 9.32061 
-0.04358 0.98206 -0.10974 -0.41985 1.71756 15.06107 
-0.04797 1.00513 -0.09814 -7.80153 4.54962 6.00763 
-0.05627 1.03430 -0.07971 -20.73282 13.09924 -3.77099 
-0.02173 1.06165 -0.05273 -22.94657 18.87786 4.23664 
0.06555 1.08435 -0.05725 -2.07634 15.29771 13.90076 
0.01953 1.07312 -0.10974 2.04580 5.70992 8.54198 
-0.02234 1.06531 -0.08752 -3.41985 0.85496 1.36641 
-0.05750 1.08020 -0.05432 -8.67939 6.73282 5.77099 
-0.04822 1.06287 -0.04053 -5.61832 13.96947 20.85496 
0.02332 1.09009 -0.08081 5.55725 17.39695 29.34351 
0.13745 1.04907 -0.09631 4.81679 17.08397 3.62595 
0.11694 0.94458 -0.07690 -2.81679 19.38168 -20.67175 
0.04492 0.89294 -0.05774 -7.00763 17.94657 -16.06870 
-0.04431 1.07800 0.00281 10.45038 4.70229 13.02290 
-0.05383 1.04944 0.01660 28.77863 -2.75573 18.91603 
0.02612 0.94788 -0.12085 22.03817 5.53435 27.26718 
0.00659 0.98132 -0.12280 -2.09160 16.32061 36.04580 
-0.07629 1.01257 -0.15869 -29.04580 24.31298 25.09160 
-0.08020 1.04395 -0.09167 -46.85496 25.31298 1.39695 
0.01611 1.09766 -0.01404 -41.15267 24.89313 -10.08397 
0.00500 1.09729 -0.05347 -42.73283 16.50382 -13.51908 
-0.07886 1.06384 -0.05530 -63.10687 5.45038 -2.54198 
0.08691 1.04907 -0.09778 -87.59542 5.25191 1.51145 
0.04468 1.07117 -0.10522 -56.38931 9.02290 -2.38931 
0.04919 1.09290 -0.06702 -24.89313 26.07634 10.69466 
0.00952 1.09253 0.04944 -18.96183 37.89313 19.86259 
-0.00610 1.07349 0.11865 -24.41221 40.87786 19.82443 
-0.03857 1.06567 0.08728 -27.48092 31.31298 16.08397 
-0.03674 1.07190 0.09180 -17.30534 19.34351 13.00000 
0.02686 1.03711 0.11072 -5.41221 10.03817 10.47328 
0.06238 1.01257 0.12720 2.35115 10.53435 13.99237 
0.01440 1.01221 0.14941 -2.10687 15.16794 18.96947 
-0.00537 0.99060 0.10889 -14.03817 21.00763 16.15267 
0.00330 0.97656 0.07239 -12.99237 19.39695 11.20611 
0.05676 0.97339 0.08740 4.76336 11.41985 10.56489 
0.06714 0.98083 0.10022 13.94656 4.60305 14.29771 
0.04700 0.99146 0.09412 14.09160 -0.32824 16.04580 
0.04810 0.99268 0.06885 11.37405 0.00763 15.19084 
0.05627 0.95447 0.00586 17.48092 3.90840 15.00763 
0.06543 0.95667 0.02380 29.02290 7.71756 14.80153 
0.05920 0.96228 0.06177 27.69466 12.26718 13.33588 
0.05652 0.93787 0.05847 21.26718 11.70992 8.26718 
0.07166 0.93872 0.07056 21.20611 6.27481 6.28244 
0.08789 0.95349 0.06580 15.10687 1.21374 8.51145 
0.10645 0.96729 0.03577 4.63359 -2.04580 11.66412 
0.08081 0.94739 -0.02271 -1.38168 1.17557 16.99237 
0.06152 0.95251 -0.01611 3.89313 5.98473 16.06107 
0.05481 0.94421 0.00354 5.51908 10.29771 11.23664 
0.06946 0.91089 0.01843 6.64885 9.90076 4.58779 
0.07300 0.90125 0.01843 6.57252 7.92366 1.48855 
0.08215 0.90527 0.01965 11.09924 6.06870 -4.35115 
0.09753 0.93665 0.04285 6.29008 5.91603 -7.61069 
0.11426 0.94836 0.03162 6.83969 6.48855 -9.15267 
0.09436 0.94006 0.01819 -0.35115 4.86260 -3.90840 
0.06775 0.94385 0.02368 -8.74809 5.77099 -2.32061 
0.07190 0.97375 0.02344 -9.75572 7.54198 -5.83206 
0.06689 0.99219 0.00476 -2.17557 3.51145 -7.52672 
0.07007 0.97864 -0.02856 3.07634 -1.35115 -3.43511 
0.08569 0.97314 -0.02380 11.83969 -2.64122 -0.02290 
0.08679 0.97546 0.01099 13.08397 2.31298 2.56489 
0.06946 0.99146 0.01514 10.31298 5.54962 5.09924 
0.05603 0.98840 -0.00110 9.06107 4.42748 5.21374 
0.06189 0.97607 0.00037 13.03053 -1.23664 4.81679 
0.06165 0.97046 0.03687 8.71756 -2.29771 4.92366 
0.05676 0.98132 0.02368 -5.28244 -0.05344 3.35115 
0.04919 1.00598 -0.02417 -12.86260 1.60305 0.22901 
0.06726 1.00586 -0.04492 -8.77863 3.97710 0.68702 
0.06824 0.97510 -0.03015 1.44275 5.67176 4.50382 
0.05640 0.94629 -0.00500 7.66412 4.40458 7.34351 
0.06421 0.93213 0.03564 8.28244 1.42748 6.09160 
0.07288 0.95520 0.05054 0.82443 0.15267 4.86260 
0.06970 0.97473 0.01465 -7.06107 -1.23664 6.81679 
0.06079 0.96350 -0.01843 -8.37405 -3.25191 9.30534 
0.05176 0.92603 -0.03345 -4.05344 -2.93893 10.51908 
0.05444 0.91809 -0.03088 -0.51908 -1.35878 6.90840 
0.05518 0.94495 -0.03760 3.58779 -0.41221 1.22901 
0.06702 0.98914 -0.03345 14.81679 -0.58015 -4.41221 
0.06433 0.99084 -0.05115 22.26718 -1.31298 -3.81679 
0.07117 0.97485 -0.04407 30.01527 -1.59542 -3.63359 
0.09509 0.96692 0.00452 31.87023 1.05344 -2.29771 
0.07300 0.98901 0.01855 21.13741 2.09160 0.31298 
0.04163 1.01685 -0.00537 6.77099 0.06107 -0.31298 
0.06287 1.02087 -0.05469 -2.97710 -2.00000 -4.63359 
0.07886 1.01233 -0.07349 -1.80153 0.12214 -4.04580 
0.08105 0.99255 -0.07568 6.07634 3.39695 -1.67939 
0.06775 0.99902 -0.02869 12.83206 5.51908 -0.54962 
0.04871 1.00757 -0.01929 8.23664 4.97710 -0.94656 
0.05835 1.01416 -0.02478 2.82443 3.11450 -2.60305 
0.07129 0.99500 -0.04968 -3.56489 2.29771 -0.51908 
0.07043 0.98596 -0.05725 -1.09160 2.18321 1.60305 
0.07532 1.00122 -0.04333 4.65649 2.32824 1.92366 
0.06421 1.01855 -0.03564 6.96947 2.25191 2.16031 
0.04846 1.02222 -0.04236 7.61069 0.28244 1.93130 
0.05652 1.00830 -0.04846 5.42748 -0.59542 0.71756 
0.07190 1.00537 -0.06250 5.46565 -0.64122 0.28244 
0.07397 0.99573 -0.05969 7.71756 0.93893 2.49618 
0.05713 1.00073 -0.03845 7.51145 3.45802 2.65649 
0.04871 0.99658 -0.03479 4.67939 5.08397 0.51145 
0.05371 1.00879 -0.02954 5.56489 4.64122 -0.77099 
0.07227 0.98718 -0.03833 2.63359 2.05344 0.58015 
0.06299 0.96729 -0.04590 2.62595 0.44275 2.12214 
0.06152 0.96680 -0.04858 2.44275 -0.73282 0.96183 
0.06213 0.98108 -0.05579 1.29008 -0.90076 -1.05344 
0.04932 0.99585 -0.08630 0.64122 -0.57252 -2.89313 
0.05396 0.98767 -0.08545 3.14504 -0.12214 -3.14504 
0.06799 0.99658 -0.05530 5.41221 2.52672 -1.88550 
0.07300 0.99866 -0.05420 3.10687 4.63359 0.13740 
0.06714 0.99561 -0.05627 2.07634 2.02290 1.96183 
0.05652 0.98694 -0.05725 -1.45038 -0.58779 3.31298 
0.05725 0.98743 -0.08008 -3.12977 -0.32061 1.77099 
0.05750 0.99402 -0.07434 -0.58015 1.68702 0.84733 
0.06860 0.98425 -0.07007 -0.05344 3.26718 1.25191 
0.06543 0.97168 -0.06934 0.85496 3.27481 2.40458 
0.06079 0.96606 -0.05493 -0.06107 2.50382 1.75573 
0.04688 0.97778 -0.05957 -2.25954 2.38168 -0.83206 
0.05017 1.01660 -0.07764 -0.88550 0.95420 -4.94656 
0.06458 1.04602 -0.08167 3.67939 0.12214 -5.69466 
0.06470 1.04016 -0.07910 2.48092 2.10687 -3.22901 
0.04883 1.03162 -0.07617 0.09160 4.11450 -2.14504 
0.05811 1.04297 -0.06543 -1.80153 4.21374 -2.88550 
0.06323 1.04919 -0.07043 -0.35115 3.45038 -0.46565 
0.05872 1.03723 -0.06470 0.59542 3.28244 1.70992 
0.04797 1.02563 -0.05981 -0.79389 4.83206 1.58015 
0.03613 1.03479 -0.05103 -1.41985 6.05344 -1.08397 
0.03931 1.06201 -0.05786 -0.35878 5.62595 -5.68702 
0.07605 1.07922 -0.05896 6.12214 3.58779 -7.78626 
0.06909 1.08142 -0.05310 9.45038 3.24427 -4.41985 
0.06238 1.07483 -0.04480 8.09160 3.77863 -1.83969 
0.06116 1.06055 -0.05945 5.45802 2.06870 -0.19847 
0.05786 1.05481 -0.05286 1.76336 -0.60305 2.03817 
0.06311 1.06409 -0.06079 0.60305 0.68702 1.30534 
0.07178 1.06165 -0.07227 2.34351 1.36641 1.93130 
0.06958 1.02917 -0.08557 6.11450 0.86260 4.80916 
0.06873 1.01990 -0.06799 9.93130 1.09924 7.35115 
0.06519 1.01648 -0.06787 8.87786 1.68702 6.33588 
0.05945 1.01904 -0.07190 11.54198 0.56489 5.54198 
0.05640 1.02002 -0.07605 12.80153 -1.25191 5.03817 
0.06555 0.99231 -0.08691 13.57252 -1.74809 6.07634 
0.06616 0.96790 -0.08557 13.54198 -0.75573 7.92366 
0.05847 0.94727 -0.07410 11.35114 0.50382 8.41221 
0.04443 0.95532 -0.06995 12.11450 0.58015 7.14504 
0.05127 0.95630 -0.07666 14.04580 -0.95420 5.32061 
0.05701 0.94055 -0.09875 14.17557 -2.46565 4.97710 
0.05945 0.91235 -0.09473 12.64886 -0.94656 7.25191 
0.05713 0.91016 -0.08386 10.02290 -0.02290 7.41221 
0.04712 0.92126 -0.10254 3.57252 -2.25954 7.30534 
0.03821 0.92126 -0.13037 1.92366 -4.70229 5.61069 
0.04272 0.91968 -0.14392 1.83969 -5.33588 3.20611 
0.04297 0.92334 -0.14551 3.79389 -3.68702 0.41985 
0.04907 0.95129 -0.13245 6.59542 -0.45802 -2.87023 
0.04797 0.96106 -0.14050 7.24427 -0.20611 -3.48855 
0.04846 0.97400 -0.13977 9.88550 -1.52672 -2.54962 
0.05212 0.97656 -0.14465 8.09160 -2.66412 -1.30534 
0.03406 0.96387 -0.14331 3.59542 -1.53435 1.07634 
0.03564 0.94763 -0.13220 0.23664 0.66412 2.33588 
0.04749 0.90894 -0.12097 -4.31298 1.88550 5.42748 
0.04138 0.86475 -0.10669 -9.47328 2.04580 7.48092 
0.03369 0.83313 -0.10413 -13.01527 1.31298 8.59542 
0.03711 0.75671 -0.07983 -21.49618 2.76336 11.49618 
0.03320 0.67249 -0.07080 -28.87023 5.62595 15.46565 
0.03662 0.48877 -0.05750 -25.96947 4.18321 22.85496 
0.00793 0.34290 -0.01172 -16.90076 -5.73282 36.39695 
0.00269 0.23828 -0.01599 -27.44275 -15.29008 40.41221 
-0.07532 0.10144 -0.07983 -44.43512 -24.81679 42.09924 
-0.09424 -0.06189 -0.23755 -36.01527 -32.32824 41.05344 
-0.07751 0.08496 -0.21545 29.57252 -51.50382 29.70229 
-0.01917 0.14880 -0.10291 27.02290 -57.83969 11.24428 
0.01147 0.09863 -0.11450 -34.28244 -59.06870 -3.56489 
-0.01086 0.01465 -0.16602 -65.80916 -62.66412 -14.91603 
-0.02148 0.01709 -0.19580 -37.81680 -57.64122 -36.29008 
1.31470 1.99994 -0.24292 -48.10687 -25.09924 -113.41985 
0.52197 1.85681 0.36768 -114.00764 90.32825 -144.37404 
-0.30334 1.31042 0.13501 -160.74809 115.60305 -135.80153 
-0.06372 1.51221 0.30579 -166.43512 91.93893 -123.90839 
-0.14453 1.04260 0.20886 -250.13741 71.33588 -65.65649 
-0.28418 1.09900 0.27637 -250.13741 49.52672 -25.76336 
-0.29688 1.38757 0.41357 -250.13741 11.66412 4.49618 
-0.25696 1.99994 0.96191 -250.13741 -56.16031 74.23664 
0.04797 1.99994 1.99994 -250.13741 -92.77100 142.30534 
0.19434 0.63721 1.52026 -93.02290 -75.17558 88.38931 
-0.02734 0.05286 0.74878 132.50381 -57.79389 53.67176 
0.14453 0.60339 0.26709 235.93130 -31.99237 25.19847 
0.35986 0.88599 0.22107 204.27481 2.79389 -20.97710 
0.29211 1.05359 0.19470 171.16031 33.43512 -41.69466 
-0.00464 0.89197 0.23291 50.76336 28.93130 -25.32825 
-0.11145 0.57129 0.33350 43.01527 18.58015 8.33588 
-0.09424 0.90918 0.36353 89.15267 3.78626 27.64886 
0.05615 0.85010 0.40417 92.38931 -4.96947 17.86259 
0.09314 0.89758 0.32776 73.80916 -9.21374 18.52672 
0.07422 0.90417 0.30688 52.50382 -14.67939 16.70992 
0.07214 0.87048 0.30933 45.98473 -15.62595 14.14504 
0.15186 0.93127 0.27319 25.43511 -3.66412 5.96947 
0.07080 0.89990 0.28711 20.94657 7.19847 -3.99237 
0.00586 0.87842 0.28918 17.40458 6.58779 -8.76336 
0.00171 0.89880 0.28357 20.19847 0.03817 -11.25954 
0.02063 0.91516 0.25146 20.02290 -4.40458 -7.72519 
0.04797 0.93176 0.30042 16.40458 -3.37405 -4.77099 
0.08240 0.92529 0.33069 25.38168 2.63359 -7.08397 
0.08496 0.93335 0.29895 38.00000 10.03817 -14.54198 
0.09058 0.93335 0.26147 37.11450 9.35878 -23.00763 
0.06189 0.97070 0.25269 29.62595 5.03817 -25.83206 
-0.02319 0.97559 0.26111 20.38931 0.77863 -16.77099 
-0.02466 0.99194 0.30542 26.52672 0.61069 -5.41221 
0.04333 0.96899 0.28809 52.84733 7.60305 7.86260 
0.08386 0.98120 0.19604 65.10687 9.40458 14.09924 
0.06958 0.99036 0.15393 52.75573 2.28244 14.25954 
0.04907 1.04468 0.16736 40.76336 -2.89313 7.52672 
-0.01807 1.05139 0.19812 33.77099 2.93130 -4.93893 
-0.07654 1.04150 0.15039 30.25954 8.93893 -1.25954 
-0.06897 0.98376 0.17310 24.12977 7.22137 8.10687 
-0.02197 1.00256 0.15906 24.94657 4.82443 19.77863 
0.02759 1.04187 0.17566 24.19084 4.03053 15.93893 
0.12085 1.02466 0.07996 18.52672 8.34351 9.60305 
0.16504 0.95251 0.12671 -18.93893 10.32061 4.82443 
0.20142 0.96460 0.15369 -25.02290 13.38168 3.27481 
0.09119 1.10693 0.08154 -29.90840 2.55725 -11.67939 
-0.05859 1.06555 0.18726 -7.94656 -12.07634 -28.73282 
0.08801 1.01794 0.36609 33.77863 -22.81679 -43.96947 
-0.11987 1.14929 0.07727 61.34351 -36.42748 -74.92367 
-0.05652 0.95117 0.10266 58.95420 -46.48092 -83.50381 
-0.03992 0.94434 0.10632 12.09160 -36.09160 -41.94656 
0.19922 0.95923 -0.04431 10.77863 -8.52672 -3.03053 
-0.00598 1.08459 0.08435 45.01527 31.89313 26.63359 
-0.07690 1.12695 0.07629 26.08397 50.03817 34.31298 
-0.06445 1.06482 0.04565 24.24427 54.42748 25.23664 
-0.07690 1.04395 0.08643 32.02290 46.08397 16.36641 
-0.05054 1.03125 0.08276 28.62595 31.53435 7.19847 
-0.01660 0.99866 0.11658 22.44275 15.27481 1.90076 
0.01038 0.98303 0.09460 6.03817 0.64885 3.45038 
0.00842 0.97913 0.05652 5.33588 -4.91603 9.63359 
0.00293 0.96558 0.05518 11.12977 -8.70229 18.09924 
0.00269 0.96912 0.09741 15.25954 -8.35878 25.12214 
-0.00684 0.95105 0.12915 0.62595 -3.43511 27.93893 
0.00977 0.92480 0.10608 -13.74809 3.90840 27.12977 
-0.00269 0.87024 0.04321 -14.45802 8.79389 16.79389 
-0.01086 0.87842 0.03088 -1.07634 7.82443 6.74809 
0.02124 0.91248 0.04468 10.30534 5.72519 -0.83206 
0.05725 0.91821 0.05908 4.96183 1.73282 0.28244 
0.04883 0.94946 0.07593 3.44275 -0.49618 3.58015 
0.01978 0.97754 0.07043 2.15267 -2.01527 3.99237 
0.00000 0.99194 0.03333 -3.10687 -4.07634 2.77099 
0.00952 1.01563 0.00232 -0.50382 -5.11450 -1.74046 
0.03113 1.00635 -0.00464 2.11450 -3.28244 -2.42748 
0.05432 0.98486 0.02185 10.19084 1.77099 2.01527 
0.04260 1.01721 0.08801 17.02290 9.10687 7.79389 
0.03369 1.01392 0.08948 8.07634 9.09924 11.19084 
0.03088 1.00488 0.08093 0.47328 4.54198 14.52672 
0.02368 0.96875 0.06763 -10.95420 1.26718 16.85496 
0.02637 0.94031 0.08154 -21.23664 1.80916 13.96183 
0.03430 0.92908 0.10217 -21.02290 3.27481 9.22137 
0.03516 0.92749 0.10034 -15.54962 2.89313 5.29008 
0.01587 0.95313 0.06812 -2.13740 -1.59542 -1.19847 
0.01343 0.95557 0.05994 10.60305 -6.77099 -6.50382 
0.02930 0.95056 0.04785 13.50382 -10.83206 -6.96947 
0.03845 0.93250 0.04126 7.57252 -10.85496 -4.51908 
0.04565 0.94177 0.05225 5.45802 -6.60305 -4.07634 
0.04675 0.95251 0.03809 0.38168 -2.80916 -3.70992 
0.07117 0.96533 0.02856 -5.17557 -4.91603 0.29771 
0.05469 0.94067 0.04773 -15.85496 3.21374 2.93893 
0.04431 0.90234 0.03003 -21.16031 13.51145 7.45802 
-0.00330 0.89917 0.01538 -10.28244 11.42748 8.86260 
-0.00720 0.92554 0.02576 -6.35115 4.97710 2.78626 
0.02356 0.92542 0.02197 -6.24427 1.52672 -4.13740 
0.04761 0.92578 0.02600 -2.48855 1.87786 -5.23664 
0.03406 0.96704 0.07190 1.53435 6.98473 -3.05344 
0.03149 0.95447 0.10278 -4.84733 10.25954 -1.03053 
0.01086 0.95923 0.12134 -10.89313 9.71756 0.61832 
0.00916 0.95325 0.12073 -18.25954 4.36641 -0.54198 
0.02551 0.97302 0.11609 -19.67939 -0.96947 -2.01527 
0.04480 0.97058 0.10352 -23.78626 -4.36641 -0.70992 
0.04553 0.95325 0.09583 -24.26718 -2.80153 3.24427 
0.04248 0.94409 0.09827 -17.88550 -0.12214 3.93893 
0.04187 0.95081 0.10681 -10.73282 1.10687 3.41221 
0.02917 0.96350 0.10217 -8.19084 0.54962 2.28244 
0.02258 0.97656 0.09460 -7.59542 -1.62595 0.84733 
0.03662 0.98022 0.11194 -2.79389 -4.22901 -0.41221 
0.03772 0.98035 0.10693 -3.32824 -6.87786 2.49618 
0.01428 0.99084 0.09180 -3.48855 -7.72519 3.60305 
0.01208 0.99377 0.07727 -4.25954 -7.74046 0.81679 
0.02625 1.00061 0.07788 2.15267 -6.12214 -3.67176 
0.03088 1.01099 0.10242 6.80916 -4.56489 -4.09924 
0.03821 1.01221 0.11523 5.72519 -3.29771 -1.38931 
0.04614 0.98828 0.10901 2.00763 -3.38168 1.30534 
0.04285 0.98462 0.11853 5.46565 -5.87786 2.64885 
0.01880 0.99695 0.11768 6.22901 -10.32824 2.47328 
0.00366 1.01416 0.10242 3.22901 -13.58779 2.01527 
0.02295 1.01672 0.11633 6.98473 -12.50382 -0.19847 
0.06494 1.00574 0.10364 10.00000 -9.16031 0.00763 
0.05249 1.00122 0.07312 14.33588 2.55725 5.83206 
0.02698 0.97791 0.06226 19.58779 12.80153 7.65649 
-0.00439 0.96509 0.07007 20.32061 14.17557 3.45802 
-0.00293 1.04382 0.10449 9.49618 7.95420 0.54198 
0.03162 1.03467 0.08093 5.23664 -1.28244 -2.32824 
0.04907 1.02893 0.12073 0.35878 -6.53435 1.58779 
0.07019 1.00366 0.12500 -2.41221 -13.06870 4.65649 
0.01306 1.00049 0.11487 0.09160 -12.00763 5.47328 
0.05188 1.00305 0.07715 -2.30534 -8.20611 1.63359 
0.06628 1.00586 0.08398 3.80916 -1.22137 1.17557 
0.04895 1.01428 0.08972 4.27481 4.48855 1.03053 
0.05542 1.02686 0.08813 11.56489 7.29771 -4.35115 
0.06042 0.99622 0.11304 20.64886 5.02290 -5.54198 
0.04651 0.97510 0.11890 18.01527 7.65649 -5.18321 
0.04590 0.98206 0.07166 5.86260 10.28244 -4.29008 
0.04285 0.96838 0.05371 5.24427 7.54198 -5.54198 
0.02856 1.00146 0.06433 2.77099 12.39695 -2.63359 
0.03613 0.99683 0.03210 -4.22901 15.19084 -1.95420 
0.03748 0.99292 0.06079 -2.78626 9.96947 -0.16794 
0.00208 0.96997 0.00916 -8.65649 7.38168 -1.44275 
0.01843 0.98584 -0.04089 -5.25191 -0.33588 -1.26718 
-0.00146 1.03491 0.02856 10.87786 -12.22901 1.02290 
-0.00708 1.02844 0.09558 2.16031 -12.00000 -3.81679 
0.03491 0.96680 0.09155 -11.41985 -7.13740 -4.61832 
0.04382 0.94287 0.07642 -17.78626 -2.11450 -1.41985 
-0.00366 0.98413 0.08765 -17.80916 -5.51145 6.55725 
0.01123 0.99609 0.06885 -17.74046 -3.71756 2.09924 
0.03699 0.97632 0.07178 -11.16031 -1.41985 0.49618 
0.04468 0.98022 0.08789 -9.39695 0.38931 1.74046 
0.03357 0.98596 0.13989 -8.97710 -0.58779 5.61832 
0.02686 1.01318 0.11743 -15.00000 0.80153 8.47328 
0.02271 0.96252 0.06018 -8.33588 0.96183 5.77099 
0.02087 0.99744 0.08337 -5.77099 -0.30534 6.13740 
0.01489 1.03516 0.11047 -5.80153 0.82443 5.28244 
0.00378 1.04187 0.10059 -15.07634 6.70229 1.37405 
0.00598 1.03015 0.07861 -21.30534 6.95420 -0.25954 
0.02063 1.01025 0.06433 -19.63359 3.73282 -0.69466 
0.06677 0.94312 0.09448 -6.51908 -1.50382 -0.04580 
0.06763 0.94299 0.08765 3.21374 -4.42748 3.27481 
0.07202 0.97656 0.08093 14.60305 -9.48092 5.80153 
0.05615 1.08301 0.11157 15.43511 -4.72519 13.19084 
0.02710 1.06042 0.14404 2.25191 1.52672 10.60305 
0.01868 0.97778 0.14978 -6.39695 2.67939 1.85496 
0.08423 1.03857 0.21582 -8.93130 -10.88550 4.57252 
0.05054 1.03271 0.16565 -17.72519 -28.75573 17.49618 
0.05371 1.00195 0.09766 -18.15267 -20.50382 12.49618 
0.06970 1.01868 0.10095 -8.83969 -5.16031 10.45802 
0.05908 0.99609 0.09045 -6.50382 2.06870 12.16031 
0.03589 0.97253 0.08521 0.33588 4.65649 8.70229 
0.04333 0.97241 0.11072 3.73282 4.20611 2.22901 
0.06067 0.98755 0.10278 8.56489 5.56489 -2.26718 
0.06348 0.99402 0.09729 13.74809 5.95420 -2.62595 
0.07092 0.97327 0.11365 18.68702 6.72519 -0.60305 
0.06287 0.97205 0.12280 19.37405 7.70992 1.14504 
0.04187 0.99109 0.12061 21.95420 2.09160 -1.81679 
0.04944 1.01733 0.11877 21.82443 -2.80153 -4.10687 
0.06116 1.01697 0.09863 19.27481 -3.48855 -2.32824 
0.06604 1.00842 0.07153 19.38931 2.16794 2.48855 
0.07751 1.00598 0.07080 20.35114 8.00763 4.95420 
0.06262 1.00537 0.08997 20.89313 11.82443 6.02290 
0.05505 1.01794 0.11218 20.70992 11.16031 4.77863 
0.05127 1.00720 0.09729 14.99237 4.62595 3.64885 
0.06152 1.00781 0.08105 15.23664 -0.44275 3.68702 
0.07043 1.01514 0.07727 18.44275 -0.67176 4.10687 
0.06372 1.00610 0.07007 21.71756 3.21374 7.35115 
0.05151 1.00830 0.06384 23.57252 4.96183 8.14504 
0.05872 1.01233 0.05896 24.58015 4.25191 7.30534 
0.05164 1.00317 0.05408 26.54962 2.31298 7.67176 
0.05164 0.98596 0.05261 26.08397 0.93130 9.42748 
0.05396 0.98083 0.03699 26.39695 0.49618 7.50382 
0.05078 0.99097 0.02966 25.14504 0.37405 4.12214 
0.05237 0.99829 0.02759 22.87023 1.49618 0.90076 
0.04590 1.01233 0.01147 20.93130 2.73282 -1.53435 
0.05103 1.02051 -0.02124 19.79389 2.40458 -3.58779 
0.06030 1.00940 -0.02112 22.19847 1.51145 -2.74809 
0.04492 1.01990 -0.00098 24.84733 1.25954 -2.31298 
0.04236 1.02808 0.00061 18.42748 0.79389 -3.53435 
0.04883 1.03857 -0.01416 12.61832 -0.78626 -2.68702 
0.05835 1.02466 -0.04346 9.75572 -2.64885 0.80916 
0.05493 0.99463 -0.06458 13.62595 -4.03817 6.61832 
0.03699 0.98547 -0.04236 16.35878 -2.64885 8.85496 
0.03735 0.97803 -0.06323 12.91603 0.03053 8.83969 
0.05029 0.94922 -0.08081 8.66412 1.86260 6.87023 
0.05481 0.93530 -0.08374 6.81679 1.93893 5.19847 
0.05408 0.93433 -0.08459 3.78626 1.98473 2.12214 
0.05847 0.93677 -0.08508 5.96183 2.27481 -1.20611 
0.06006 0.93396 -0.07849 10.94656 2.31298 -3.11450 
0.06250 0.94885 -0.07190 13.66412 2.35115 -3.76336 
0.05786 0.95959 -0.07251 11.17557 2.31298 -4.03817 
0.07080 0.96643 -0.07764 8.76336 2.60305 -3.41221 
0.07263 0.95276 -0.08228 8.95420 2.06107 -1.62595 
0.06152 0.95691 -0.08484 11.59542 0.72519 -1.29771 
0.05908 0.96558 -0.08008 13.97710 -0.87786 -2.95420 
0.06262 0.97253 -0.08789 12.87023 -0.38931 -3.21374 
0.05591 0.96216 -0.10352 10.53435 0.31298 -2.65649 
0.06470 0.94373 -0.09863 9.98473 1.64885 -1.39695 
0.05762 0.95349 -0.08411 8.05344 3.64885 0.78626 
0.03845 0.95569 -0.08875 4.14504 4.19847 1.17557 
0.04468 0.97961 -0.08997 2.51908 2.68702 -1.56489 
0.06055 0.97058 -0.08093 3.16031 2.57252 -0.06107 
0.05493 0.95654 -0.07544 0.33588 3.29771 3.51908 
0.04297 0.95374 -0.07849 -5.48855 2.52672 4.49618 
0.03198 0.95728 -0.10107 -8.02290 0.70992 3.57252 
0.03369 0.97156 -0.10205 -5.59542 -0.37405 0.96947 
0.04175 0.99805 -0.09900 -3.80153 0.46565 -1.77863 
0.05249 0.98926 -0.11682 -3.15267 1.21374 -0.48855 
0.04785 0.98523 -0.09924 -2.30534 1.68702 3.11450 
0.03308 0.99512 -0.08374 -3.49618 3.54962 3.51908 
0.03467 1.00122 -0.08667 -5.86260 3.37405 0.22901 
0.04199 0.99902 -0.09106 -7.45038 1.14504 -1.30534 
0.05371 1.00305 -0.09009 -6.22901 -0.51908 -2.16031 
0.04944 1.01587 -0.09790 -6.17557 0.84733 -0.40458 
0.04041 1.02466 -0.09912 -3.12977 2.51145 0.73282 
0.03992 1.01379 -0.07642 -1.67939 3.47328 2.19847 
0.04163 0.98535 -0.06140 -2.97710 3.16794 5.50382 
0.04114 0.94324 -0.06445 -8.10687 1.94656 8.93130 
0.04321 0.89673 -0.05652 -11.41221 1.32061 12.77099 
0.03735 0.80493 -0.03503 -17.90840 2.12977 19.66412 
0.05920 0.66895 0.00598 -17.62595 2.93130 26.33588 
0.06519 0.51147 0.04993 -13.12214 -0.18321 37.71756 
-0.00757 0.39417 0.02600 -18.30534 -12.58779 46.35115 
-0.04980 0.34460 -0.02649 -19.40458 -20.68702 42.41985 
-0.06079 0.24011 -0.07349 -0.22901 -28.09924 30.72519 
-0.00806 0.15417 -0.14221 -3.19084 -33.58779 23.87786 
0.04980 0.07446 -0.33887 18.14504 -44.02290 9.76336 
0.05420 -0.07349 -0.28247 44.47328 -59.90840 -7.51908 
-0.00024 0.07727 -0.12219 129.35115 -61.86259 -30.19847 
-0.01038 0.08875 -0.11694 96.69466 -64.70229 -45.92366 
-0.07666 0.03943 -0.21277 -4.44275 -67.66412 -73.15267 
-0.00952 1.02893 -0.32410 -95.41985 -92.56489 -102.64122 
1.34924 1.99994 0.15356 50.42748 -22.35114 -250.13741 
-0.32141 1.53271 -0.08008 17.00763 59.98473 -244.38168 
-0.30249 1.50720 -0.23108 -52.53435 25.38168 -214.03053 
-0.32910 1.06384 -0.13391 -189.56488 -21.62595 -152.46565 
-0.35425 1.08557 -0.05310 -235.41985 -26.71756 -118.23664 
-0.53467 0.96948 0.01746 -205.58015 -21.00000 -124.22137 
-0.80933 1.12793 0.37830 -129.09924 -26.80916 -134.50381 
-0.64160 1.06519 0.47729 -96.74046 13.67939 -48.96183 
-0.62598 1.12097 0.32153 -78.38168 44.91603 67.18320 
-0.53760 1.13281 0.25818 -1.38931 51.34351 129.68703 
-0.25354 1.17578 -0.31860 14.65649 43.74809 145.67175 
-0.06616 1.06641 0.17346 -42.28244 34.83969 147.03053 
-0.33618 0.88293 0.10913 -35.57252 35.54962 113.00000 
-0.31335 0.83606 0.00269 -20.53435 26.35114 92.44275 
-0.19946 0.69702 0.11475 17.65649 20.32061 68.62595 
-0.06274 0.85828 0.09705 38.25954 9.77863 49.91603 
-0.02332 1.14160 0.24048 46.27481 -4.88550 11.61069 
-0.03955 1.07776 0.22424 33.18320 -5.96947 12.03053 
-0.12244 0.98877 0.13293 23.57252 -10.22137 33.40458 
-0.18823 0.87708 0.10632 33.90840 -14.50382 38.94656 
-0.16736 0.88000 0.06030 42.73283 -16.30534 24.80153 
-0.14795 0.95691 0.06030 41.50382 -19.27481 10.11450 
-0.05933 1.03101 0.07642 27.83969 -18.89313 7.93130 
-0.06555 1.04456 0.08557 16.71756 -14.74809 9.86260 
-0.11646 1.01392 0.06714 13.27481 -13.54198 10.80153 
-0.10205 0.96240 0.04016 8.03053 -17.70992 16.29771 
-0.06445 0.97546 0.06616 5.91603 -19.90076 22.03053 
-0.04688 0.98767 0.08215 2.91603 -15.85496 24.11450 
-0.07495 0.98718 0.07288 6.39695 -3.29008 19.08397 
-0.08521 1.02625 0.06433 5.92366 4.18321 11.77099 
-0.06226 1.04236 0.06995 0.05344 6.41221 9.48092 
-0.07678 1.01160 0.08545 -4.06107 -0.16031 15.94656 
-0.07129 0.99890 0.07764 -3.93893 -4.87786 16.64122 
-0.08118 0.98950 0.06934 -2.46565 -6.22137 17.96947 
-0.06030 0.98596 0.07117 -1.61069 -2.22137 22.45802 
-0.04980 0.96191 0.06482 -1.83206 2.72519 19.16031 
-0.07080 0.96362 0.06177 3.70229 7.77099 9.10687 
-0.08484 0.99084 0.05505 4.28244 8.43511 3.26718 
-0.09827 0.99268 0.06372 1.45038 8.58779 6.80916 
-0.06165 1.00671 0.07971 -1.86260 6.41985 15.35114 
-0.05078 1.02820 0.10291 -8.16031 2.23664 21.72519 
-0.06079 0.97656 0.16272 -9.09924 1.95420 22.48092 
-0.09875 1.13025 0.08325 4.03817 6.04580 23.02290 
-0.10181 1.00513 0.06226 11.56489 11.87786 16.16794 
-0.14331 0.99084 0.02820 5.61069 16.48092 29.82443 
-0.09277 0.96936 0.08240 2.55725 21.06107 46.06107 
-0.00159 1.02100 0.09106 13.17557 27.90076 53.24427 
0.02600 1.12195 0.09790 23.38168 28.01527 42.10687 
0.00269 1.09399 0.07849 31.15267 29.08397 34.87023 
0.04785 0.89771 -0.02222 24.45802 26.58779 49.51145 
0.05872 0.93762 -0.00696 21.84733 19.98473 55.06107 
0.11060 1.01343 0.02600 23.28244 13.76336 24.82443 
0.13550 1.01978 0.02478 27.07634 15.44275 4.30534 
0.11682 0.96521 -0.00037 26.26718 18.15267 2.80153 
0.07446 0.91309 -0.06372 3.62595 11.51145 14.86260 
0.12659 0.90356 -0.03906 -3.45038 8.97710 16.75573 
0.20105 1.00134 -0.00989 -0.58015 12.90076 2.85496 
0.26733 0.96472 0.02405 -6.27481 13.35114 -10.22901 
0.10974 1.03906 0.06873 2.19084 6.25191 -15.37405 
-0.00879 1.10229 -0.01318 5.33588 1.81679 -21.19847 
-0.03833 1.03442 0.02539 -27.10687 -0.00763 -21.01527 
0.05176 1.00977 0.06995 -3.43511 5.26718 -26.59542 
0.00122 1.12927 0.00720 2.03053 -18.34351 -54.93130 
-0.02698 1.15698 0.07605 13.58779 -37.86259 -75.69466 
0.02405 1.04834 0.08679 10.52672 -45.52672 -83.00000 
-0.07190 0.94739 -0.04395 -24.32825 -32.09924 -36.43512 
-0.00647 1.01965 0.01208 -66.59542 -3.06107 16.88550 
-0.03015 1.01746 0.01953 -68.93893 17.90076 19.91603 
-0.02393 0.93384 0.00610 -64.58015 31.29771 18.61069 
0.03406 0.87585 -0.19629 6.96947 34.35115 35.81680 
-0.06055 0.93140 -0.00586 47.76336 34.29771 45.35115 
-0.07971 1.00586 0.11426 43.82443 38.32061 30.36641 
-0.05383 1.00281 0.14124 16.54962 35.74809 14.83206 
-0.00562 0.98962 0.13391 -19.12977 26.32825 6.10687 
0.03906 0.99658 0.10071 -39.70992 6.96947 3.46565 
0.03223 0.98340 0.08704 -40.89313 -1.95420 4.75573 
0.03284 1.02051 0.09656 -32.01527 -0.22137 6.77099 
0.06848 1.01099 0.03113 -9.96947 10.52672 7.35878 
0.07361 1.01392 0.06384 7.36641 18.61069 13.71756 
0.06763 0.99719 0.12341 3.90840 24.13741 22.95420 
0.04321 0.99011 0.16284 0.77863 22.09924 25.08397 
0.02405 0.98914 0.16089 -5.89313 14.68702 20.37405 
0.03491 0.97803 0.14917 -11.12214 6.70229 14.25191 
0.06616 0.96069 0.14441 -13.25191 0.54198 10.62595 
0.07385 0.97083 0.13757 -8.70229 -0.18321 11.28244 
0.07654 0.99182 0.12915 -6.05344 -1.03817 12.21374 
0.05176 0.98584 0.10120 -7.48092 -3.38168 13.45038 
0.04517 0.97559 0.09607 -4.64122 -5.35878 11.35878 
0.04871 0.95740 0.09802 -2.35115 -5.45038 8.38931 
0.05872 0.91431 0.12976 -0.40458 -2.88550 6.16031 
0.08801 0.91150 0.15076 -1.70229 -2.87786 3.93893 
0.08655 0.94226 0.13770 -4.33588 -5.36641 3.81679 
0.07739 0.93555 0.07788 -3.77099 -8.29771 -0.74809 
0.10059 0.92346 0.06628 1.54198 -6.49618 -4.60305 
0.10632 0.93079 0.09326 7.80153 -3.91603 -1.97710 
0.08728 0.98071 0.10901 8.89313 -4.10687 3.68702 
0.06921 0.94495 0.06067 4.16031 -5.90076 4.32061 
0.05261 0.90601 0.03931 6.41221 -3.63359 0.45038 
0.04822 0.91772 0.06567 8.46565 1.48855 -6.18321 
0.15625 0.99292 0.07227 -1.14504 7.35115 -2.18321 
0.10559 1.04395 0.10022 -1.70992 16.34351 15.28244 
0.08423 1.00598 0.07654 -2.09924 10.38931 30.97710 
0.00574 0.94031 0.10962 9.20611 9.28244 20.98473 
0.07239 0.95203 0.14197 -0.00763 6.45802 10.59542 
0.05542 0.95654 0.13086 -3.23664 -0.22137 9.35114 
-0.00122 0.94470 0.13293 -2.76336 -16.79389 -1.31298 
-0.02600 0.92603 0.06323 6.29771 -30.89313 -31.10687 
0.07263 0.95300 0.04626 8.96947 -33.68702 -41.78626 
0.18237 1.19543 0.04321 11.54198 -23.03817 -14.45802 
0.04236 1.12341 0.08533 4.93893 -8.22137 9.61832 
0.01587 1.00696 0.11072 -6.09160 8.05344 5.03053 
0.05737 0.95508 0.10303 -10.72519 -0.60305 2.41221 
0.05750 0.95801 0.08752 3.09924 -11.67939 2.48092 
0.05688 0.95569 0.06433 4.34351 -10.61069 -0.20611 
0.10107 1.00085 0.07471 1.54198 4.40458 -6.47328 
0.08301 1.00464 0.08545 -9.08397 14.27481 -0.85496 
0.05652 0.98035 0.14282 -18.35114 17.33588 3.30534 
0.03992 1.00012 0.08545 -35.49618 22.22137 7.26718 
0.04907 1.00171 0.10645 -37.40458 19.62595 4.07634 
0.07666 1.03577 0.10291 -31.09160 17.93893 5.74046 
0.07520 1.02527 0.12012 -23.03817 13.54962 15.25191 
0.06812 1.00562 0.10803 -13.57252 9.10687 17.21374 
0.07410 0.98657 0.16772 -4.84733 5.84733 18.06107 
0.04736 1.01038 0.19739 -3.95420 5.38168 23.12977 
0.08899 1.00488 0.18604 -3.07634 10.23664 19.78626 
0.07141 0.97852 0.12585 1.11450 16.93893 16.07634 
0.05396 1.00732 0.11731 3.98473 25.99237 6.94656 
0.05212 1.02539 0.05347 6.66412 27.64886 -3.08397 
0.02356 1.03186 0.03284 12.19084 17.25954 -9.42748 
0.05078 0.98694 0.03296 20.00763 1.97710 -14.16794 
0.04626 0.99915 0.06067 31.66412 -19.22137 -16.34351 
0.04712 0.99695 0.06982 39.11450 -35.22901 -14.90840 
0.22815 1.05798 0.19592 35.35878 -38.07634 -10.33588 
0.12378 1.03528 0.14893 3.05344 -5.16031 -2.42748 
0.09900 1.08960 0.07483 -4.68702 7.70992 6.50382 
0.06628 1.04248 0.11523 -12.96183 2.69466 13.21374 
0.06897 0.99658 0.12366 -11.76336 -1.69466 12.63359 
0.07776 0.96606 0.10034 -5.38168 -3.97710 11.83969 
0.07288 0.95581 0.10547 4.30534 -3.00000 10.51908 
0.05872 0.92896 0.07629 6.75573 -2.36641 9.06107 
0.05237 0.92480 0.05933 15.45802 -2.66412 3.87023 
0.07837 0.96973 0.06262 27.01527 -1.20611 -4.10687 
0.09082 0.99072 0.06287 24.35878 0.99237 -3.90840 
0.08105 0.99646 0.05200 20.86259 2.66412 -1.19847 
0.06592 1.01563 0.06604 17.92366 3.54198 -1.04580 
0.08142 1.01453 0.06970 14.71756 3.40458 -0.74809 
0.09045 1.00757 0.08081 14.19847 3.83206 1.25954 
0.09045 1.01001 0.09375 11.33588 4.41221 3.03817 
0.07312 1.02844 0.06580 6.38931 2.07634 3.12214 
0.08411 1.01477 0.05896 9.16794 0.09160 3.44275 
0.08850 1.01831 0.07361 11.61832 1.73282 3.90840 
0.08777 1.00171 0.06726 9.28244 3.38931 4.37405 
0.07275 0.99890 0.05200 10.10687 1.74046 3.24427 
0.07007 1.00830 0.04004 15.61069 -0.74809 -1.79389 
0.06982 1.05164 0.03638 19.93130 0.36641 -5.67176 
0.08130 1.04822 0.01416 20.39695 0.26718 -4.71756 
0.07971 1.01514 0.01099 17.87786 1.42748 1.92366 
0.06970 0.97937 -0.00513 11.57252 2.70992 4.95420 
0.06445 0.96960 -0.02856 10.22901 2.18321 3.19847 
0.06641 1.01221 -0.02454 10.68702 2.67176 -0.17557 
0.09326 1.02795 -0.01172 5.56489 7.91603 2.34351 
0.09265 0.99927 0.00061 4.09924 12.03817 8.90840 
0.08667 0.96130 0.03210 3.83969 12.22137 13.04580 
0.07117 0.95032 0.02783 1.60305 5.96947 11.24428 
0.05737 0.97302 0.00671 2.80916 0.03817 5.66412 
0.06970 1.00586 -0.00659 6.48092 -1.57252 0.72519 
0.09460 1.00940 -0.01929 9.35114 1.26718 0.50382 
0.09412 0.97559 -0.00574 13.14504 6.35878 3.89313 
0.08801 0.96167 0.01294 14.06107 7.57252 4.72519 
0.07556 0.95703 0.01074 9.75572 5.45038 3.81679 
0.07007 0.96960 -0.01306 5.82443 2.35115 1.16794 
0.07642 0.99548 -0.01355 9.38168 1.52672 -1.21374 
0.10083 0.96875 -0.00659 11.92366 3.11450 1.55725 
0.09302 0.95154 -0.00220 10.96947 4.26718 4.77099 
0.08276 0.93591 -0.00940 9.76336 4.20611 4.39695 
0.07666 0.94067 -0.00269 10.69466 3.02290 -0.54962 
0.06958 0.96619 0.00122 11.55725 3.46565 -3.92366 
0.07935 0.97583 -0.00879 12.09924 3.11450 -4.82443 
0.09375 0.95630 -0.01501 9.74809 1.63359 -1.83206 
0.08826 0.94336 -0.00403 5.67939 1.64122 0.87023 
0.07263 0.94666 -0.01416 1.06870 2.23664 0.90840 
0.07068 0.95020 -0.02246 -1.01527 1.38168 0.08397 
0.06641 0.95569 -0.05774 -3.51145 -0.21374 -0.19084 
0.05774 0.96912 -0.07520 -0.23664 -0.10687 -1.61069 
0.07703 0.96460 -0.08105 3.59542 2.14504 -1.36641 
0.08508 0.96326 -0.05505 9.28244 4.81679 0.18321 
0.07117 0.96802 -0.03662 8.28244 4.85496 0.91603 
0.07214 0.97058 -0.05603 4.94656 2.19847 1.29008 
0.06934 0.98047 -0.05261 3.48092 0.68702 1.02290 
0.07129 0.97314 -0.06543 4.83206 2.13740 0.72519 
0.06506 0.99060 -0.04932 8.34351 4.00763 -0.16794 
0.06323 0.97864 -0.04993 8.35878 4.11450 -0.33588 
0.06323 0.97034 -0.04321 5.54198 2.41221 -0.48092 
0.07349 0.97156 -0.05127 3.40458 1.61832 -1.04580 
0.07898 0.97363 -0.05383 2.12214 1.17557 -0.80916 
0.06836 0.98145 -0.05908 2.72519 1.69466 -0.15267 
0.06616 0.98071 -0.06299 4.40458 2.98473 -0.09160 
0.07751 0.98462 -0.04614 5.12214 3.82443 -0.43511 
0.07861 0.98425 -0.04712 0.94656 4.27481 -0.02290 
0.06213 0.99377 -0.05457 0.96183 2.21374 -0.78626 
0.06360 1.00513 -0.06482 -0.26718 1.08397 -2.32061 
0.06689 1.01465 -0.07849 2.13740 0.93130 -2.19084 
0.07605 0.99744 -0.07495 4.44275 2.45802 -0.72519 
0.07312 0.99609 -0.06665 4.64122 4.09160 -0.22137 
0.07104 1.00793 -0.05151 5.40458 4.17557 -1.10687 
0.06555 1.02075 -0.05798 4.62595 2.23664 -1.50382 
0.06433 1.02515 -0.07031 3.35115 0.21374 -1.84733 
0.07568 1.03101 -0.06946 4.48092 1.91603 -1.29008 
0.08398 1.01892 -0.05664 4.63359 3.64885 0.94656 
0.06970 0.99731 -0.03015 5.30534 3.27481 5.30534 
0.06287 0.96094 -0.02014 3.47328 0.85496 8.11450 
0.06677 0.90759 -0.01770 0.95420 -1.64885 11.68702 
0.07495 0.80762 -0.00659 -0.55725 -3.52672 16.15267 
0.06519 0.64001 0.02979 5.23664 -5.24427 23.11450 
0.04102 0.48169 0.02478 8.52672 -9.29771 27.36641 
0.02307 0.32422 0.00452 12.26718 -14.38931 32.70992 
-0.02747 0.15222 -0.05664 28.91603 -22.01527 34.97710 
-0.00940 -0.02295 -0.13867 49.87786 -29.79389 35.74809 
0.04211 -0.11914 -0.19336 80.16031 -39.38931 35.86259 
-0.01001 -0.11646 -0.15283 69.33588 -41.95420 24.38931 
-0.02673 0.04260 -0.10925 30.10687 -45.04580 10.10687 
-0.00696 0.04065 -0.11963 12.87023 -51.63359 -4.74809 
-0.05432 -0.00977 -0.23645 -14.53435 -62.73283 -26.94657 
-0.08276 0.20020 -0.14929 -74.96947 -94.51145 -52.29771 
1.99994 1.99994 0.22083 244.03053 -107.77100 -220.06107 
0.07593 1.71179 -0.15259 250.12978 47.29771 -250.13741 
-0.66931 1.57593 -1.19348 148.35878 16.03817 -250.13741 
-0.47168 0.69409 -0.39673 -58.78626 -66.81680 -123.63359 
-0.13916 0.93066 -0.16528 -198.31297 -80.28244 3.84733 
-0.42529 1.03357 -0.15405 -215.37404 -68.28244 38.08397 
-0.49744 1.18225 -0.09900 -159.66412 -59.84733 39.12977 
-0.30518 1.24475 0.02356 -113.06107 -55.88550 47.45038 
-0.08899 1.24744 0.08752 -85.33588 -26.70229 62.48855 
-0.09082 1.09668 0.04333 -36.93130 1.90076 66.08397 
-0.09277 0.99243 -0.06787 8.45038 14.30534 67.06870 
-0.12695 1.11377 -0.10046 30.83969 11.51145 87.05344 
-0.18506 1.36523 -0.19995 51.65649 4.77863 104.32825 
0.06335 1.32153 -0.19812 42.13741 0.26718 75.89313 
0.15747 1.16516 -0.19714 17.09924 3.80916 49.19847 
0.10181 1.05042 -0.15552 -1.62595 7.93893 15.78626 
0.07922 0.96289 -0.13184 1.35115 12.45038 7.87023 
0.06360 0.97742 -0.14978 7.93893 12.92366 16.14504 
0.08862 1.03613 -0.14319 5.95420 6.16031 28.40458 
0.11768 1.05994 -0.11230 0.51145 1.29008 27.11450 
0.12146 1.03845 -0.10425 1.70992 0.08397 16.84733 
0.06433 0.99829 -0.11719 5.34351 3.55725 1.40458 
0.05371 1.01746 -0.12817 4.99237 3.62595 -6.74809 
0.05115 1.04614 -0.13184 0.19084 1.31298 -7.86260 
0.02917 1.03528 -0.11389 -3.56489 -0.52672 -4.95420 
0.00562 1.03613 -0.09302 -4.17557 0.41221 -1.92366 
-0.01746 0.99622 -0.08044 -3.00000 2.28244 1.41221 
-0.01941 0.98108 -0.09070 4.79389 4.06107 3.87023 
0.04504 0.98767 -0.09534 11.99237 5.03817 2.16794 
0.08191 1.00549 -0.09705 15.51145 5.32061 1.80153 
0.06604 0.98364 -0.13013 9.91603 2.35878 7.35878 
0.05005 0.98962 -0.13086 4.54962 -1.08397 13.21374 
0.05139 0.98962 -0.10608 2.58779 -2.31298 12.61069 
0.07043 0.98877 -0.10779 3.77099 0.09924 5.48855 
0.05811 1.00745 -0.11621 3.07634 2.76336 -2.89313 
0.04419 0.99084 -0.12097 -1.67939 2.15267 -2.80916 
0.03186 0.99939 -0.12488 -5.73282 0.67939 2.96947 
0.02905 1.01721 -0.10376 -2.13740 -0.02290 8.72519 
0.04602 1.00696 -0.09424 3.67939 2.00763 9.09160 
0.05957 0.97803 -0.10742 7.00763 3.42748 7.67176 
0.05542 0.97449 -0.11829 6.06870 1.21374 6.58779 
0.03198 1.02051 -0.12378 5.57252 -2.70992 4.22901 
0.02661 1.03650 -0.11597 6.62595 -0.88550 0.21374 
0.03027 1.02563 -0.13074 6.73282 3.54198 -1.95420 
0.02515 0.99048 -0.13037 0.90840 5.31298 2.30534 
0.04932 0.98132 -0.12671 -2.72519 4.46565 5.39695 
0.07202 1.00208 -0.11841 -1.37405 3.22137 5.73282 
0.07983 1.00916 -0.10706 2.50382 2.67939 3.58779 
0.06921 0.99597 -0.12061 4.97710 2.07634 4.04580 
0.05554 0.98877 -0.12402 5.73282 1.44275 4.71756 
0.06506 0.98828 -0.13123 6.27481 2.72519 2.83206 
0.08508 1.00732 -0.14514 6.14504 2.42748 0.74809 
0.07471 1.00171 -0.14868 4.12977 0.59542 -0.18321 
0.04773 0.99011 -0.15210 2.07634 0.61069 0.80153 
0.04199 0.99194 -0.14417 -0.62595 0.98473 1.86260 
0.04126 0.99207 -0.14185 -4.25954 0.94656 4.75573 
0.05188 1.00952 -0.12244 -5.18321 -0.01527 7.33588 
0.06628 1.02783 -0.11328 -1.96947 0.58015 5.63359 
0.06970 1.01245 -0.11145 2.06107 2.85496 0.70229 
0.06433 0.99536 -0.12805 1.38931 3.91603 -0.72519 
0.05188 0.98291 -0.13733 -1.57252 1.54198 3.61069 
0.04199 0.98218 -0.12146 -0.93130 -1.07634 7.24427 
0.05188 0.99768 -0.12219 5.61832 0.16031 5.76336 
0.06543 1.00916 -0.13916 8.12977 3.07634 2.62595 
0.05750 1.00745 -0.15442 3.31298 4.06870 3.73282 
0.05054 1.00232 -0.14648 -1.42748 3.33588 5.19847 
0.06323 1.00000 -0.13477 -2.02290 3.81679 3.42748 
0.06470 1.00732 -0.13330 0.36641 3.64885 0.80916 
0.06409 0.99768 -0.12952 0.78626 3.74046 -1.46565 
0.05627 0.99829 -0.13281 0.13740 4.27481 -1.06870 
0.05835 1.00879 -0.13354 -0.07634 5.09160 -0.12977 
0.06067 1.01318 -0.12732 0.00763 5.03053 -0.99237 
0.04797 1.01636 -0.13525 -1.16794 5.05344 1.35878 
0.04285 0.99976 -0.14355 0.25954 6.56489 9.27481 
0.07178 1.01038 -0.12964 2.10687 7.54962 11.84733 
0.10547 1.05286 -0.11670 2.73282 8.10687 7.25191 
0.13306 1.05884 -0.11108 2.28244 8.04580 0.23664 
0.10535 1.01526 -0.11060 1.71756 5.47328 -4.11450 
0.06628 0.96106 -0.12146 0.81679 2.77863 -1.04580 
0.05078 0.97241 -0.12329 3.05344 2.66412 1.74046 
0.10742 1.01636 -0.34033 -26.51908 0.58015 -1.59542 
-0.00745 1.03821 -0.21851 -70.90076 1.48855 -11.44275 
0.02917 1.00195 0.01184 -75.47328 16.71756 -13.71756 
0.08203 1.02808 0.01062 -40.01527 25.87023 -28.35878 
0.01245 1.04211 -0.01843 -32.09924 16.90076 -46.94656 
-0.11047 1.07117 -0.02393 -34.56488 3.44275 -72.80153 
-0.12830 1.05762 -0.01721 -43.94656 -4.49618 -82.48092 
-0.03052 0.96045 -0.00073 -73.79389 -7.13740 -67.63359 
0.16565 0.91309 -0.21411 -72.88550 -3.17557 -28.67175 
0.03809 1.04150 -0.12988 -12.89313 0.89313 24.79389 
-0.05725 1.11975 -0.01123 7.28244 2.46565 42.34351 
-0.04980 1.11584 0.02112 -39.90076 14.37405 43.58015 
-0.05469 1.04761 0.01489 -59.61069 17.93893 39.04580 
-0.05042 1.01868 0.05371 -61.00763 22.91603 28.01527 
-0.01050 1.01392 0.05933 -53.91603 20.78626 16.90076 
0.02295 1.03381 0.07410 -38.49618 14.50382 4.57252 
0.02930 1.03088 0.06897 -28.55725 11.30534 4.99237 
0.02271 1.02844 0.05896 -13.72519 8.15267 9.21374 
0.04126 1.03064 0.08936 -1.80153 5.87023 12.73282 
0.08313 1.01880 0.12732 -8.07634 7.29008 13.94656 
0.08105 0.99536 0.16663 -20.56489 13.18321 18.35114 
0.04529 0.95691 0.14697 -29.40458 18.03053 21.94657 
0.00623 0.89734 0.09021 -27.56489 13.48855 19.09924 
0.00806 0.86279 0.08594 -14.64122 6.38931 11.94656 
0.03564 0.85291 0.09485 -2.30534 1.70992 2.35878 
0.06079 0.87646 0.10498 5.15267 0.43511 -3.25191 
0.06641 0.90039 0.11218 9.91603 -0.61832 -5.75573 
0.06409 0.91028 0.09631 12.24428 -2.77099 -4.95420 
0.04309 0.93860 0.11584 13.74809 -2.85496 -3.00763 
0.04956 0.94141 0.12268 6.19084 -0.06870 -2.68702 
0.06079 0.92297 0.11084 -0.28244 0.19847 -1.24427 
0.04333 0.91138 0.09216 0.75573 -3.77099 -0.91603 
0.01563 0.94507 0.09875 6.27481 -6.34351 -4.44275 
0.02393 0.97668 0.09448 7.70992 -7.07634 -9.01527 
0.06458 0.99646 0.10742 1.06107 -2.80153 -7.57252 
0.09668 0.97461 0.12439 -8.62595 2.12214 -1.37405 
0.07861 0.93896 0.13562 -13.70992 5.90076 5.81679 
0.01624 0.93311 0.14282 -10.05344 6.19084 7.22137 
-0.03186 0.94958 0.14148 -4.94656 2.11450 -1.52672 
-0.01379 0.96106 0.13147 -2.49618 -1.56489 -8.83969 
0.03430 0.96277 0.12708 -0.40458 -4.45802 -11.18321 
0.04871 0.97083 0.13892 6.11450 -5.45038 -8.01527 
0.04224 1.00256 0.16064 9.14504 -7.33588 -1.77099 
0.02051 1.02319 0.16663 3.46565 -10.10687 8.38931 
0.03088 1.01782 0.13171 -10.39695 -15.23664 19.23664 
0.04968 0.96802 0.09985 -19.08397 -17.13741 23.89313 
0.04443 0.92493 0.08472 -15.88550 -13.32061 22.83206 
0.01074 0.94226 0.08850 -7.70229 -8.83969 16.55725 
-0.01758 0.97656 0.09167 0.48855 -6.69466 10.35114 
0.18213 0.94702 0.01624 -20.91603 -7.24427 6.24427 
0.08472 0.86304 0.10291 -9.14504 -5.06870 3.94656 
-0.11389 1.00610 0.14392 6.69466 4.98473 -9.16794 
-0.08667 1.04932 0.12854 13.93893 6.19084 -34.03053 
-0.02307 1.12292 0.13232 16.18321 0.59542 -30.95420 
0.03552 1.12341 0.14917 5.92366 -1.38168 -10.42748 
0.08105 1.05249 0.16357 2.02290 2.65649 8.98473 
0.05933 0.97693 0.16479 -0.41985 5.67939 25.61069 
0.03772 0.93713 0.15686 -6.08397 3.93130 31.12977 
0.01770 0.88843 0.13647 -16.90076 -2.46565 24.90076 
0.02563 0.89417 0.11633 -17.62595 -4.41221 12.67939 
0.05457 0.90149 0.08459 -14.67939 -4.75573 -0.09924 
0.07642 0.94556 0.07068 -3.39695 -2.72519 -8.51908 
0.08606 0.97473 0.07703 2.15267 0.08397 -9.87023 
0.07031 0.97742 0.10034 3.80153 3.32824 -7.03817 
0.06055 0.98230 0.13330 1.24427 7.69466 -3.10687 
0.06653 0.97986 0.16223 -1.43511 8.47328 -1.93130 
0.07202 0.98535 0.17395 -6.96183 5.76336 -0.51145 
0.07532 0.97559 0.17444 -10.51145 -1.12977 1.87786 
0.06213 0.97241 0.15759 -11.35114 -4.58779 2.37405 
0.04761 0.97034 0.12549 -11.93893 -5.90076 -0.07634 
0.05835 0.98193 0.11487 -7.82443 -2.33588 -3.48092 
0.07422 0.98267 0.12964 -3.90076 2.07634 -4.19847 
0.07080 0.98828 0.15686 -0.05344 5.19084 -2.83206 
0.03491 0.99536 0.18079 2.48855 4.06107 -0.77863 
0.02185 0.99792 0.18542 2.09924 0.60305 -0.22137 
0.02563 0.99548 0.18079 0.42748 -1.93130 0.46565 
0.03015 0.98682 0.17944 -1.29008 -2.81679 1.32824 
0.02832 0.97766 0.17102 -1.61069 -2.03053 2.92366 
0.01538 0.98022 0.16785 -0.96947 -1.12977 2.24427 
0.01624 0.98511 0.16003 1.16794 -0.72519 0.02290 
0.02026 0.99231 0.15051 1.25954 -0.95420 -1.61832 
0.03186 0.99670 0.14185 1.29771 -0.99237 -0.93893 
0.04175 0.99915 0.14490 -0.10687 0.02290 1.54962 
0.04602 0.98755 0.14233 -0.70229 0.68702 4.87786 
0.03674 0.97070 0.15405 -0.53435 0.82443 6.90076 
0.03613 0.96313 0.15833 0.93893 0.81679 4.51908 
0.03174 0.96277 0.15637 1.10687 -0.12214 1.70229 
0.03577 0.97107 0.15491 1.77099 -1.31298 0.35115 
0.03979 0.97131 0.15381 2.00000 -1.55725 0.34351 
0.04614 0.96838 0.16211 -0.44275 0.85496 2.98473 
0.04773 0.96814 0.16016 -1.71756 2.34351 3.67176 
0.05188 0.96411 0.15051 -3.29008 1.22901 3.48855 
0.04590 0.96362 0.13867 -3.65649 -1.08397 2.04580 
0.04541 0.96021 0.12439 -4.49618 -3.24427 -0.05344 
0.03870 0.96252 0.12207 -2.69466 -2.29771 -0.29771 
0.04382 0.95837 0.12915 -0.71756 0.35115 0.57252 
0.04797 0.94592 0.14404 -0.19847 2.74809 2.85496 
0.03516 0.94482 0.15894 -0.72519 2.32061 2.80153 
0.02698 0.94434 0.15088 -1.74046 0.38931 0.22901 
0.02502 0.96301 0.14612 -2.27481 -1.69466 -3.30534 
0.03162 0.99487 0.13428 -1.90076 -1.77863 -6.08397 
0.02905 1.01941 0.14709 0.76336 0.71756 -4.27481 
0.03125 1.02234 0.16187 1.42748 3.45802 -0.28244 
0.03003 1.00757 0.16833 -1.31298 3.93130 6.11450 
0.01721 0.99304 0.17041 -2.16031 2.96947 7.06107 
0.02014 0.99146 0.16467 -1.35115 1.96183 4.16794 
0.03442 0.99963 0.14905 0.70992 1.56489 1.32824 
0.04956 1.00464 0.15076 2.75573 1.81679 2.35878 
0.04675 1.00427 0.16064 2.89313 2.75573 7.19847 
0.03809 0.98584 0.15955 1.77863 2.96183 9.70992 
0.04346 0.96082 0.16150 0.38931 2.54962 10.22137 
0.04834 0.95313 0.16040 -0.02290 2.30534 8.93130 
0.06030 0.94873 0.15308 -1.46565 1.61832 6.58015 
0.06213 0.95447 0.14514 -1.96947 0.81679 5.24427 
0.05798 0.95715 0.14160 -1.01527 0.78626 4.15267 
0.05249 0.96313 0.15137 1.58015 1.89313 3.31298 
0.05542 0.96375 0.15698 2.58779 3.32824 3.48855 
0.06177 0.95581 0.16455 0.46565 3.67939 5.25954 
0.06604 0.94409 0.15930 -0.70992 2.52672 5.31298 
0.06238 0.94446 0.16174 0.03817 1.41985 3.43511 
0.05225 0.95203 0.16260 0.40458 0.51145 0.54962 
0.04675 0.96753 0.14661 2.91603 -0.52672 -1.99237 
0.06006 0.98413 0.14282 3.15267 -1.09924 -2.63359 
0.06226 0.98792 0.14893 2.32061 0.06107 -0.26718 
0.06152 0.99060 0.14575 0.81679 1.64122 2.40458 
0.05969 0.97925 0.15015 0.58015 2.43511 4.10687 
0.04810 0.97034 0.15686 0.29771 2.25954 3.45802 
0.05151 0.96240 0.14880 0.41985 1.51145 1.41985 
0.05664 0.96265 0.15332 0.91603 0.81679 0.16794 
0.05627 0.96423 0.15552 1.67176 1.14504 0.00000 
0.05493 0.96802 0.15991 1.96947 1.58015 0.25191 
0.05579 0.97058 0.16162 0.93893 1.93130 1.18321 
0.05115 0.97034 0.14587 -1.