0.03381 0.01111 0.90515 -0.33588 1.83206 0.42748 
0.02832 0.00281 0.91663 -1.17557 1.91603 0.26718 
0.03418 0.00342 0.92114 -0.40458 3.01527 1.02290 
0.03259 0.01074 0.91248 0.12214 4.12977 1.30534 
0.02832 0.02454 0.89819 0.92366 5.29771 1.15267 
0.01807 0.03796 0.88074 -1.18321 5.14504 0.91603 
0.02295 0.03870 0.89905 -3.35115 3.17557 0.26718 
0.01343 0.01746 0.92371 -6.22137 1.76336 -0.12977 
0.00879 0.00159 0.93274 -7.40458 0.72519 -1.32824 
0.01062 -0.01160 0.93091 -7.95420 -1.01527 -3.37405 
0.01013 -0.01953 0.93872 -8.26718 -2.22901 -4.59542 
0.02588 -0.02808 0.94751 -8.67176 -2.11450 -4.76336 
0.05579 -0.02795 0.94470 -3.80153 0.38168 -3.33588 
0.06201 -0.01965 0.93945 0.41985 3.92366 -1.39695 
0.06030 -0.01990 0.94031 2.45038 6.39695 0.51908 
0.03552 -0.03296 0.96045 2.57252 6.77099 2.22137 
0.03491 -0.01929 0.94409 2.68702 4.95420 1.29008 
0.03284 0.00195 0.91101 2.44275 1.56489 -0.32824 
0.03552 0.01733 0.89404 0.80153 -1.48855 -2.09924 
0.01917 0.01453 0.89893 -1.77863 -3.21374 -2.40458 
0.00513 0.00122 0.89514 -2.55725 -4.78626 -3.00000 
0.00781 -0.00342 0.91211 -3.01527 -5.83206 -2.51908 
0.03955 -0.00049 0.90784 -3.99237 -3.74046 -0.99237 
0.04565 -0.00940 0.91174 -4.77099 -2.51145 -0.37405 
0.04187 -0.04163 0.92188 -5.87023 -2.76336 -0.03053 
0.06287 -0.03796 0.92517 -3.94656 -2.15267 -0.93893 
0.06238 -0.02893 0.92419 -0.12977 2.38168 0.02290 
0.02661 0.00073 0.88586 4.77863 8.36641 2.46565 
0.00964 0.00122 0.89026 5.24427 9.54198 4.66412 
0.00623 -0.01526 0.93176 0.90840 9.28244 4.58015 
-0.00537 -0.03833 0.95618 -2.95420 7.96183 3.51908 
0.00659 -0.03052 0.93762 0.74046 5.61069 1.75573 
0.00635 -0.00330 0.91870 4.17557 4.41985 1.83206 
0.00159 0.00903 0.91541 4.52672 2.45038 1.79389 
0.00146 0.00037 0.92432 3.77099 -0.22137 0.93130 
0.01062 0.00098 0.92871 3.66412 -2.64885 -0.83969 
0.02173 -0.00513 0.93066 4.30534 -2.53435 -0.90840 
0.03381 0.00354 0.92578 4.90076 -1.09160 -0.41985 
0.03455 0.01794 0.90930 3.07634 0.51908 0.50382 
0.00146 -0.00574 0.90710 -3.97710 -0.70992 0.77863 
0.00940 -0.02942 0.93372 -5.76336 -4.06107 -0.51908 
0.03979 -0.03540 0.94800 -2.89313 -4.37405 -1.48092 
0.04236 -0.01477 0.92041 1.35878 1.03817 -1.20611 
0.03430 -0.00732 0.92236 6.21374 3.92366 -0.15267 
0.01733 -0.00696 0.93433 7.03817 7.28244 2.22901 
-0.03589 -0.01379 0.93335 4.57252 10.92366 7.06870 
-0.03870 0.00720 0.88538 7.61069 8.31298 8.74046 
-0.02112 0.03247 0.86963 7.53435 2.45038 8.06870 
0.01392 0.03308 0.88794 3.68702 -1.63359 5.96947 
0.03638 0.00391 0.92749 -0.48855 -0.80916 4.00000 
0.03308 -0.00366 0.93066 -0.78626 1.79389 3.14504 
0.02515 0.02148 0.91064 0.00000 3.51145 2.52672 
-0.00732 0.01111 0.91663 -2.38168 3.04580 3.04580 
0.00635 -0.00842 0.93237 0.80916 1.14504 5.34351 
0.04492 -0.01514 0.91968 0.79389 2.06870 5.21374 
0.06482 -0.00281 0.90588 4.57252 4.93893 4.25191 
0.01672 -0.00610 0.89929 5.59542 7.50382 3.77099 
0.00745 0.02649 0.91443 11.06870 7.86260 8.56489 
-0.00098 0.03723 0.89807 -1.39695 7.74046 11.64122 
-0.01526 0.02441 0.85876 -10.30534 2.35115 9.08397 
-0.01392 0.00623 0.90137 -8.42748 -10.08397 0.22137 
0.01111 -0.02283 0.93335 -5.81679 -12.67176 -1.62595 
0.03186 -0.04114 0.96338 1.30534 -4.97710 3.08397 
0.06799 -0.00232 0.87781 9.31298 3.12977 8.54198 
0.07910 0.07764 0.79944 25.47328 6.77863 14.16794 
0.01001 0.01282 0.91699 4.42748 9.05344 10.49618 
0.02271 -0.03064 0.95435 1.03053 3.89313 -0.05344 
0.07056 -0.02112 0.94775 3.11450 -2.02290 -2.29008 
0.04810 -0.02686 0.96057 -2.02290 2.00763 -3.85496 
0.01343 0.02161 0.94788 7.33588 5.00000 0.67939 
-0.02271 0.04736 0.94153 5.96183 2.25954 2.20611 
-0.03711 0.05017 0.93298 -0.08397 -1.80916 -0.04580 
-0.04370 0.06042 0.91699 1.97710 -6.78626 -1.53435 
0.03723 0.03760 0.93665 6.04580 -11.61069 0.32061 
0.10547 0.02502 0.93774 1.65649 -5.09924 5.23664 
0.06531 0.04688 0.88342 -8.48092 -8.67176 11.74809 
0.00012 0.03735 0.88916 -7.68702 -40.60305 2.46565 
0.08447 0.03394 0.99878 -6.82443 -54.48855 -4.83206 
0.05310 0.01196 0.96887 -6.51145 -51.28244 -4.75573 
0.07788 -0.00513 1.03320 3.39695 -30.39695 -2.67939 
0.06775 0.01038 1.03015 8.48092 -9.20611 0.58015 
0.08618 0.01099 1.02209 13.45038 9.96183 -0.69466 
0.10840 0.00391 0.99097 5.73282 25.64122 -2.56489 
0.07117 0.01208 0.95923 0.79389 31.14504 -3.62595 
0.04187 0.02283 0.94922 -0.32061 32.67176 -5.77863 
0.01367 0.03210 0.93530 1.86260 29.58015 -10.00000 
0.01318 0.02222 0.91028 5.57252 24.38931 -10.76336 
0.03687 0.02686 0.91492 11.45802 17.01527 -9.35878 
0.09253 0.02820 0.92810 3.62595 8.58015 -1.36641 
0.09424 0.00769 0.88599 -2.40458 1.60305 1.96947 
0.06104 0.00891 0.90784 0.11450 -6.06107 1.48092 
0.02942 0.02771 0.91064 2.77099 -10.03053 3.31298 
0.02808 0.04517 0.92883 5.83206 -7.86260 3.97710 
0.02271 0.04504 0.92200 7.67939 -3.22901 2.12214 
0.03418 0.04211 0.89124 6.74809 -0.46565 -3.65649 
0.06580 0.03821 0.87195 1.30534 -1.41221 -12.87023 
0.07849 0.02271 0.87097 -0.02290 -2.41985 -15.12977 
0.05225 0.02856 0.86719 -2.45802 -2.55725 -10.73282 
0.03760 0.03564 0.87097 -4.09924 -4.93130 -5.10687 
0.03149 0.02808 0.88208 -3.28244 -6.26718 -3.16031 
0.04163 0.02856 0.87756 0.25191 -4.02290 0.04580 
0.05322 0.01733 0.88269 5.89313 -0.12214 2.06870 
0.05957 0.01184 0.87231 7.65649 1.07634 0.94656 
0.05530 0.01025 0.86511 6.88550 1.28244 -2.98473 
0.04541 0.01440 0.87561 3.77099 1.35115 -5.81679 
0.03198 0.00696 0.87195 0.30534 2.85496 -3.32824 
0.04761 0.00903 0.86731 -1.45038 3.01527 -1.29771 
0.06372 0.00891 0.88220 -1.81679 1.66412 -1.40458 
0.07080 -0.00171 0.89233 -3.25191 0.08397 -0.91603 
0.07568 0.00586 0.90698 -2.25191 -0.72519 0.64885 
0.06653 0.02893 0.91968 0.48092 -0.42748 1.35878 
0.06262 0.04517 0.93030 2.64122 -0.14504 0.27481 
0.05518 0.04810 0.94080 2.13740 -0.48092 -3.29008 
0.03870 0.02722 0.93921 0.18321 -0.65649 -3.00763 
0.03748 0.01868 0.94092 -2.39695 -0.39695 0.71756 
0.05579 0.03650 0.94421 -5.02290 0.77099 3.83969 
0.08374 0.07666 0.93115 -6.51908 3.15267 -0.06870 
0.08008 0.09204 0.92737 -5.60305 3.54198 -6.67176 
0.06140 0.08716 0.92407 -3.03817 2.87023 -9.46565 
0.04663 0.05591 0.92029 -0.12214 1.70992 -5.69466 
0.03784 0.03674 0.91626 0.12977 0.66412 -1.40458 
0.04175 0.03284 0.91333 -1.91603 -0.40458 2.03053 
0.04956 0.02271 0.90808 -4.03053 -0.90840 2.47328 
0.05225 0.02209 0.89734 -1.64885 -0.68702 -3.03053 
0.03943 0.02625 0.89575 0.10687 -1.23664 -6.83206 
0.01062 0.01843 0.88721 3.00763 -2.00763 -6.94656 
0.00500 -0.01575 0.85217 5.19847 -1.35115 -4.03053 
0.03357 -0.01648 0.79443 4.48092 0.58015 -2.74809 
0.03479 0.00513 0.69690 0.38168 1.62595 -5.50382 
0.08960 0.03369 0.56519 -8.03817 1.00763 -7.49618 
0.13220 -0.02991 0.30566 13.32824 6.52672 -4.85496 
0.05042 0.02588 -0.14185 173.55725 17.92366 -8.83206 
0.02661 0.05981 -0.16736 124.44275 44.72519 -22.41985 
0.00696 0.00452 -0.15759 118.07633 56.09160 -27.03817 
0.05054 -0.10559 -0.08081 136.86259 76.00000 -32.45802 
0.01855 -0.04321 -0.04187 168.08397 85.81680 -33.28244 
0.00684 -0.02954 0.02441 130.78625 90.67939 -33.98473 
-0.03687 2.04248 1.98096 81.93130 90.76336 -30.41221 
-0.37866 -0.30896 2.20349 -250.13741 122.48855 -65.73283 
-0.60266 -0.51990 1.75598 -14.86260 -49.15267 -26.34351 
-0.09802 0.10876 0.96948 88.04580 -152.29007 25.62595 
-0.04846 0.01233 0.60376 3.25954 -106.44275 25.39695 
-0.09705 0.12488 1.39246 -87.71756 6.63359 -7.30534 
0.08691 0.20520 1.67688 -37.77099 30.51145 -3.23664 
-0.12805 0.18848 1.16443 -14.85496 -25.89313 10.94656 
0.00793 0.14294 0.98340 13.61069 -43.32061 8.72519 
0.03394 -0.01147 0.76721 35.69466 -29.87023 3.96183 
-0.04028 0.19531 0.68970 12.69466 12.60305 -2.11450 
-0.10010 0.15808 0.77075 -35.95420 17.25191 -0.54962 
-0.05603 0.11719 0.98389 -36.66412 -4.89313 8.77863 
0.02539 0.01514 1.00171 0.87023 -4.20611 11.96947 
0.09436 0.06445 0.90723 37.91603 14.07634 5.22901 
0.00879 0.10022 0.86487 22.05343 22.19084 -2.08397 
-0.05603 0.13562 0.91614 -4.00000 2.67939 0.48855 
-0.03430 0.08875 0.97278 -9.74046 -24.51908 6.96183 
0.05969 0.08801 0.96179 10.07634 -27.11450 5.18321 
0.05151 0.07813 0.89954 10.17557 -10.36641 -0.57252 
-0.00854 0.13647 0.92395 7.91603 -5.61832 0.90840 
0.00708 0.13599 0.87109 -10.07634 -7.96947 3.16794 
0.01575 0.08655 0.82947 -18.84733 3.48855 2.90840 
0.01929 0.12122 0.87488 -23.77863 17.87786 -0.19847 
0.02625 0.15137 0.98950 -41.88550 13.06107 -2.35878 
-0.00354 0.08533 0.97473 -42.99237 -11.29008 -0.70229 
-0.00952 0.03430 0.95105 -28.52672 -27.30534 -0.35878 
-0.04150 0.00940 0.85010 -22.50382 -9.39695 0.54198 
-0.06763 0.03760 0.86023 -21.32825 13.81679 5.12977 
-0.03357 0.06580 0.93640 -21.28244 4.72519 10.02290 
0.02527 0.04333 0.94019 -18.87023 -7.05344 10.73282 
0.07410 0.03955 0.92358 -8.61832 3.42748 5.16031 
0.03577 0.03491 0.88049 -0.58015 12.00000 1.87023 
0.00293 0.02808 0.86438 -3.17557 6.22901 2.19084 
-0.00281 0.05798 0.91931 -11.88550 -4.09924 2.51908 
-0.00928 0.03516 0.93738 -19.83969 -6.64885 2.39695 
-0.01697 0.00183 0.93750 -18.86259 -0.00763 3.34351 
0.00891 -0.00476 0.92773 -6.39695 8.56489 6.16794 
0.03906 0.01843 0.93518 0.54962 1.52672 6.09160 
0.05188 0.02869 0.92297 6.33588 -14.58015 3.58015 
0.05945 0.05676 0.91919 -10.93893 -20.84733 -0.55725 
0.05212 0.00879 0.87878 -23.35114 -8.93130 -1.98473 
0.01660 -0.02698 0.90125 -17.36641 -0.12214 -0.30534 
0.00159 -0.01477 0.88696 -4.74809 1.41221 4.63359 
0.04480 0.01367 0.93152 4.42748 3.38931 4.61832 
0.07056 0.04639 0.95740 5.07634 8.98473 1.16794 
0.04321 -0.00623 0.89685 -6.64885 2.20611 -3.54962 
0.01440 -0.02637 0.84509 -2.60305 -5.12214 -4.12214 
0.01978 -0.01416 0.89917 -4.29008 -2.16794 -2.65649 
0.01782 -0.00586 0.93591 -5.36641 2.59542 -1.58015 
0.02417 -0.00562 0.94373 -2.48092 0.35115 -1.25191 
0.02380 -0.00708 0.95642 1.40458 -1.27481 -1.36641 
0.03467 -0.00818 0.93530 4.41221 1.86260 -2.82443 
0.00500 -0.00562 0.91772 1.94656 1.52672 -2.75573 
-0.00195 -0.01025 0.94897 1.35115 0.32061 -0.55725 
0.03381 0.02649 0.97144 -1.64122 7.27481 1.43511 
0.05945 0.01917 0.98816 -4.74046 15.10687 -0.04580 
0.00769 -0.02759 0.94910 -4.26718 16.68702 -5.23664 
-0.04858 -0.00940 0.95728 -6.29771 -4.11450 -6.81679 
-0.05469 -0.08313 0.98999 -15.89313 -25.89313 -7.92366 
-0.05518 -0.03320 1.04163 -18.77099 -51.48092 -13.62595 
-0.00354 -0.01392 1.00806 -20.09160 -67.60305 -13.19847 
0.13184 0.00940 0.97119 -21.51145 -86.89313 -6.76336 
0.20789 -0.02368 0.97021 -9.04580 -90.31298 2.34351 
0.24890 -0.04883 0.98108 9.95420 -79.47328 23.21374 
0.24341 -0.06897 1.02185 14.94656 -61.72519 39.51145 
0.17639 0.00464 1.05078 21.43511 -28.32061 52.33588 
0.15637 0.05981 1.05981 19.28244 -1.54962 46.06870 
0.19019 0.05579 1.06152 10.67176 24.07634 32.44275 
0.17725 0.04199 1.03784 3.80916 54.70229 20.39695 
0.18542 0.02307 1.01868 1.52672 75.33588 14.30534 
0.17822 0.00549 0.99902 2.03817 93.66412 7.91603 
0.07446 -0.00427 0.95984 -2.90076 104.01527 1.86260 
0.02966 -0.00256 0.95386 -6.90076 100.61832 -2.52672 
-0.00183 -0.01746 0.89990 -11.61069 89.45802 -5.78626 
-0.00964 -0.05762 0.89136 -25.41221 59.04580 -6.25191 
-0.04749 -0.05054 0.89453 -26.38931 29.12214 -2.99237 
-0.02930 -0.03687 0.90662 -25.20611 -0.51145 2.77099 
0.00427 -0.03552 0.90674 -16.03053 -8.02290 8.41985 
0.03613 -0.03821 0.87134 1.32061 -13.12977 11.60305 
0.02087 -0.05298 0.85828 4.21374 -22.37405 7.72519 
-0.01025 -0.05225 0.86926 3.20611 -29.38168 3.26718 
-0.02014 -0.03455 0.90991 -0.96947 -28.69466 -3.42748 
0.01233 -0.01855 0.89294 -2.16031 -22.29008 -8.95420 
0.04333 -0.02747 0.88916 3.49618 -14.09160 -15.77099 
0.02417 -0.06042 0.89893 9.08397 -10.50382 -11.25954 
0.02954 -0.06140 0.91248 13.83969 -6.15267 -0.89313 
0.02173 -0.03320 0.91003 17.24427 -1.48092 4.12214 
0.01404 -0.00171 0.92505 21.77863 4.23664 5.58015 
0.03577 -0.03113 0.87610 20.52672 7.93893 3.79389 
0.05884 -0.04431 0.84045 20.51908 3.67939 1.00000 
0.02356 -0.00940 0.83679 26.93893 -4.65649 -0.54198 
0.01550 0.03870 0.89172 33.89313 -7.95420 -1.67939 
0.02966 0.02844 0.85986 31.48855 -4.66412 -1.53435 
0.04236 0.01221 0.82056 27.40458 -2.15267 -4.30534 
0.06177 -0.01575 0.79590 23.24427 1.37405 -4.41221 
0.05237 0.01160 0.79761 19.65649 2.47328 1.27481 
0.04382 0.05176 0.79236 11.64886 2.51908 3.90840 
0.03357 0.05994 0.81226 6.75573 0.12977 -4.49618 
0.02588 0.04712 0.82764 5.93130 -0.27481 -9.28244 
0.03857 0.02612 0.82935 5.49618 1.41985 -8.14504 
0.07629 -0.02454 0.78479 3.79389 4.25191 -3.81679 
0.08472 -0.03613 0.76453 -3.22901 -0.95420 -4.09924 
0.05701 -0.01294 0.78345 -5.61069 -7.04580 -7.65649 
0.04700 0.01013 0.82861 -3.78626 -9.35878 -7.70229 
0.02344 0.03833 0.86450 2.87023 -6.86260 -2.27481 
0.02710 0.04187 0.89893 2.67176 -2.90840 3.50382 
0.04419 0.01416 0.89282 -0.80916 2.06107 5.83969 
0.07141 -0.00598 0.87268 -7.41985 4.60305 2.93130 
0.07007 -0.00073 0.87915 -9.61069 2.30534 0.50382 
0.06238 0.02014 0.90906 -10.34351 -0.45802 1.97710 
0.04834 0.05908 0.94043 -5.58015 -0.58779 5.89313 
0.05188 0.06055 0.93970 -1.12214 0.22137 6.44275 
0.06738 0.02356 0.92944 0.30534 0.52672 4.84733 
0.06055 0.01782 0.92358 -0.45802 -0.80916 3.58015 
0.04932 0.02551 0.93872 -3.41221 -1.74046 4.35115 
0.04614 0.01660 0.92236 -6.93893 -0.62595 4.78626 
0.01660 0.01782 0.88672 -8.31298 0.40458 2.03817 
0.01428 0.02502 0.84656 -5.45038 0.34351 -2.45038 
0.03320 -0.02686 0.72961 1.41985 -0.69466 -1.58015 
0.08142 -0.08264 0.61560 4.20611 -2.23664 4.62595 
0.11560 -0.07483 0.48364 4.38168 -3.60305 10.77863 
0.05774 -0.04529 0.38501 36.44275 4.22137 24.98473 
0.01929 0.08240 -0.15271 112.67939 17.45038 30.67939 
0.03015 0.01880 -0.18628 100.65649 45.38168 21.38931 
0.02856 0.00342 -0.15564 115.22137 57.17557 14.51145 
0.05298 0.01270 -0.10425 120.21374 64.28244 7.37405 
0.03479 -0.04761 -0.07874 109.09924 78.69466 -1.87023 
-0.00427 -0.06628 -0.07117 142.87022 84.34351 -3.69466 
0.19299 2.03723 1.56104 23.84733 62.58015 5.32824 
-0.84009 3.19727 3.99988 -102.13741 -172.91603 118.83969 
0.26111 -0.15784 2.37708 -156.95419 -250.13741 -13.02290 
0.08655 -0.41772 1.64075 51.74046 -243.32825 -16.22137 
-0.12781 -0.25098 0.74939 134.92366 -37.37405 12.83969 
0.21936 0.32996 0.62024 97.27481 99.53435 22.56489 
0.44360 0.63843 0.92078 -59.96183 88.99236 7.58015 
0.23877 0.15479 1.25488 -127.53435 39.20611 -3.51145 
0.12512 0.00159 0.90564 -47.41221 -18.24427 -29.03817 
0.03796 0.16174 1.02698 -13.57252 -42.67939 -15.76336 
0.01782 0.13306 1.08008 -3.20611 -16.35114 0.90840 
0.05481 0.14417 1.01233 -8.97710 16.26718 8.10687 
0.10266 0.12305 0.97400 -15.92366 32.03817 9.54962 
0.12781 0.08252 0.94519 0.39695 23.78626 8.03817 
0.15588 0.11951 0.94824 5.26718 12.14504 4.38931 
0.14722 0.08130 0.92480 -3.91603 5.59542 -0.51908 
0.10925 0.06250 0.92358 -9.41985 8.59542 -3.67939 
0.06482 0.03931 0.94995 -6.75573 16.32825 -2.09160 
0.05151 0.05615 0.91077 1.48855 15.53435 -0.04580 
0.03967 0.06689 0.88123 3.23664 16.03053 2.80153 
0.08179 0.07568 0.89624 3.48092 21.80153 7.90076 
0.11731 0.07874 0.91248 4.25191 19.95420 8.03817 
0.12976 0.06824 0.88135 5.35115 9.45038 3.80916 
0.10693 0.07178 0.83289 5.94656 -0.86260 -2.35878 
0.03516 0.09180 0.83472 -5.70229 1.52672 -4.11450 
0.02258 0.08960 0.90173 -16.76336 11.45802 -0.06870 
0.04260 0.06006 0.94958 -14.81679 15.86260 4.00763 
0.07971 0.06812 0.92102 -2.92366 8.58779 4.63359 
0.08655 0.07227 0.90100 -0.32824 1.29008 2.55725 
0.06140 0.06824 0.88538 -2.69466 -1.86260 0.42748 
0.04773 0.07727 0.91821 -3.32824 1.25954 0.31298 
0.03247 0.07166 0.94153 -0.12214 7.99237 2.72519 
0.05811 0.07593 0.91956 2.93130 6.75573 4.75573 
0.07336 0.08618 0.89575 2.20611 -2.83206 3.08397 
0.05249 0.08984 0.89221 -6.23664 -9.79389 0.25954 
0.04187 0.07007 0.95752 -12.72519 -4.19084 1.16031 
0.05286 0.06555 0.98694 -10.45038 5.19847 4.24427 
0.08289 0.06616 0.97803 -7.48092 7.80153 6.23664 
0.07458 0.04517 0.93298 -4.51145 -5.99237 3.20611 
0.07788 0.04236 0.93530 3.76336 -13.96183 1.59542 
0.08582 0.08606 0.97046 0.97710 -7.31298 1.53435 
0.07947 0.05762 0.96460 -3.26718 3.06870 2.33588 
0.05481 0.05908 0.88623 -11.28244 5.52672 3.73282 
0.08203 0.06006 0.89014 -13.21374 -1.88550 2.35878 
0.07690 0.05652 0.84180 -3.16031 -8.62595 -0.37405 
-0.00110 0.07007 0.91980 -7.09924 -6.21374 0.79389 
0.00635 0.04565 0.97827 -5.63359 -3.27481 8.47328 
0.11548 0.05872 0.96460 -4.13740 -2.32824 10.01527 
0.17786 0.02515 0.97510 -4.94656 1.09924 1.70229 
0.12671 0.04211 0.92664 -8.11450 3.31298 -5.74046 
0.11060 0.03149 0.95862 -12.89313 2.12214 -7.96183 
0.09253 0.05286 0.98157 -17.30534 -5.16031 -8.34351 
0.09070 0.02930 0.95081 -13.45802 -9.77099 -11.45802 
0.06982 0.01758 0.97595 -2.22137 -7.69466 -8.74046 
0.05054 0.02917 0.99304 -2.45802 0.05344 -3.63359 
0.08069 0.04260 0.95166 -14.09924 2.84733 -2.03053 
0.13477 0.01538 0.92859 -18.33588 0.60305 -2.12977 
0.11206 0.01196 0.91162 -14.97710 -23.91603 -1.07634 
0.11536 0.03662 0.96411 -9.40458 -43.12977 0.03053 
0.09814 0.01001 0.98853 -5.59542 -52.41985 6.84733 
0.18469 0.00049 1.07837 -0.93130 -49.10687 10.09160 
0.12732 0.08020 1.04858 3.26718 -31.21374 6.06107 
0.14697 0.07153 1.06470 2.11450 -8.38931 -1.05344 
0.16797 0.00488 1.05286 -4.90840 6.42748 0.48855 
0.14343 -0.01172 1.03259 -7.85496 18.74809 4.33588 
0.12170 0.00610 0.98413 -5.43511 26.66412 5.48855 
0.11951 0.02075 0.97925 1.22137 29.97710 1.34351 
0.10596 0.04272 0.96716 3.58015 28.53435 -1.54198 
0.10461 0.02588 0.98291 1.91603 26.78626 -4.39695 
0.07947 0.02588 0.97375 -2.41985 26.74809 -4.58015 
0.10315 0.01208 0.95422 -4.52672 30.56489 -6.20611 
0.12292 -0.00098 0.90735 -8.29771 33.67939 -10.39695 
0.10229 -0.00879 0.87244 -10.01527 32.07634 -11.35878 
0.07556 -0.01416 0.87463 -6.68702 26.12214 -5.25954 
0.05701 -0.00781 0.88916 -0.97710 19.93130 4.39695 
0.07983 0.02771 0.89917 1.77863 19.01527 7.89313 
0.08337 0.04211 0.87341 -1.23664 18.24427 1.00763 
0.07178 0.05591 0.88635 -1.41985 14.87023 -12.68702 
0.03772 0.00000 0.87366 -2.38931 10.00000 -17.52672 
0.01575 -0.01135 0.88110 -0.06107 9.48855 -9.65649 
0.01099 -0.00317 0.88025 2.90076 11.77099 0.38168 
0.02637 0.01685 0.88184 3.92366 15.12977 1.99237 
0.05188 0.02783 0.87842 3.90076 18.88550 -0.39695 
0.05322 0.00378 0.86023 4.73282 18.52672 -1.70992 
0.03223 -0.00684 0.86438 3.68702 13.63359 2.22901 
0.01697 0.00085 0.85803 1.12214 10.54962 5.51145 
0.02637 0.02051 0.86255 0.38168 9.38168 3.78626 
0.04517 0.01868 0.84436 -0.39695 7.87023 -2.20611 
0.03369 0.01367 0.84167 1.91603 4.74046 -6.91603 
0.01111 0.01965 0.85193 6.00000 3.29008 -6.14504 
0.02039 0.02344 0.85571 5.67176 3.03053 -3.53435 
0.05493 -0.02002 0.82568 4.83969 0.68702 -2.54198 
0.04163 -0.01953 0.81226 3.83969 -4.74809 -4.80916 
0.01831 0.00354 0.84119 5.06870 -9.65649 -4.28244 
0.01086 0.01453 0.85876 7.21374 -11.26718 -0.24427 
0.01233 0.02344 0.86108 14.93893 -10.07634 2.06107 
0.02209 0.00513 0.86206 19.58779 -9.05344 0.03817 
0.03259 -0.01453 0.86914 20.97710 -6.95420 -0.78626 
0.04175 -0.03564 0.86267 13.24428 -4.35878 2.86260 
0.04529 -0.01086 0.85742 5.60305 -4.20611 2.55725 
0.04114 0.01648 0.86328 -1.72519 -4.87023 -2.40458 
0.03003 0.03076 0.88928 -3.39695 -3.72519 -7.19847 
0.01685 0.00696 0.90015 -1.44275 -1.18321 -4.26718 
0.03333 0.00061 0.88904 -0.52672 0.90840 -0.80916 
0.04395 -0.00110 0.88940 -1.58015 1.39695 -2.79389 
0.05310 0.00220 0.89746 -4.47328 1.74046 -4.25954 
0.05212 -0.00171 0.89746 -7.93893 1.61069 -2.12977 
0.02515 0.03101 0.91174 -4.70229 0.37405 0.67939 
0.01440 0.03809 0.93091 -1.23664 0.25191 2.48092 
0.02405 0.03687 0.93750 2.63359 0.97710 3.33588 
0.04016 0.01538 0.92102 2.71756 1.48092 2.80916 
0.04517 -0.01001 0.90320 -2.09160 1.33588 2.08397 
0.03186 0.00037 0.90002 -5.06107 0.98473 0.29771 
0.01489 0.01782 0.89148 -6.34351 1.82443 -2.02290 
0.01355 0.01465 0.88586 -5.17557 3.67939 -2.41221 
0.03186 -0.00940 0.85962 -4.33588 4.57252 1.19847 
0.03223 -0.01355 0.81799 -3.76336 2.41221 5.34351 
0.02271 0.00513 0.78418 -0.66412 -0.88550 6.27481 
0.01721 -0.01477 0.70789 1.25191 -4.41221 3.41985 
0.03564 -0.05579 0.61255 -1.17557 -5.26718 0.58779 
0.07776 -0.04797 0.51379 2.31298 -1.68702 5.56489 
0.10645 -0.03113 0.36658 15.56489 15.19084 18.82443 
0.05969 -0.02722 -0.09717 93.06870 41.21374 25.16031 
0.03821 0.09583 -0.18164 129.51909 59.48092 15.93130 
0.02795 0.01453 -0.15332 110.00000 75.36641 3.95420 
0.02979 0.00745 -0.12903 113.65649 82.04580 -3.16794 
0.01050 -0.07678 -0.10803 123.16031 97.38168 -10.94656 
-0.01807 0.01587 -0.09631 131.35878 95.39695 -12.90076 
0.25024 1.42737 2.02026 -237.49619 41.11450 22.38931 
-0.88940 0.74072 3.99988 -213.18321 -153.65649 90.40458 
0.30078 -0.33447 2.43762 -165.63359 -233.46565 -22.38931 
-0.23657 -0.25745 1.22339 113.03053 -222.93893 -14.35114 
-0.18286 -0.29297 0.81006 87.58015 -102.04580 2.81679 
0.17126 0.29993 0.88501 11.36641 58.80916 36.61069 
0.34473 0.31067 1.25281 -78.82442 113.16031 32.72519 
0.19495 0.02795 1.05872 -85.61832 70.13741 -0.41985 
0.08154 -0.02661 0.93762 13.42748 6.03053 -11.29771 
-0.01599 0.19604 0.98706 51.14504 -33.06870 -9.64122 
-0.03516 0.16174 1.01575 8.53435 -25.74809 -2.09160 
0.01270 0.18835 1.02734 -16.00763 4.74046 4.32061 
0.04773 0.09558 1.02966 -28.83206 25.50382 6.20611 
0.05847 0.09363 0.99072 5.70992 19.30534 7.30534 
0.04517 0.11694 0.90686 -1.50382 7.86260 6.46565 
0.06567 0.09229 0.87854 -19.48855 0.73282 7.42748 
0.11450 0.03955 0.92285 -24.15267 0.51145 5.55725 
0.10144 0.03088 0.94727 -12.12977 1.87023 0.78626 
0.09875 -0.00732 0.93750 9.75572 -0.87023 -0.80916 
0.06726 0.05310 0.87231 9.02290 5.49618 -1.82443 
0.06311 0.03198 0.87183 1.80153 12.74809 2.38168 
0.07861 0.03748 0.88440 -1.04580 15.37405 3.25954 
0.07336 0.03687 0.86951 -1.98473 10.81679 1.33588 
0.04163 0.05188 0.88660 1.45802 3.70992 -0.54198 
0.03442 0.06055 0.89880 2.77863 2.77863 0.38168 
0.03625 0.06311 0.90308 2.51145 5.19084 1.61832 
0.04321 0.06702 0.87585 2.74809 6.68702 2.54962 
0.02454 0.06372 0.84412 -1.34351 2.21374 3.03817 
0.03491 0.05444 0.85254 -2.32061 -7.62595 4.35115 
0.06152 0.06689 0.90479 -4.57252 -7.51908 4.54962 
0.07922 0.06836 0.94458 -7.45802 0.96183 4.38931 
0.06628 0.06519 0.99292 -5.45038 10.77099 2.80916 
0.03442 0.05615 0.98425 -3.51908 9.94656 2.29771 
0.03052 0.05212 0.96655 1.27481 4.88550 2.53435 
0.03308 0.06177 0.92627 2.49618 -0.28244 2.32061 
0.03772 0.07068 0.92615 -2.12977 -2.09160 2.89313 
0.04712 0.06653 0.96619 -7.09924 -3.00763 3.26718 
0.04785 0.05701 0.99377 -5.64122 -5.48092 2.64122 
0.03076 0.05676 0.95667 -0.09924 -8.80153 1.96947 
0.00586 0.06299 0.89661 -0.41985 -11.10687 3.93893 
0.01587 0.07568 0.91125 -5.09160 -9.57252 7.70229 
0.06091 0.06482 0.98071 -9.36641 -7.84733 10.97710 
0.08521 0.05554 0.91272 -24.63359 -10.22901 9.84733 
0.10022 0.02173 0.91931 -22.15267 -17.18321 8.41221 
0.10413 0.01685 0.89514 -28.51908 -16.42748 3.37405 
0.11499 -0.01404 0.90173 -5.36641 1.52672 0.54198 
0.09009 0.00720 0.91016 1.86260 7.98473 2.66412 
0.10510 0.00220 0.93860 12.43511 11.27481 3.85496 
0.10193 0.02014 0.87341 12.19084 13.68702 4.03817 
0.06567 0.03552 0.88782 14.45038 6.78626 1.25191 
0.09229 0.06323 0.95715 4.01527 -1.53435 2.12214 
0.12219 0.02820 0.97180 -14.50382 -7.44275 0.78626 
0.11792 0.01477 0.97937 -17.46565 -5.24427 -4.52672 
0.08911 0.00562 0.96082 -12.32824 -0.11450 -6.74046 
0.09570 0.02576 0.99756 -2.81679 4.38931 -2.79389 
0.09192 0.02979 0.97534 -6.45038 8.88550 0.29008 
0.10120 0.02344 0.97388 -7.06870 9.31298 1.41221 
0.09717 0.01733 0.95874 -10.06870 -8.54962 0.93130 
0.08972 0.04688 0.99255 -9.24428 -48.88550 0.19847 
0.12769 0.02502 1.00439 -9.93893 -67.99236 4.55725 
0.21240 0.00488 1.09558 -5.45038 -68.41222 11.14504 
0.13135 0.04529 1.07593 2.24427 -43.50382 13.69466 
0.12439 0.03271 1.05786 -3.96183 -26.29008 6.93893 
0.12366 0.01563 1.03784 -3.37405 -17.39695 2.19084 
0.13513 0.00562 1.03687 -1.35115 -12.19847 4.93130 
0.17310 -0.01160 1.02759 -3.64122 -2.12977 8.85496 
0.20825 -0.00854 1.00549 -9.33588 23.22901 8.64886 
0.17493 0.03406 0.96387 -10.42748 48.25191 3.67176 
0.13379 0.03687 0.94519 -4.05344 55.63359 0.58779 
0.11182 0.04651 0.95154 -1.35878 57.22901 1.38931 
0.09082 0.03406 0.90613 -7.44275 57.67176 -0.29008 
0.10034 -0.01404 0.86853 -15.54962 54.00000 -11.18321 
0.05725 -0.03784 0.87268 -17.54198 37.48092 -24.51908 
0.00232 -0.02930 0.89648 -15.61069 25.49618 -21.43511 
0.00830 -0.03149 0.90747 -10.43511 18.38931 -8.31298 
0.03564 -0.04163 0.88733 -5.48092 18.87023 -3.58779 
0.04602 -0.02368 0.86865 -0.54962 21.38168 -3.06870 
0.04126 -0.04443 0.82764 0.25191 20.00000 -1.30534 
0.05322 -0.05371 0.82874 2.61832 12.74809 4.96183 
0.02405 -0.02954 0.85156 6.31298 1.45038 11.58779 
0.01550 -0.01489 0.87915 9.03817 -2.15267 9.44275 
-0.00708 0.00366 0.89429 10.14504 -2.64885 0.77099 
-0.01025 -0.01038 0.90198 7.41221 -1.13740 -7.03053 
0.00659 -0.03333 0.89636 3.85496 2.39695 -9.96947 
0.02222 -0.03809 0.88110 3.93130 3.61069 -8.80916 
0.03479 -0.05127 0.84619 5.41985 1.62595 -9.56489 
0.05090 -0.03967 0.82764 9.63359 -7.29771 -9.87023 
0.05225 -0.02393 0.85754 13.73282 -15.88550 -5.35878 
0.01636 0.00330 0.90344 21.08397 -20.53435 6.57252 
-0.00183 0.01611 0.92212 23.06870 -18.19847 14.50382 
0.00867 0.01501 0.91663 22.51908 -12.97710 15.43511 
0.05310 0.00281 0.88953 15.81679 -4.28244 7.47328 
0.07153 -0.01172 0.85400 11.02290 1.94656 2.26718 
0.06921 -0.01050 0.84924 8.06870 6.12214 0.97710 
0.02905 0.02612 0.86487 7.67939 7.40458 0.46565 
0.01038 0.04407 0.87402 7.29771 9.61832 0.16031 
0.01917 0.04395 0.87146 7.00000 11.88550 -0.18321 
0.05786 0.02637 0.84253 3.45038 13.27481 -0.08397 
0.10217 -0.00415 0.80835 -2.26718 11.84733 -3.06107 
0.08386 0.00171 0.81812 -4.75573 8.32061 -8.21374 
0.04907 0.02222 0.83411 -6.68702 5.74809 -10.51908 
0.03210 0.03186 0.84448 -2.79389 5.17557 -8.48092 
0.04041 0.00830 0.84851 -1.23664 4.72519 -4.58779 
0.03430 -0.00964 0.84436 -1.66412 3.88550 -0.26718 
0.05371 -0.01086 0.85120 -4.61832 3.15267 2.75573 
0.05164 0.01221 0.86340 -6.49618 3.07634 3.26718 
0.06128 0.03674 0.87195 -6.90076 3.06107 2.91603 
0.06335 0.04443 0.87512 -3.92366 2.13740 3.19847 
0.05701 0.03796 0.88611 -0.04580 -0.20611 4.87023 
0.04883 0.01538 0.90405 -0.58015 -2.98473 2.84733 
0.03650 0.01355 0.92065 -3.29008 -4.86260 -1.00763 
0.02917 0.02026 0.93164 -4.49618 -4.48855 -2.78626 
0.02649 0.02014 0.93481 -3.74046 -2.06107 -0.22901 
0.03064 0.02722 0.92249 -1.51145 -0.23664 1.49618 
0.03638 0.03711 0.90552 1.02290 0.19847 -1.41985 
0.04150 0.00427 0.87036 -0.19084 -3.35115 -7.64885 
0.02161 -0.02698 0.84204 -0.59542 -6.51145 -8.37405 
0.00818 -0.04541 0.79468 0.23664 -7.70992 -5.47328 
0.04504 -0.08557 0.67871 -0.43511 -7.83206 0.03053 
0.07239 -0.08521 0.58423 -12.29771 -5.96183 4.78626 
0.07715 -0.05811 0.50098 -8.07634 16.41985 20.78626 
0.03479 -0.04614 0.04663 48.28244 40.52672 26.70992 
0.03760 0.13184 -0.18713 147.74046 62.15267 19.48092 
0.03394 0.00879 -0.16724 104.47328 85.58778 5.00763 
0.02661 0.01013 -0.14832 111.98473 94.22900 -3.57252 
0.04700 -0.01465 -0.08960 103.27481 104.84733 -14.44275 
0.01453 -0.07629 -0.08630 120.47328 113.19847 -19.69466 
-0.03210 0.01624 -0.06860 91.67939 111.70992 -19.56489 
0.07532 1.36487 2.21191 -250.13741 -39.25191 92.26717 
-0.67407 -0.14319 3.65662 -250.13741 -250.13741 13.29008 
0.30017 -0.15051 2.04797 -12.97710 -250.13741 -14.63359 
-0.26709 -0.14746 1.32947 63.45802 -226.47328 -26.91603 
-0.02563 -0.42761 0.78052 60.46565 -30.90076 4.68702 
0.18567 0.20264 0.78857 57.74809 76.89313 19.20611 
0.46362 0.32031 1.17334 -43.74046 134.85497 8.96183 
0.27234 0.06750 1.02502 -62.66412 98.09161 6.34351 
0.12292 -0.01550 1.08643 -31.43511 33.71756 -20.74809 
0.02319 0.21094 1.27075 22.63359 -34.23664 -12.30534 
0.00806 0.09863 1.15356 -2.60305 -20.26718 -11.69466 
-0.04871 0.09253 0.97168 13.25191 20.71756 3.90076 
0.01880 0.13721 0.91919 6.05344 30.87786 12.20611 
0.07947 0.11768 0.87500 4.80916 19.77099 12.74809 
0.08850 0.10938 0.76501 3.95420 7.49618 5.54962 
0.10583 0.10071 0.81262 -7.83969 12.19084 4.36641 
0.11182 0.07092 0.88123 -16.42748 16.64886 1.53435 
0.08081 0.05505 0.91772 -11.51145 14.65649 -3.66412 
0.02112 0.04419 0.91724 1.25191 10.36641 -3.43511 
0.01038 0.04492 0.88538 7.52672 12.53435 1.96183 
0.05347 0.05164 0.86084 7.83206 17.48855 7.64885 
0.10669 0.05872 0.86951 0.93130 14.47328 7.35115 
0.10474 0.05432 0.90552 -1.67176 2.76336 0.90840 
0.06128 0.05469 0.91223 0.58779 -8.54198 -3.83206 
0.04626 0.06409 0.93005 2.74046 -9.58015 -3.35115 
0.06470 0.07483 0.90137 -5.77863 2.80916 1.64885 
0.09192 0.07727 0.99390 -12.92366 9.87023 1.85496 
0.07654 0.05359 1.01880 -9.66412 6.87786 -0.29008 
0.05981 0.03979 1.02405 1.23664 -6.67939 -3.88550 
0.05994 0.05396 0.97754 9.87023 -8.96947 -3.56489 
0.06543 0.06775 0.91638 12.83206 -0.14504 -2.39695 
0.04346 0.08655 0.86133 10.79389 9.00763 -1.36641 
0.02197 0.07971 0.86414 7.90076 4.93130 0.38168 
0.04016 0.05505 0.88074 6.80916 -2.18321 2.47328 
0.09412 0.05212 0.89490 6.16031 -3.51145 3.16794 
0.12305 0.05432 0.90259 4.93893 2.80916 0.45038 
0.08447 0.06470 0.90784 4.45802 11.25191 -6.39695 
0.01794 0.07275 0.91089 4.14504 9.65649 -9.00000 
-0.02136 0.06116 0.91357 4.55725 2.24427 -7.26718 
0.01465 0.05615 0.94690 2.06107 -4.43511 -0.90076 
0.06348 0.05884 0.97266 2.91603 -2.89313 1.82443 
0.09070 0.06934 0.96045 5.38931 3.61832 1.25191 
0.08875 0.08105 0.93677 7.77863 10.58015 -0.75573 
0.05396 0.09253 0.89526 10.97710 12.65649 -4.86260 
0.01111 0.10693 0.86401 12.76336 8.96183 -5.52672 
-0.01086 0.10278 0.87659 7.48855 6.99237 -3.02290 
0.01038 0.09277 0.87952 1.93893 7.18321 0.32824 
0.05066 0.09338 0.88538 -1.61069 2.94656 -0.65649 
0.02661 0.10107 0.88916 -2.16794 -1.80153 -4.94656 
0.00049 0.09399 0.90784 -1.20611 -2.48855 -4.78626 
0.00671 0.09863 0.91370 0.21374 3.02290 -0.65649 
0.02649 0.10046 0.93567 -1.75573 7.19084 1.96947 
0.04761 0.08630 0.93604 -1.30534 6.81679 2.52672 
0.04297 0.08362 0.94324 1.41985 1.75573 -0.25191 
0.02881 0.07471 0.91553 3.90840 -2.77863 -2.34351 
0.01831 0.08228 0.90869 5.16794 -1.86260 -2.44275 
0.01392 0.09473 0.89014 5.10687 3.96183 -0.74809 
0.01819 0.08887 0.88489 3.06107 12.06107 2.37405 
0.01453 0.08484 0.93591 -1.03053 16.14504 4.92366 
0.01147 0.09277 0.93628 1.04580 11.12977 5.03053 
0.01855 0.09119 0.91223 1.94656 1.79389 4.86260 
0.04565 0.08557 0.89075 -1.08397 -7.65649 3.63359 
0.05273 0.08740 0.92932 -3.45802 -12.08397 0.11450 
0.03687 0.08386 0.92773 -1.58015 -7.51145 -0.36641 
0.03735 0.08545 0.92810 0.73282 -0.51145 0.80916 
0.04846 0.08716 0.91870 3.37405 4.96947 2.70229 
0.05420 0.09326 0.90955 3.09160 2.58015 1.97710 
0.04968 0.10034 0.90833 3.67176 -1.58015 -0.00763 
0.02075 0.10425 0.91101 2.87786 -2.25954 -0.88550 
0.01123 0.10571 0.91064 1.16794 2.56489 2.24427 
0.03210 0.09998 0.92383 0.48092 5.97710 4.51145 
0.05188 0.09485 0.91736 0.22901 6.00763 4.52672 
0.06421 0.09607 0.90906 1.39695 3.17557 2.54198 
0.04810 0.09827 0.90649 0.77863 0.27481 -0.35878 
0.01868 0.10205 0.88831 -0.15267 -1.51908 -2.67939 
-0.00244 0.10791 0.89185 -0.90076 -1.20611 -2.25954 
-0.00427 0.10657 0.91040 -1.76336 1.14504 -0.41221 
0.01135 0.09973 0.92871 -1.77099 5.30534 3.19847 
0.03613 0.09595 0.93909 -1.29008 6.08397 4.49618 
0.05188 0.08875 0.94531 -0.56489 4.11450 2.95420 
0.04749 0.08752 0.93347 1.35115 0.57252 0.26718 
0.02881 0.09192 0.90088 4.19847 -2.66412 -0.98473 
0.02686 0.09973 0.88684 3.98473 -1.64885 0.20611 
0.02905 0.10498 0.89941 2.38168 1.87786 1.65649 
0.02588 0.10535 0.91370 2.00000 5.98473 1.93130 
0.00842 0.10608 0.91675 1.56489 6.96947 1.27481 
0.00049 0.09387 0.90674 0.75573 2.56489 1.35878 
0.00183 0.10181 0.90283 1.24427 -3.50382 2.29771 
0.02612 0.10486 0.91724 0.97710 -5.89313 3.78626 
0.04321 0.11169 0.92322 1.17557 -2.23664 4.10687 
0.04749 0.10400 0.91736 1.43511 6.02290 3.32061 
0.03613 0.10791 0.90857 0.93130 7.03053 2.54198 
0.02783 0.10632 0.91907 1.36641 2.24427 2.07634 
0.03259 0.09888 0.92383 0.87023 -3.74809 2.04580 
0.04260 0.09119 0.92639 0.60305 -5.23664 2.12214 
0.04956 0.09363 0.90393 0.96947 0.82443 1.72519 
0.04138 0.09448 0.89111 0.88550 5.78626 1.33588 
0.03931 0.10913 0.89490 1.32824 7.33588 0.96183 
0.02551 0.11194 0.90771 1.91603 6.09924 -0.18321 
0.00854 0.11426 0.92480 0.86260 2.19847 -0.96947 
0.00159 0.11047 0.92639 -1.63359 -0.50382 -0.45802 
0.00122 0.10986 0.91577 -1.74046 -1.67176 0.97710 
0.01819 0.09949 0.91138 -0.45038 -0.56489 2.74809 
0.04272 0.10461 0.90674 0.84733 1.39695 3.39695 
0.03650 0.10522 0.90967 1.31298 1.39695 1.22901 
0.01355 0.11230 0.91541 1.04580 1.19847 0.63359 
0.00793 0.10327 0.91187 1.88550 1.10687 2.06107 
0.01929 0.11865 0.91772 2.00000 1.41985 3.81679 
0.05139 0.09924 0.92566 1.41985 2.72519 4.89313 
0.06543 0.10254 0.92090 1.75573 2.21374 3.08397 
0.05127 0.10254 0.91589 0.14504 0.76336 0.85496 
0.03186 0.09753 0.92261 0.67939 -0.14504 -0.70992 
0.01404 0.10583 0.90698 2.84733 1.16031 -0.11450 
0.02124 0.11316 0.89880 3.48092 2.67176 1.31298 
0.02917 0.11487 0.89709 3.37405 3.33588 1.51908 
0.02771 0.11938 0.90796 2.80916 3.48855 1.04580 
0.02417 0.11609 0.92310 1.86260 3.75573 0.95420 
0.02405 0.11365 0.91260 1.16031 3.37405 1.03053 
0.01587 0.11487 0.91113 0.01527 1.93130 1.17557 
0.01709 0.11035 0.90759 -0.38931 0.44275 1.55725 
0.00854 0.11719 0.91211 -0.44275 -0.74046 1.55725 
0.02136 0.11865 0.92053 0.13740 -0.99237 2.21374 
0.03076 0.11035 0.91809 0.35115 -0.96183 2.68702 
0.03882 0.10278 0.91528 1.15267 0.08397 2.32061 
0.04150 0.10107 0.90991 1.98473 2.16031 1.54198 
0.03308 0.10999 0.89502 1.54962 3.48092 1.25954 
0.02673 0.11401 0.90344 0.05344 2.07634 1.49618 
0.03430 0.11987 0.91064 -0.36641 0.76336 1.29008 
0.02734 0.11951 0.91956 -1.18321 -0.09924 0.39695 
0.02075 0.11230 0.92786 -0.45038 0.09924 0.19847 
0.01819 0.11279 0.92114 1.83969 1.64885 1.19847 
0.02637 0.11401 0.90112 2.09160 2.58015 1.49618 
0.02051 0.11963 0.89917 1.09924 1.74809 1.40458 
0.01575 0.11243 0.90161 0.29771 0.41985 1.69466 
0.02124 0.11646 0.91077 -0.18321 -0.04580 2.12977 
0.02649 0.11621 0.91077 -0.51908 0.01527 2.37405 
0.03418 0.10974 0.91113 -0.57252 0.39695 2.51908 
0.04333 0.11182 0.91992 -0.35878 1.46565 2.31298 
0.04016 0.11475 0.91199 0.51145 2.83969 1.29771 
0.02515 0.11365 0.91052 0.46565 4.03053 1.03817 
0.02576 0.11243 0.92908 0.19847 2.94656 1.49618 
0.01733 0.11011 0.93091 1.22137 0.64885 1.29771 
0.01331 0.10425 0.90845 2.17557 -1.20611 1.45802 
0.01709 0.10876 0.89038 2.09160 -0.74809 1.73282 
0.01941 0.11499 0.88855 -0.27481 2.42748 2.51908 
0.02295 0.11023 0.89600 -1.74809 1.93130 3.20611 
0.04236 0.11475 0.92139 -1.96183 -0.51145 3.465