0.01855 0.02686 0.91650 2.56098 10.00000 12.13415 
0.02100 0.02698 0.91260 2.80488 9.63415 12.86585 
0.02026 0.02808 0.91418 1.76829 9.87805 12.80488 
0.01721 0.02954 0.90991 2.74390 10.00000 12.86585 
0.01917 0.02808 0.90979 2.50000 9.63415 12.86585 
0.02124 0.02795 0.91565 2.19512 8.96342 12.86585 
0.02051 0.02771 0.90991 2.80488 9.69512 12.31707 
0.01953 0.02686 0.91321 3.10976 10.36585 12.37805 
0.02051 0.02466 0.91589 2.74390 9.81707 12.62195 
0.01758 0.02637 0.91309 2.74390 8.71951 12.62195 
0.01819 0.02490 0.91016 2.31707 9.57317 12.50000 
0.01990 0.02673 0.90979 3.04878 9.14634 11.89024 
0.01880 0.02661 0.91296 2.80488 9.51220 12.50000 
0.02002 0.02844 0.91589 2.92683 9.75610 12.50000 
0.02026 0.02527 0.91345 2.92683 9.75610 12.25610 
0.01941 0.02759 0.91187 2.86585 9.51220 12.68293 
0.02295 0.02625 0.91211 2.80488 9.32927 12.62195 
0.01904 0.02649 0.91406 2.74390 9.32927 12.80488 
0.01782 0.02661 0.90918 3.17073 10.24390 13.04878 
0.01855 0.02673 0.92004 3.04878 9.20732 12.62195 
0.01929 0.02832 0.91418 2.74390 8.78049 12.86585 
0.01941 0.02771 0.91870 2.92683 9.87805 12.25610 
0.02002 0.02771 0.91516 2.19512 9.45122 12.68293 
0.01904 0.02551 0.91101 2.80488 9.57317 13.17073 
0.01941 0.02783 0.91309 3.04878 9.20732 12.80488 
0.01819 0.02808 0.91455 3.10976 10.06098 12.86585 
0.01819 0.02661 0.90833 2.92683 9.63415 12.62195 
0.01868 0.02759 0.91589 3.04878 10.00000 12.62195 
0.01733 0.02808 0.91357 2.50000 9.39024 12.68293 
0.02820 -0.00818 0.91357 4.63415 6.34146 -163.65854 
0.02087 0.01611 0.91663 28.17073 13.78049 -8.35366 
0.02747 0.02075 0.91443 28.78049 25.91463 -5.24390 
0.02063 0.04126 0.90430 14.51220 18.10976 -4.93902 
0.01453 0.03821 0.91394 19.51220 14.45122 -4.93902 
0.00964 0.04297 0.91357 3.84146 12.68293 -2.43902 
0.01758 0.03296 0.91260 3.53659 14.08537 0.91463 
0.01038 0.03577 0.91516 13.17073 20.24390 -7.01220 
-0.01428 0.03479 0.92236 84.26830 13.65854 1.15854 
-0.05530 0.02502 1.04407 187.56097 231.34146 1.76829 
-0.06726 0.17297 1.11523 311.46341 -57.13415 70.97561 
-0.01367 0.15149 1.23438 91.95123 8.90244 75.24390 
0.01941 0.09668 0.94214 -127.86586 -56.34146 150.06097 
0.05054 0.09473 0.95776 -349.08539 6.70732 170.54878 
0.10083 0.04333 0.84155 -339.32928 -171.58537 123.47561 
0.01709 -0.09045 0.93250 -236.46342 -286.89026 47.86586 
0.06213 0.01453 0.81189 -73.29269 -221.82927 93.53659 
0.03796 -0.03149 0.66638 -41.40244 -306.52438 42.01220 
0.14087 -0.07629 0.72742 -73.71951 -69.08537 87.98781 
0.10693 -0.10059 0.70630 -84.81708 -34.87805 50.79268 
0.15491 -0.05786 0.86646 -5.79268 14.87805 53.17073 
0.14001 -0.12708 0.82495 11.95122 41.95122 18.96342 
0.16113 -0.06287 0.89282 -34.69512 9.63415 10.24390 
0.14209 -0.06470 0.89160 13.53659 57.19512 10.00000 
0.12524 -0.01599 0.83569 -42.19512 51.64634 -16.95122 
0.14343 -0.06042 0.91614 73.29269 97.43903 22.68293 
0.11780 -0.06372 0.89673 4.63415 45.30488 4.63415 
0.11523 -0.05603 0.96558 41.21951 41.09756 18.71951 
0.11145 -0.08533 0.94507 31.76829 -17.01220 -5.12195 
0.12903 -0.04578 0.91675 -14.75610 14.69512 -8.78049 
0.13708 -0.08826 0.91455 10.30488 0.67073 18.53658 
0.13635 -0.04041 0.86255 4.20732 28.23171 -2.13415 
0.12146 -0.04529 0.89478 -0.60976 17.98780 -2.01220 
0.12695 -0.10193 0.89905 -5.30488 34.57317 10.73171 
0.12146 -0.06006 0.86328 15.85366 62.07317 22.56098 
0.12268 -0.05664 0.85718 -17.25610 45.12195 -11.82927 
0.11804 -0.09094 0.86548 75.67073 46.09756 7.62195 
0.06531 -0.06763 0.80237 112.31708 14.63415 -4.69512 
0.09216 -0.02991 0.75452 113.10976 39.93903 -20.42683 
0.07227 -0.05481 0.84412 76.76830 93.71951 -22.43902 
0.04749 0.05029 0.81812 172.13416 -11.28049 -45.54878 
0.08545 0.03955 0.85327 178.41464 -17.13415 -50.60976 
0.07300 0.04602 0.91223 117.74390 64.51220 -31.95122 
0.10034 0.02344 0.94226 21.09756 -24.93903 -54.69512 
0.11743 0.08167 1.10181 116.76830 -16.34146 -71.58537 
0.13049 0.05432 0.84363 41.09756 -114.57317 -96.82927 
0.11096 0.05701 0.93774 -98.10976 192.37805 -66.21951 
0.04285 0.11658 0.93689 17.43902 319.51221 -95.00000 
0.04138 -0.06226 0.95740 -189.08537 -240.24391 9.14634 
-0.04138 -0.02173 0.81567 791.89026 -111.28049 -40.00000 
0.02576 0.05200 1.00244 -30.85366 48.96342 17.86585 
0.01538 0.05823 0.90857 -30.18293 9.39024 14.69512 
0.00806 0.03223 0.90405 -54.20732 10.12195 50.30488 
0.02075 0.03699 0.91040 -47.13415 8.53659 13.59756 
0.01831 0.02893 0.91345 -17.86585 6.40244 12.07317 
0.01868 0.02881 0.91003 -13.41463 5.97561 12.43902 
0.01953 0.02722 0.91553 -1.15854 7.98780 12.62195 
0.01636 0.02686 0.91125 1.03659 8.84146 13.17073 
0.01746 0.02417 0.91394 4.14634 10.12195 12.74390 
0.01672 0.02649 0.91235 2.19512 9.87805 12.19512 
0.01843 0.02698 0.91284 2.74390 9.26829 12.37805 
0.01892 0.02466 0.91370 3.47561 9.32927 12.92683 
0.01782 0.02527 0.91235 2.43902 9.57317 13.23171 
0.01831 0.02771 0.91113 3.04878 9.81707 12.25610 
0.02063 0.02600 0.91345 2.56098 9.81707 12.62195 
0.02136 0.02344 0.91479 2.80488 9.57317 12.50000 
0.01990 0.02820 0.90918 2.13415 9.14634 12.43902 
0.02283 0.02795 0.91272 2.68293 8.78049 12.25610 
0.02124 0.02808 0.91370 2.56098 8.71951 12.25610 
0.01868 0.02649 0.91223 2.86585 9.63415 12.50000 
0.01782 0.02393 0.91309 1.40244 9.81707 12.62195 
0.02136 0.02759 0.91394 2.86585 9.26829 12.31707 
0.02112 0.02478 0.91150 2.68293 8.96342 12.80488 
0.02148 0.02734 0.91150 2.31707 9.51220 12.37805 
0.01880 0.02808 0.91541 2.98780 9.57317 12.13415 
0.01819 0.02466 0.91541 2.50000 9.57317 12.62195 
0.02051 0.02710 0.91125 2.98780 9.51220 12.68293 
0.01709 0.02844 0.91162 2.62195 9.14634 12.50000 
0.02124 0.02795 0.90881 2.86585 9.32927 12.74390 
0.01868 0.02673 0.91028 2.25610 9.20732 12.86585 
0.01965 0.02551 0.91345 2.98780 9.57317 12.62195 
0.01746 0.02661 0.91333 2.50000 9.69512 12.68293 
0.01941 0.02905 0.91296 2.01220 8.96342 12.74390 
0.01978 0.02551 0.91516 3.35366 9.32927 12.50000 
0.02124 0.02527 0.91443 2.86585 9.39024 12.62195 
0.02100 0.02710 0.91382 2.68293 9.08537 12.37805 
0.01697 0.02332 0.91760 2.68293 9.39024 12.98781 
0.01843 0.02747 0.91272 19.02439 21.15854 12.74390 
0.01721 0.02808 0.91406 8.71951 12.50000 12.50000 
0.01733 0.02917 0.91309 8.65854 13.78049 12.68293 
0.01782 0.03003 0.91272 7.13415 11.64634 12.62195 
0.01660 0.03040 0.91870 2.56098 8.78049 12.19512 
0.01758 0.03333 0.90735 0.48780 8.47561 12.80488 
0.01733 0.03125 0.91248 0.18293 8.53659 12.01220 
0.01672 0.03113 0.91113 -7.74390 3.17073 12.74390 
0.02002 0.02515 0.91333 0.54878 7.92683 12.68293 
0.01880 0.02734 0.91431 2.07317 9.08537 12.92683 
0.01855 0.02686 0.91138 2.92683 9.81707 12.68293 
0.01685 0.02832 0.91357 2.62195 9.45122 12.68293 
0.01819 0.02625 0.91040 1.89024 9.45122 12.56098 
0.01819 0.02637 0.91406 2.98780 9.45122 12.43902 
0.01929 0.02673 0.91089 2.56098 9.14634 12.31707 
0.01868 0.02856 0.91284 3.17073 9.08537 13.04878 
0.01904 0.02429 0.90930 2.80488 9.45122 12.25610 
0.01880 0.02795 0.91370 2.56098 9.63415 12.80488 
0.02075 0.02710 0.91125 2.92683 9.45122 12.80488 
0.02002 0.02466 0.91418 2.07317 9.63415 12.68293 
0.01831 0.02502 0.91125 1.28049 8.84146 12.50000 
0.01868 0.02783 0.91309 3.65854 9.39024 13.10976 
0.01721 0.02417 0.91589 3.23171 9.51220 12.62195 
0.01831 0.02417 0.91260 2.56098 9.69512 12.31707 
0.01941 0.02759 0.90942 4.14634 10.97561 14.51220 
-0.04224 0.06909 0.93860 117.19512 33.29268 -35.00000 
-0.01233 0.10596 0.93726 -84.81708 131.03659 83.29269 
-0.03442 0.04846 0.99524 -31.40244 233.17073 127.62196 
-0.04419 0.02856 1.00500 -108.78049 -58.78049 77.74390 
0.00073 -0.00330 1.02881 77.86585 -112.31708 99.75610 
0.01929 0.02991 0.94226 141.40244 -77.31708 88.29269 
0.00476 0.03271 0.92444 -157.37805 26.40244 34.81707 
0.00183 0.00439 0.91504 -88.71951 57.74390 37.56098 
-0.00574 0.02551 0.87952 -13.23171 52.01220 68.41463 
-0.01599 -0.05396 0.94019 -106.03659 74.57317 31.09756 
-0.01648 0.00171 0.88635 -72.98781 -11.58537 25.60976 
-0.01575 -0.03625 0.98792 -139.69513 28.71951 24.08537 
0.00037 -0.00586 0.89075 -65.00000 -60.79268 -5.54878 
-0.02283 -0.04443 0.95959 -180.00000 -64.63415 2.25610 
0.00317 -0.03442 0.93250 -124.20732 -37.50000 46.95122 
0.03357 -0.07617 0.90723 -138.10976 -179.20732 -5.97561 
0.05957 -0.08899 0.96155 -160.30489 -14.39024 40.36586 
0.02771 -0.10608 0.89355 -114.02439 -252.68294 -42.86586 
0.11694 -0.06848 0.87292 -62.68293 -149.63416 26.89025 
0.12903 -0.15869 0.82068 -64.26830 -142.86586 -21.89024 
0.07275 -0.10376 0.91431 -25.42683 -46.21951 34.87805 
0.10791 -0.15881 0.86194 44.08537 -160.48781 29.08537 
0.14624 -0.14392 0.91077 23.17073 -88.23171 41.89024 
0.17236 -0.17615 0.85730 3.04878 -216.70732 -3.17073 
0.18872 -0.10913 0.77710 88.84147 -133.96342 40.06098 
0.18823 -0.11401 0.76294 4.51220 -29.14634 22.62195 
0.18079 -0.12695 0.75427 -32.19512 34.63415 49.02439 
0.17480 -0.17419 0.83582 -22.43902 85.36585 49.02439 
0.17969 -0.12415 0.88708 0.73171 61.64634 2.98780 
0.18103 -0.15894 0.90881 53.04878 30.79268 32.31707 
0.18262 -0.13269 0.88855 26.64634 45.91463 13.90244 
0.17163 -0.12085 0.93640 5.85366 5.30488 -28.04878 
0.17664 -0.12122 0.82690 59.57317 -59.02439 13.47561 
0.18213 -0.10583 0.85522 31.52439 15.97561 23.96342 
0.16113 -0.13977 0.80566 24.26829 -17.19512 -11.40244 
0.18762 -0.12207 0.81226 29.63415 6.34146 13.17073 
0.19312 -0.11438 0.75354 162.13416 -1.89024 -4.87805 
0.19250 -0.06433 0.86133 92.98781 109.26830 8.23171 
0.16357 -0.07288 0.89050 80.36585 120.73171 3.65854 
0.14490 -0.03784 0.93579 127.92683 46.52439 1.34146 
0.17188 -0.08655 0.92139 187.25610 30.12195 -0.54878 
0.16675 0.00256 0.88745 40.36586 30.73171 -36.95122 
0.14636 -0.03137 0.92175 88.10976 20.79268 -1.70732 
0.14258 0.04980 0.85974 35.36586 1.34146 -32.74390 
0.16064 -0.00659 0.90930 66.76830 42.43903 20.00000 
0.14197 0.04199 0.85718 90.67073 32.50000 1.52439 
0.16565 -0.00757 0.95850 -38.96342 148.65854 41.40244 
0.12366 0.01978 0.93005 55.12195 16.64634 -22.86585 
0.11780 -0.00891 0.92212 92.86585 19.81707 -54.20732 
0.15210 0.01648 0.91406 75.12196 98.35366 -55.36586 
0.09619 0.04224 0.85852 57.68293 -3.10976 -83.84147 
0.11035 0.04785 0.95081 16.15854 165.91464 -36.34146 
0.12122 0.05066 0.91931 -31.52439 78.17073 -45.42683 
0.09314 0.03259 0.99023 -45.48780 205.24391 -45.67073 
0.05920 0.03345 0.98523 -6.82927 75.24390 -50.91463 
0.06323 0.05652 0.95422 -36.64634 108.04878 -29.75610 
0.04590 -0.00830 0.92554 -124.32927 112.86586 -35.12195 
0.03149 0.03064 0.83716 -4.87805 152.98781 -5.06098 
-0.24536 0.47693 0.45313 480.79269 140.06097 1.15854 
0.01782 0.03711 0.90564 1.52439 9.81707 13.47561 
0.02161 0.02722 0.91089 -28.47561 2.19512 12.80488 
0.02185 0.02917 0.91125 1.52439 9.14634 12.80488 
0.01770 0.03003 0.91016 0.67073 9.08537 12.98781 
0.01941 0.03113 0.92017 0.67073 7.92683 12.43902 
0.01538 0.04138 0.94043 4.51220 11.89024 12.62195 
0.01953 0.02808 0.91235 3.17073 9.32927 12.74390 
0.01807 0.02637 0.91150 2.68293 9.39024 12.50000 
0.01611 0.02588 0.91443 2.43902 9.57317 12.68293 
0.02124 0.02734 0.91101 2.98780 9.57317 12.50000 
0.01807 0.02625 0.91418 2.01220 9.87805 13.10976 
0.02087 0.02722 0.91187 3.71951 8.71951 12.98781 
0.02246 0.02759 0.91553 1.15854 9.45122 12.19512 
0.01953 0.02698 0.91138 3.10976 9.69512 12.62195 
0.01941 0.02637 0.91736 1.95122 9.57317 13.41463 
0.01941 0.02649 0.91064 2.25610 9.51220 12.62195 
0.02039 0.02759 0.91248 2.56098 9.63415 12.43902 
0.01831 0.02881 0.91040 2.86585 9.51220 12.43902 
0.01770 0.02405 0.91370 2.74390 9.39024 12.13415 
0.01843 0.02576 0.91260 3.35366 8.84146 12.56098 
0.02026 0.02551 0.91272 3.17073 9.63415 13.04878 
0.01807 0.02832 0.91309 2.80488 8.90244 12.80488 
0.01746 0.02771 0.91602 2.43902 9.39024 12.50000 
0.01843 0.02515 0.91321 2.80488 9.26829 12.92683 
0.01831 0.02478 0.91003 2.80488 8.78049 13.04878 
0.01978 0.02771 0.91296 2.62195 9.08537 12.31707 
0.01941 0.02771 0.91296 2.62195 9.57317 12.92683 
0.01855 0.02661 0.91284 2.74390 9.69512 12.62195 
0.02063 0.02905 0.91309 2.56098 9.63415 11.89024 
0.01770 0.02600 0.91174 2.98780 9.93902 12.68293 
0.01758 0.02673 0.91553 2.43902 9.39024 12.68293 
0.01843 0.02490 0.91052 2.86585 8.90244 12.74390 
0.02039 0.02710 0.91113 2.37805 9.26829 12.25610 
0.01917 0.02734 0.91223 2.74390 9.08537 12.25610 
0.02161 0.02466 0.91479 2.86585 9.63415 12.68293 
0.01782 0.02966 0.91467 2.74390 9.20732 12.56098 
0.01868 0.02759 0.91541 3.04878 9.63415 12.50000 
0.02051 0.02808 0.91443 2.37805 9.20732 12.62195 
0.02063 0.02295 0.90881 2.62195 9.87805 12.31707 
0.02307 0.02417 0.91467 2.56098 9.32927 12.37805 
0.01917 0.02576 0.91431 2.92683 9.39024 12.25610 
0.01794 0.02576 0.91357 2.31707 9.51220 12.43902 
0.01807 0.02649 0.91101 2.56098 9.57317 12.74390 
0.02185 0.02686 0.91162 2.50000 9.63415 13.04878 
0.01770 0.02673 0.91199 2.31707 9.69512 12.43902 
0.01904 0.02686 0.90991 2.86585 8.65854 12.31707 
0.01770 0.02698 0.91296 2.56098 9.39024 12.62195 
0.01978 0.02673 0.91187 2.68293 8.96342 12.74390 
0.01831 0.02698 0.91309 2.74390 9.45122 12.68293 
0.01746 0.02808 0.91602 2.13415 9.39024 12.86585 
0.02173 0.02563 0.90955 2.62195 9.63415 13.17073 
0.02075 0.02576 0.91211 2.56098 9.51220 12.37805 
0.01917 0.02832 0.91345 2.68293 9.32927 12.56098 
0.01953 0.02893 0.91467 2.50000 9.87805 12.56098 
0.01807 0.02856 0.91101 2.80488 10.18293 12.98781 
0.01709 0.02661 0.91418 3.10976 9.14634 12.62195 
0.01978 0.02673 0.91357 2.50000 9.57317 12.62195 
0.02039 0.02759 0.91345 2.62195 9.26829 12.62195 
0.01807 0.02954 0.91211 2.13415 9.32927 12.50000 
0.01965 0.02808 0.91284 2.31707 9.63415 11.64634 
0.01782 0.03003 0.91455 2.37805 9.32927 12.86585 
0.02014 0.02759 0.91016 3.10976 9.87805 12.31707 
0.01855 0.02673 0.91223 1.95122 9.39024 12.43902 
0.02197 0.02734 0.91064 2.74390 9.32927 12.07317 
0.01587 0.02563 0.91028 3.17073 8.84146 12.92683 
0.02112 0.02759 0.91199 2.50000 9.39024 12.31707 
0.02002 0.02722 0.91296 2.43902 9.75610 12.74390 
0.01819 0.02759 0.91077 2.92683 9.63415 12.98781 
0.01770 0.02734 0.91296 1.95122 9.39024 12.62195 
0.01843 0.02820 0.91602 2.74390 9.63415 12.43902 
0.02002 0.02747 0.91357 2.68293 9.26829 12.86585 
0.02075 0.02771 0.91553 2.86585 9.57317 12.62195 
0.01843 0.02917 0.91370 2.68293 9.93902 12.37805 
0.02026 0.02649 0.91467 2.