35 2.86585 10.24390 12.43902 
0.01892 0.02649 0.91138 3.47561 8.90244 13.23171 
0.01636 0.02637 0.91150 3.59756 9.45122 12.50000 
0.01990 0.02954 0.91113 3.23171 8.90244 12.31707 
0.01306 0.02893 0.91077 2.86585 9.51220 12.62195 
0.02063 0.02979 0.91675 3.04878 9.32927 13.04878 
0.01660 0.03027 0.90759 3.10976 9.39024 12.43902 
0.01526 0.03101 0.91357 2.92683 9.75610 12.68293 
0.01880 0.02722 0.91028 3.04878 8.90244 12.74390 
0.01880 0.02795 0.91162 2.86585 8.84146 12.31707 
0.02087 0.02808 0.91260 2.98780 9.87805 12.25610 
0.01770 0.02698 0.91223 2.43902 10.18293 12.98781 
0.01794 0.02722 0.91028 2.62195 9.51220 12.68293 
0.01953 0.02832 0.90979 2.56098 9.20732 12.37805 
0.01917 0.03137 0.91162 2.98780 9.26829 12.74390 
0.11340 0.26538 0.90173 6.52439 22.07317 630.42682 
0.05676 0.06104 0.91235 -10.73171 3.47561 48.65854 
0.01074 0.01221 0.92041 -92.80488 17.37805 11.15854 
0.02197 0.02710 0.91956 -219.87805 37.98780 -34.26830 
0.04138 -0.07629 0.95117 -332.56097 13.23171 -280.97562 
0.09045 -0.08337 0.98206 -573.96344 -36.76830 -230.06097 
0.10815 -0.16943 0.86426 -104.39024 100.24390 -187.62195 
-0.06067 -0.21460 0.71777 -1160.54880 32.92683 -306.52438 
0.12463 0.01880 1.43689 1933.96350 14.26829 -126.76830 
-0.09912 -0.19373 0.89856 -431.09756 171.03659 182.56097 
0.15308 -0.34875 0.92456 -220.30489 53.71951 285.24390 
-0.02942 0.08545 0.84424 105.91463 144.32927 -89.08537 
-0.00537 -0.03662 0.79028 114.63415 -348.10977 -81.15854 
0.03833 0.06201 0.86707 -26.21951 46.76830 34.45122 
0.10278 -0.18689 0.80542 -49.51220 266.40244 76.58537 
-0.05676 0.01563 0.89209 141.95122 -73.78049 41.64634 
-0.06787 0.04077 0.99817 18.17073 -64.14634 118.96342 
-0.00879 -0.06030 0.94836 -7.31707 50.18293 58.96342 
-0.00684 -0.00293 0.93298 82.01220 11.03659 33.29268 
0.01868 0.04834 0.91565 86.52439 15.60976 -47.07317 
0.00659 0.01624 0.92480 149.14635 6.40244 40.36586 
-0.01025 0.05090 0.86609 5.85366 50.91463 -51.89024 
0.00049 0.02881 0.85815 -24.63415 59.26830 -42.80488 
-0.03088 0.02673 0.98010 -58.29268 118.23171 24.63415 
-0.00574 0.09192 1.06433 208.35367 203.47562 118.29269 
-0.07703 0.18506 1.35376 46.28049 230.24391 75.85366 
-0.04370 0.25085 1.16064 295.48782 -189.20732 90.85366 
-0.04529 0.26489 1.04431 100.97561 -0.42683 161.58537 
-0.11609 0.11780 0.97827 31.28049 -125.48781 163.84146 
0.03931 0.20764 0.85132 217.19513 -550.24390 450.42685 
0.16833 0.13159 0.84680 58.47561 -333.59756 386.03659 
0.15686 0.14795 0.78711 -63.71951 104.87805 170.18294 
0.06531 0.18262 0.81287 47.19512 -61.70732 212.86586 
0.14966 0.13855 0.76538 71.28049 -152.50000 121.58537 
0.19702 0.14917 0.77808 -99.51220 -8.35366 6.82927 
0.24365 0.14832 0.82959 32.25610 -29.39025 43.90244 
0.25842 0.22791 0.79456 80.00000 36.28049 24.87805 
0.27612 0.22437 0.79688 -10.12195 -10.60976 -58.90244 
0.22290 0.14648 0.80054 -56.89024 -0.18293 -2.92683 
0.24133 0.19238 0.83777 -28.84146 -39.08537 -22.80488 
0.25427 0.21167 0.88245 -29.39025 40.06098 36.40244 
0.21729 0.18591 0.88452 -30.42683 71.52439 -29.45122 
0.22363 0.20911 0.88855 -106.09756 88.35366 -89.57317 
0.16711 0.17725 0.77905 -18.35366 -27.31707 66.15854 
0.17725 0.11450 0.63843 -75.79269 53.65854 22.43902 
0.18030 0.11182 0.67664 -19.57317 124.63415 26.46342 
0.16431 0.16089 0.71643 -166.15854 141.09756 -103.59756 
-0.06396 0.03760 0.86230 -304.45123 154.45122 -15.48781 
0.19861 0.12585 0.75635 155.48781 427.19513 -201.95122 
0.06909 0.17615 1.02698 177.43903 590.24390 -47.07317 
-0.06116 0.16602 1.24719 250.48781 -127.62196 5.97561 
0.05969 0.20422 1.11194 -11.89024 -406.76831 -36.03659 
0.03467 0.13501 0.90662 -171.46342 -83.90244 -228.71951 
-0.00366 0.09827 0.96301 -22.13415 38.35366 15.30488 
0.03845 0.15857 0.93689 17.19512 -133.04878 52.50000 
0.02527 0.08862 0.91614 33.23171 -57.25610 -27.50000 
-0.00317 0.07568 0.94641 -27.98781 132.92683 -1.09756 
0.01184 0.08252 0.84839 15.91463 -56.28049 30.91463 
0.00208 0.10510 0.88416 -101.52439 54.32927 -72.25610 
0.00781 0.08740 0.91272 -16.58537 2.68293 57.07317 
0.03674 0.11743 0.87073 49.87805 -4.81707 49.08537 
-0.03027 0.09607 0.97559 -3.59756 13.17073 13.59756 
-0.00903 0.07434 0.90833 -38.04878 27.98781 7.13415 
-0.00781 0.07458 0.88416 -13.53659 60.48780 -3.29268 
0.00073 0.07922 0.89233 -6.82927 32.31707 14.51220 
-0.00024 0.11011 0.90613 -20.24390 20.91463 -0.67073 
0.00757 0.12366 0.95935 -27.31707 13.59756 37.68293 
0.00623 0.08569 1.01282 -1.28049 32.92683 28.78049 
0.02661 0.08508 1.00354 -13.90244 -31.28049 -6.70732 
0.04907 0.08301 0.97510 -35.85366 -78.53659 22.80488 
0.03845 0.11841 0.94080 67.07317 -25.91463 50.60976 
0.01880 0.12000 0.93152 76.64635 0.42683 82.62196 
0.00854 0.11914 0.92542 63.23171 -138.29268 113.04878 
0.07385 0.12769 0.93774 -6.52439 -170.00000 95.36585 
0.13745 0.14453 0.90283 42.74390 -120.18293 108.78049 
0.17297 0.15991 0.86804 6.03659 -227.68294 104.39024 
0.16675 0.13586 0.85498 37.50000 -107.37805 121.34147 
0.17285 0.10742 0.89075 52.50000 24.93903 165.54878 
0.19043 0.16260 0.90002 70.06097 52.13415 87.19512 
0.22021 0.13184 0.90942 80.91463 -21.21951 104.14635 
0.18555 0.16016 0.97021 121.46342 -111.28049 119.93903 
0.24341 0.16638 0.96094 26.89025 -188.17073 103.84147 
0.29858 0.15332 0.79822 -69.02439 -146.82927 37.37805 
0.31677 0.14294 0.73450 -35.91463 17.56098 32.86586 
0.25574 0.08289 0.81128 164.87805 -58.29268 94.87805 
0.32825 0.17700 0.74475 131.64635 -224.87805 70.79269 
0.33691 0.08826 0.70325 -70.91463 -95.48781 -3.71951 
0.35986 0.09009 0.76489 27.74390 -41.95122 73.53659 
0.37683 0.18933 0.80017 75.85366 39.75610 15.91463 
0.34106 0.15308 0.88855 -34.32927 101.95123 27.07317 
0.35327 0.17212 0.88367 21.09756 31.03659 54.57317 
0.35254 0.15576 0.85852 10.97561 -58.53659 13.78049 
0.36597 0.15100 0.82593 0.91463 -18.96342 0.06098 
0.38831 0.17908 0.83850 22.01220 -8.17073 -0.42683 
0.37415 0.13550 0.79089 -3.59756 -35.42683 -3.84146 
0.34973 0.09656 0.80225 -33.53659 -0.79268 1.46341 
0.35889 0.16406 0.81580 -15.06098 94.81708 -42.31707 
0.39233 0.17310 0.77673 35.30488 24.02439 16.15854 
0.32129 0.10608 0.77612 -94.14635 143.35367 -56.09756 
0.30151 0.14038 0.81287 -12.37805 116.52439 -92.01220 
0.29846 0.13501 0.78906 58.84146 138.78049 -41.64634 
0.26196 0.14111 0.83093 -116.58537 110.79269 -149.81708 
0.25928 0.12500 0.86804 26.09756 187.07318 -56.95122 
0.20898 0.12878 0.89148 -98.78049 187.92683 -156.70732 
0.19092 0.15222 0.91541 -178.65854 107.68293 -131.15854 
0.22607 0.11914 0.85120 -88.04878 88.53659 -63.04878 
0.17090 0.01086 0.85901 -145.12195 259.75610 -105.12196 
0.14514 0.14856 0.94055 -45.24390 122.07317 -54.81707 
0.09399 0.12634 0.99048 -146.58537 86.34147 -61.70732 
0.07666 0.01855 0.93079 -93.35366 -3.78049 14.14634 
0.08875 0.06213 0.81775 -19.32927 87.43903 22.19512 
0.09729 0.10889 0.93799 -48.23171 138.23170 -110.67073 
0.05505 0.01526 0.99243 -134.93903 19.39024 -33.53659 
0.07874 0.00488 0.94067 -5.30488 -134.45122 37.13415 
0.10852 0.07178 0.90283 73.41463 14.14634 27.50000 
0.08203 0.06580 0.91028 -2.19512 4.51220 -15.48781 
0.08020 0.07080 1.04309 34.20732 -78.47561 45.79268 
0.15601 0.09192 0.92603 2.50000 -107.68293 6.64634 
0.08264 0.03455 0.92163 5.30488 34.51220 -2.07317 
0.05847 -0.01965 0.97021 83.17073 24.08537 75.79269 
0.13208 0.06726 0.88440 110.24390 -97.01220 15.48781 
0.12537 0.08252 0.89893 -39.14634 26.64634 -6.28049 
0.13354 0.05542 0.90942 -10.97561 -11.70732 2.25610 
0.12866 0.06091 0.98035 -119.32927 107.62196 -15.54878 
0.14526 0.08081 0.85254 -29.51220 23.84146 13.65854 
0.09802 0.04712 0.92822 -73.71951 -12.74390 -64.69512 
0.14551 0.08411 0.87830 -57.56098 15.00000 -7.43902 
0.09692 0.05969 0.93445 -29.32927 -11.76829 25.91463 
0.13391 0.02014 0.92249 12.92683 -0.06098 14.69512 
0.10376 0.02637 0.95459 48.90244 17.01220 16.95122 
0.12415 0.02222 0.89380 78.96342 -37.68293 18.29268 
0.18042 0.07532 0.85291 6.15854 -10.30488 6.89024 
0.13660 0.01819 0.90283 -20.79268 17.62195 9.26829 
0.16357 0.04114 0.90442 47.56098 -30.00000 -6.58537 
0.10620 0.03711 0.92944 -24.39024 29.51220 -47.86586 
0.16748 0.07056 0.88806 19.51220 15.67073 25.12195 
0.13599 0.04736 0.92175 0.00000 -31.52439 17.86585 
0.18103 0.07056 0.88391 0.12195 10.30488 36.58537 
0.14685 0.02600 0.92261 18.53658 -13.78049 12.98781 
0.15869 0.05066 0.91565 11.40244 22.86585 6.03659 
0.16492 0.08191 0.88477 -0.30488 -4.14634 -2.01220 
0.16394 0.07666 0.89734 5.18293 18.78049 21.03659 
0.15637 0.04749 0.90698 20.00000 -16.03658 28.47561 
0.15906 0.05273 0.90747 -7.43902 28.10976 12.31707 
0.15576 0.05872 0.90808 -3.17073 -13.84146 4.63415 
0.15515 0.04443 0.89832 21.46342 32.01220 46.34146 
0.18909 0.06470 0.87329 -20.73171 -30.30488 -26.09756 
0.14343 0.06372 0.92529 7.31707 14.26829 5.12195 
0.17102 0.06580 0.89038 0.36585 11.76829 16.46342 
0.17627 0.06091 0.87939 -11.28049 10.24390 13.65854 
0.14063 0.03162 0.92078 -6.03659 0.67073 0.97561 
0.18347 0.08521 0.88000 20.36585 18.84146 18.96342 
0.14478 0.04260 0.92102 -9.20732 -1.76829 -0.79268 
0.16797 0.07532 0.89514 10.06098 25.91463 23.84146 
0.15698 0.02844 0.90198 4.57317 -5.67073 13.29268 
0.17810 0.08582 0.90369 -6.15854 15.73171 0.73171 
0.16357 0.06921 0.89917 3.17073 14.57317 22.25610 
0.15149 0.03528 0.90576 -10.85366 6.21951 -5.54878 
0.16284 0.07007 0.90723 0.60976 17.50000 13.10976 
0.17188 0.04932 0.88904 7.01220 3.59756 18.23171 
0.15564 0.04456 0.90320 2.92683 1.95122 4.02439 
0.16846 0.07874 0.90173 14.69512 5.42683 15.54878 
0.15454 0.04553 0.90491 13.78049 15.12195 7.56098 
0.16589 0.05786 0.89417 5.91463 -7.43902 7.80488 
0.17102 0.07251 0.90076 20.24390 11.15854 20.85366 
0.17053