0.02502 1.01489 -0.07361 -8.07634 3.48855 5.38931 
0.05151 1.02527 -0.03894 -10.93130 4.24427 5.53435 
0.05566 1.03137 -0.02844 -7.55725 1.57252 1.52672 
0.02173 1.00610 -0.04138 -0.83969 -0.97710 -3.96183 
0.00378 0.98718 -0.08032 8.99237 0.88550 -6.60305 
0.00940 0.99524 -0.09216 8.15267 3.33588 -5.54962 
0.00671 1.00977 -0.08569 3.16794 3.90840 -4.94656 
0.00659 1.00305 -0.07605 -0.57252 3.88550 -5.16031 
-0.00122 0.98828 -0.07214 -0.04580 2.91603 -6.18321 
-0.00159 0.98242 -0.09131 3.62595 3.38168 -6.45802 
-0.01294 0.97729 -0.10938 1.29008 3.41985 -3.00763 
-0.01416 0.98853 -0.09937 -4.78626 2.54198 1.40458 
-0.01343 0.99170 -0.07239 -10.13740 2.12977 4.95420 
-0.00281 0.99988 -0.04785 -10.40458 2.77863 8.22901 
0.00269 1.00110 -0.03674 -6.16031 2.43511 8.03817 
0.00452 0.99609 -0.04272 -3.33588 2.36641 7.89313 
0.01392 0.98682 -0.05408 -4.09924 1.86260 9.26718 
0.03064 0.98816 -0.05933 -4.10687 1.00000 9.92366 
0.04517 1.00134 -0.05945 -2.83206 1.25191 9.01527 
0.05432 0.99988 -0.07288 -1.07634 2.52672 4.96183 
0.04456 1.00598 -0.07458 -2.07634 4.19084 1.95420 
0.04102 1.00195 -0.06445 -4.61069 6.32061 1.15267 
0.04138 1.01086 -0.05469 -6.36641 6.79389 0.79389 
0.04138 1.02563 -0.04858 -4.29771 4.72519 -1.92366 
0.02698 1.02368 -0.05017 -2.54962 4.41221 -3.62595 
0.01135 1.03357 -0.05579 -2.46565 4.60305 -3.02290 
0.01013 1.02417 -0.05005 -4.15267 2.96183 -0.85496 
0.00635 1.02625 -0.03760 -4.80916 1.69466 1.02290 
0.00977 1.01709 -0.03906 -1.92366 1.77099 1.64122 
0.01929 1.01160 -0.05249 2.77099 2.46565 2.43511 
0.02905 1.01160 -0.05981 2.76336 3.18321 3.39695 
0.03516 1.01941 -0.05115 -0.36641 3.54962 3.73282 
0.04065 1.00806 -0.05237 -3.01527 3.54962 3.91603 
0.04602 0.99707 -0.04700 -2.93130 2.07634 4.09160 
0.04260 1.00000 -0.04895 -0.53435 1.49618 2.96183 
0.03772 0.99194 -0.05078 0.27481 1.83969 1.94656 
0.02747 0.99536 -0.05444 -3.05344 2.75573 2.00000 
0.03223 0.99500 -0.03992 -6.46565 2.45802 3.14504 
0.03296 1.00708 -0.02954 -6.08397 2.03817 2.97710 
0.02527 1.01575 -0.02625 -3.29771 1.71756 0.20611 
0.01050 1.00415 -0.04773 0.67939 3.51908 -3.62595 
-0.00488 0.98718 -0.05957 -0.20611 4.67939 -3.77099 
-0.00537 0.99084 -0.05359 -2.99237 4.18321 -1.41221 
0.01245 0.97546 -0.02930 -4.16794 2.75573 0.34351 
0.04895 1.02258 -0.01855 11.13740 3.04580 -3.37405 
0.01990 1.01733 -0.03308 8.44275 3.91603 -9.51145 
0.00879 1.00769 -0.04150 8.04580 5.64122 -8.27481 
0.00513 1.01270 -0.04773 7.69466 4.28244 -7.85496 
-0.00024 1.01501 -0.04333 6.90840 3.55725 -5.12214 
-0.00439 0.94910 -0.12183 -19.74046 2.15267 3.74809 
0.06042 0.93848 -0.03821 -18.53435 0.55725 8.48855 
0.08179 0.98389 -0.02173 1.39695 0.68702 -2.57252 
-0.01270 0.98242 -0.03345 7.49618 8.83969 -5.85496 
-0.03345 0.98877 -0.04419 1.99237 9.63359 0.63359 
0.01001 1.00867 -0.04980 -2.56489 2.81679 3.84733 
0.00635 1.01648 -0.00244 -4.61069 -2.35115 2.56489 
-0.00598 1.02844 -0.00317 5.48855 -1.43511 1.09924 
-0.01306 1.02747 -0.03149 14.45038 0.47328 0.28244 
-0.00623 0.95886 -0.12634 -10.63359 -1.09160 6.12977 
0.02405 0.95813 -0.07654 -19.19847 -2.00763 11.84733 
0.02148 0.98340 -0.04211 -6.45802 1.83969 2.29008 
-0.00818 0.97363 -0.03955 4.41221 9.30534 -1.18321 
-0.00391 0.99561 -0.03467 9.25954 10.35878 -1.76336 
-0.01111 1.01880 -0.01672 9.11450 6.05344 -0.03053 
0.00232 1.07458 -0.03760 5.45802 3.51908 1.68702 
0.01782 1.02881 -0.00818 0.95420 2.88550 0.35115 
0.01941 1.00488 -0.09961 -1.54198 4.48092 4.38931 
0.01599 0.98157 -0.06897 -10.22901 1.77863 7.07634 
0.02173 1.02271 -0.03320 3.03817 -1.03817 2.67176 
0.01465 1.00061 -0.04846 11.67176 -0.04580 -4.01527 
-0.02783 0.99011 -0.07190 7.96947 5.56489 0.59542 
0.02185 1.03247 -0.05298 3.34351 3.87023 1.29008 
0.04858 1.02771 -0.05432 -6.02290 0.51145 -0.67939 
-0.00842 0.98828 -0.06079 -13.97710 -3.60305 2.73282 
-0.03430 0.99512 -0.03833 -11.35878 -3.93893 6.74809 
0.02161 1.03613 -0.02209 -5.17557 -1.16794 6.25191 
0.03076 1.03052 0.00232 -4.09924 1.72519 3.12214 
-0.00391 1.03564 -0.02954 -6.25954 1.93130 4.54198 
-0.03430 1.02649 -0.06201 -17.80916 -4.31298 9.63359 
-0.00146 0.99060 -0.06567 -24.58015 -7.18321 11.51145 
0.04395 0.99658 0.00793 -25.52672 3.55725 8.96183 
0.04553 0.99707 0.01782 -23.54198 13.77099 6.88550 
0.02551 1.01941 -0.01172 -22.55725 18.03817 6.02290 
-0.02014 1.03711 -0.06018 -18.66412 14.80153 -1.99237 
0.03613 1.01270 -0.01965 -15.74809 14.44275 -4.10687 
0.03320 0.97632 0.05481 -6.79389 23.67939 3.45038 
-0.02588 0.94055 0.00916 -4.22137 22.31298 -5.63359 
-0.14343 1.02197 -0.00134 12.49618 15.27481 -22.28244 
-0.03589 0.99756 0.01074 27.16031 9.38931 -43.03817 
-0.02393 1.04553 -0.02332 27.18321 9.79389 -46.26717 
0.02454 1.05835 -0.06873 14.89313 11.08397 -23.95420 
0.05518 1.02087 -0.06934 11.00000 10.45038 -9.00000 
0.04150 0.99353 -0.02063 15.45802 6.88550 -2.39695 
-0.01025 0.98767 0.02454 10.28244 -3.59542 10.25954 
-0.05847 0.99670 -0.00769 3.80916 -10.95420 17.37405 
-0.05945 1.01099 -0.07617 4.37405 -15.35878 11.74809 
-0.04163 0.98730 -0.07141 16.21374 -14.40458 3.08397 
-0.02332 0.99890 -0.03491 26.00763 -10.41221 -2.94656 
0.02588 0.97607 -0.01660 18.19084 -5.38931 -3.10687 
0.02197 0.98401 -0.02344 11.63359 -0.13740 1.26718 
-0.00269 0.99866 -0.04041 5.57252 9.00000 6.03053 
-0.00879 1.00659 -0.03381 1.61069 15.59542 3.61069 
-0.01672 1.00305 -0.03674 1.40458 19.18321 -1.89313 
-0.02344 1.01978 -0.04956 -2.09924 16.19847 -1.00763 
-0.02722 1.00745 -0.06592 -5.55725 9.76336 3.29771 
-0.03857 1.00745 -0.05884 -3.54962 0.67939 6.49618 
-0.04724 0.98938 -0.06055 3.38168 -1.64885 5.54198 
-0.04797 0.98926 -0.05249 12.16031 -2.73282 4.96947 
-0.01318 1.00378 -0.03723 13.46565 -4.32061 2.16031 
-0.00623 0.99207 -0.05347 6.35878 -8.95420 -1.29771 
-0.00732 0.99072 -0.07837 2.39695 -12.89313 -2.38168 
-0.01062 0.99231 -0.10486 2.49618 -13.93130 1.56489 
-0.01343 0.98413 -0.09534 8.52672 -11.45038 5.67176 
-0.02795 0.99744 -0.06250 14.44275 -5.25191 6.59542 
-0.04114 0.98486 -0.04871 13.09924 -1.87786 3.58779 
-0.03088 0.98242 -0.03784 6.61832 0.25191 -0.74809 
-0.01843 0.99573 -0.05408 0.39695 0.30534 -3.03817 
-0.00549 0.99048 -0.08875 -3.82443 -0.29008 -5.37405 
0.01294 0.99048 -0.09717 -2.95420 -3.29771 -4.19847 
0.00293 0.97424 -0.08984 -3.12977 -6.12214 -1.27481 
-0.00696 0.96375 -0.07654 -1.83969 -5.96947 1.61832 
-0.01038 0.96619 -0.06470 -0.18321 -1.35878 4.54198 
-0.02698 0.97473 -0.05737 0.44275 2.47328 5.06107 
-0.03430 0.98279 -0.07678 0.60305 3.22137 1.61832 
-0.01929 0.99951 -0.09021 0.80916 -0.91603 -1.20611 
0.00024 0.99585 -0.08936 0.25191 -6.66412 -1.90076 
-0.00977 1.00000 -0.07104 -1.29008 -9.45038 1.94656 
-0.02588 1.00317 -0.05908 -1.75573 -6.90076 6.03817 
-0.04846 0.99609 -0.06970 2.34351 -2.10687 7.50382 
-0.04932 0.99524 -0.07471 10.66412 1.70229 3.87023 
-0.02539 1.00671 -0.06360 13.32824 1.64122 -1.63359 
0.00317 1.00916 -0.05847 9.48092 -0.39695 -6.23664 
0.00916 1.00500 -0.06995 -1.61069 -4.63359 -5.59542 
-0.00854 1.00098 -0.08801 -7.25191 -6.65649 0.09160 
-0.02271 0.99365 -0.08923 -7.86260 -5.56489 5.86260 
-0.02991 0.98291 -0.07092 -3.87023 -2.75573 6.79389 
-0.04065 0.98267 -0.05737 0.74809 0.27481 6.33588 
-0.05920 0.96973 -0.05164 5.47328 1.72519 3.29771 
-0.03186 0.90149 -0.03918 10.94656 -0.51145 -0.38931 
0.01953 0.83765 -0.06152 16.86259 -5.83969 -5.21374 
0.04736 0.72974 -0.17590 18.20611 -5.22901 -7.28244 
-0.07166 0.42053 -0.29285 14.44275 7.28244 -6.41985 
0.00024 0.27673 -0.14563 113.97710 24.19084 -42.71756 
0.02588 -0.04089 -0.09534 156.15266 23.00763 -79.31298 
0.03479 0.05286 -0.05591 69.58778 12.64886 -97.41985 
0.03552 0.02576 -0.05383 -9.69466 4.90076 -100.29008 
0.02625 0.03015 -0.04797 -102.41985 -2.94656 -95.60305 
0.01257 0.02881 -0.05017 -173.60306 -8.32061 -90.61832 
0.08154 0.80457 -0.23901 -250.13741 -14.40458 -79.37405 
-0.90540 3.99988 0.50549 -47.55725 -68.35114 -15.77863 
-0.64001 2.46387 0.33533 -39.34351 -81.02290 14.07634 
-0.39026 0.50439 0.04590 -12.87786 -47.44275 66.44275 
-0.07410 0.23560 0.07300 -162.64885 -9.81679 85.40458 
-0.13049 0.54712 0.00598 -250.13741 -0.33588 27.69466 
-0.13391 1.16382 0.26953 -250.13741 8.56489 -35.03817 
-0.27881 1.09204 0.34692 -250.13741 -14.36641 -7.83969 
-0.35828 0.88525 0.39160 -250.13741 -33.70992 39.22137 
-0.18225 0.82556 0.40002 -250.13741 -9.76336 24.54962 
-0.18652 0.95044 0.41736 -250.13741 15.93893 8.70992 
-0.19849 0.87085 0.91406 -250.13741 20.30534 5.94656 
-0.13757 0.11658 1.02991 9.69466 -5.61069 22.31298 
-0.07629 0.41516 0.78674 250.12978 -22.87786 30.50382 
0.02710 0.95801 0.23645 250.12978 -17.83206 0.42748 
-0.04883 1.09058 0.27747 250.12978 2.00763 -7.27481 
-0.12231 1.07129 0.24097 183.03053 6.71756 -7.19847 
-0.15198 1.06702 0.24805 122.35878 2.70992 2.45802 
-0.12415 0.83350 0.41785 111.03817 3.27481 13.39695 
-0.15808 1.07593 0.29041 119.72519 -1.00763 18.08397 
-0.10034 0.99170 0.21704 111.87023 -7.49618 16.88550 
-0.09851 0.91064 0.05042 58.18320 -15.58779 23.59542 
-0.07019 0.95056 0.03931 -0.19084 -6.38931 23.74046 
-0.06299 0.93665 0.04590 -44.77863 7.89313 15.00000 
-0.01404 0.86853 0.26575 -54.11450 4.44275 15.00763 
-0.02759 0.83862 0.26428 -29.84733 -7.41221 17.97710 
-0.02417 0.85645 0.21692 -11.97710 -12.50382 8.37405 
-0.08374 0.93604 0.21667 -16.00000 -9.46565 4.37405 
-0.12000 0.98303 0.25854 -23.56489 -0.87786 8.14504 
-0.10657 0.91919 0.31689 -18.12977 5.83969 7.68702 
-0.07117 0.89026 0.30273 5.47328 7.70992 4.32061 
-0.00610 0.93958 0.24707 26.74809 -1.76336 9.92366 
-0.02588 0.97559 0.23645 32.59542 -6.93893 14.02290 
-0.04443 1.00024 0.24475 34.12214 -8.84733 13.38931 
-0.06006 1.01807 0.21875 36.61069 -7.40458 8.61069 
-0.07385 1.01563 0.18689 31.39695 -4.87023 6.00763 
-0.09973 0.99805 0.16858 20.20611 0.30534 6.10687 
-0.06628 0.97864 0.16968 0.23664 4.35115 3.83206 
-0.04028 0.97229 0.17810 -5.43511 2.12214 7.08397 
-0.01990 0.99341 0.19238 -9.19084 -3.77099 12.61832 
-0.00122 0.92627 0.21960 -14.48855 -3.37405 8.29771 
-0.05688 0.87146 0.20154 -17.40458 -1.82443 -2.62595 
-0.08850 0.96350 0.20593 -11.75572 2.57252 -3.89313 
-0.06946 0.98816 0.24854 -2.83206 5.33588 -2.29771 
-0.08252 0.95117 0.28662 15.35114 8.21374 -3.15267 
-0.03296 0.96265 0.21704 34.34351 8.96183 -1.91603 
0.00220 0.96606 0.23181 39.93893 7.61069 -5.34351 
-0.02600 0.99072 0.22290 57.70229 3.28244 -7.14504 
-0.05505 1.02454 0.12756 56.39695 -4.03053 6.18321 
-0.07922 1.05078 0.10938 34.74046 -2.06107 9.64886 
-0.07043 1.02734 0.13525 19.89313 4.74046 3.54198 
-0.06067 0.94019 0.09644 11.26718 8.48092 -4.93893 
-0.04980 0.98962 0.11523 7.74046 5.05344 4.08397 
-0.05188 1.02429 0.11914 0.93893 3.78626 19.64886 
-0.02490 0.98889 0.16785 -6.60305 1.41985 24.51908 
-0.02100 0.92249 0.20020 8.69466 0.06870 14.83206 
-0.04883 0.94250 0.12292 19.58779 1.61832 7.48855 
-0.03516 0.95959 0.10229 20.62595 4.64885 -0.75573 
-0.05505 0.93066 0.03113 14.63359 8.89313 -5.06870 
-0.08484 0.86694 0.03210 -8.37405 7.55725 3.48092 
-0.04358 0.92065 0.15332 -12.57252 5.06870 14.41985 
0.03503 1.03650 0.13501 2.39695 1.46565 1.98473 
-0.01208 0.95935 0.17871 8.54198 2.63359 -10.54962 
-0.03442 1.00061 0.11768 16.46565 6.78626 -11.59542 
-0.03210 1.05969 0.11230 12.43511 7.77099 -10.58779 
-0.06165 1.08801 0.10193 8.64886 7.42748 -10.35114 
-0.05444 1.08569 0.08838 2.68702 7.78626 -11.29008 
-0.10962 1.10498 0.08936 1.45802 8.84733 -12.77099 
-0.03369 1.17639 0.05017 27.58779 17.45802 -6.18321 
-0.12622 1.09802 0.12036 20.60305 42.68702 -7.82443 
-0.09180 1.10925 0.10461 16.92366 56.29008 -13.21374 
-0.11877 1.11768 0.12781 22.03053 58.88550 -16.93893 
-0.10925 1.08313 0.13489 8.75572 52.24427 -22.43511 
-0.13477 1.10620 0.12366 -1.38931 38.10687 -23.12214 
-0.11646 1.11230 0.08228 -19.29008 12.32061 -16.00763 
-0.08960 1.06641 0.02258 -27.45038 -10.54962 -7.79389 
-0.08472 1.04675 -0.00024 -7.33588 -35.29008 10.08397 
-0.07043 1.03723 0.01685 12.84733 -42.92366 20.90840 
-0.08557 1.01318 0.05469 34.56488 -41.74046 23.59542 
-0.05481 1.02246 0.06812 45.48855 -35.29008 21.03817 
-0.04688 1.01868 0.03467 51.90076 -25.77099 13.12214 
-0.06433 0.99744 0.00244 54.19084 -22.09924 9.86260 
-0.08130 1.00635 0.00732 64.68702 -21.10687 9.49618 
-0.07422 1.01794 0.03430 59.19084 -17.19084 6.48855 
-0.03748 0.99451 0.04724 47.51908 -13.88550 1.95420 
-0.05945 0.96643 0.05676 43.13741 -11.79389 -3.58779 
-0.08740 1.00305 0.05945 39.00763 -8.40458 -3.09160 
-0.09277 1.03113 0.06824 21.25954 0.87023 -7.21374 
-0.10657 1.00854 0.03162 -5.24427 17.34351 -17.82443 
-0.09900 0.95129 -0.01379 -12.95420 30.67939 -22.12214 
-0.07959 0.94263 -0.01587 -0.69466 42.40458 -19.18321 
-0.05847 0.96240 -0.02869 0.97710 43.61069 -17.80916 
-0.09985 0.94800 -0.04468 -5.22137 31.04580 -11.39695 
-0.11255 0.95630 -0.06555 -11.54962 15.61069 -3.09924 
-0.12598 0.95483 -0.11279 -13.34351 -7.22901 7.23664 
-0.12366 0.94763 -0.14905 -5.54962 -20.97710 13.03817 
-0.06250 0.88928 -0.11304 17.38168 -26.91603 17.00763 
0.00085 1.03430 -0.03796 19.22901 -27.92366 16.04580 
-0.09460 0.79602 -0.02393 26.91603 -38.00000 8.29771 
-0.04272 0.90942 -0.03003 33.56488 -35.54962 17.03053 
-0.07166 0.91870 -0.04004 21.52672 -20.96183 17.82443 
-0.08057 0.93335 -0.06860 16.96947 -5.99237 13.21374 
-0.06079 0.94128 -0.06653 7.03817 4.29008 3.75573 
-0.03101 0.90942 -0.08301 -11.16031 8.22901 -9.54198 
-0.00781 0.85779 -0.08911 -6.73282 6.62595 -11.10687 
-0.05774 0.91870 -0.01550 -7.83206 13.52672 -3.87023 
-0.10486 0.92871 0.00195 -22.03053 21.12214 0.77863 
-0.11426 0.92664 -0.06238 -27.23664 22.56489 -0.49618 
-0.07483 0.91943 -0.08533 -20.29771 14.60305 -5.85496 
-0.03186 0.89880 -0.03735 -15.54198 0.80916 -5.70229 
-0.05200 0.89355 0.00635 -17.49618 -1.87786 -0.06870 
-0.09534 0.90210 0.00659 -20.23664 2.41221 6.51908 
-0.13843 0.92297 -0.02039 -13.53435 10.36641 12.38931 
-0.12231 0.92627 -0.02222 -6.82443 13.34351 9.83969 
-0.06812 0.91467 0.00159 -4.65649 11.90840 2.90076 
-0.04163 0.89612 0.00317 -7.18321 6.83206 3.70992 
-0.06067 0.88342 0.00269 -3.66412 1.83969 9.32061 
-0.09131 0.93701 -0.03857 2.32061 -0.09160 16.55725 
-0.08850 0.95361 -0.06677 11.16794 1.74809 17.11450 
-0.07727 0.96704 -0.05005 21.35114 2.77863 16.82443 
-0.05835 0.97107 -0.02612 23.95420 2.90076 17.62595 
-0.04346 0.97424 -0.03308 20.09924 3.02290 18.41221 
-0.03076 0.98926 -0.05750 17.34351 1.56489 17.12977 
-0.03162 1.00879 -0.07764 15.29008 -1.54962 13.63359 
-0.05151 1.03601 -0.08179 12.27481 -5.40458 14.07634 
-0.05444 1.03967 -0.06677 11.35878 -3.62595 12.91603 
-0.04858 1.04517 -0.04578 9.46565 0.36641 10.33588 
-0.03467 1.07788 -0.03149 2.26718 4.42748 8.54962 
-0.02576 1.05371 -0.04944 -15.93130 0.32061 6.18321 
-0.01843 1.03674 -0.06482 -18.80916 -3.74809 5.88550 
-0.03125 1.03796 -0.06299 -13.56489 -2.24427 5.41221 
-0.04163 1.04565 -0.05371 -8.69466 2.93893 8.12214 
-0.02539 1.03320 -0.04688 -1.62595 12.92366 7.73282 
-0.01782 1.03271 -0.03577 3.78626 17.67939 4.81679 
-0.01587 1.03125 -0.03333 4.60305 18.22901 3.27481 
-0.02197 1.01038 -0.04370 1.59542 13.01527 2.43511 
-0.03467 0.98730 -0.04749 -0.80153 5.70992 2.54962 
-0.02673 0.97205 -0.05322 -0.76336 -1.19847 1.98473 
0.00085 0.95959 -0.03113 1.18321 -6.06107 0.95420 
0.00940 0.96545 -0.02612 1.31298 -6.09924 0.90840 
0.00696 0.98267 -0.02686 -0.74809 -4.08397 3.56489 
0.00586 1.00037 -0.05103 -3.94656 -0.96183 7.57252 
-0.01355 1.00403 -0.06873 -3.09160 0.16031 9.76336 
-0.04358 1.01965 -0.07104 1.14504 -0.80916 10.79389 
-0.05273 1.03625 -0.06763 3.85496 -1.93893 9.14504 
-0.03467 1.02966 -0.04700 4.74046 -2.60305 5.33588 
-0.02295 1.01904 -0.02075 2.27481 -2.33588 0.00763 
-0.01001 1.01685 -0.02368 -1.70992 -0.22137 -1.22137 
0.00427 1.01746 -0.03687 -5.57252 3.12214 -0.61069 
0.00464 1.01208 -0.05908 -8.94656 4.82443 2.22137 
-0.01331 1.00452 -0.05566 -5.80916 3.76336 4.82443 
-0.02649 1.00476 -0.04333 -0.12977 2.88550 6.28244 
-0.02588 0.99915 -0.02124 5.08397 2.59542 4.99237 
-0.01990 0.98206 -0.01245 4.19084 0.31298 3.30534 
-0.01941 0.97205 -0.01416 2.54962 -2.86260 3.24427 
-0.03137 0.93323 -0.00903 1.68702 -7.22901 5.22901 
-0.04822 0.87524 0.01538 4.67176 -7.92366 7.27481 
-0.01196 0.81104 0.03394 14.75572 -8.06107 5.23664 
-0.00635 0.68188 -0.02856 20.48855 -6.63359 -1.54198 
-0.07385 0.38318 -0.25244 19.57252 2.92366 -13.37405 
-0.02185 0.07422 -0.19336 85.67175 16.51908 -20.45038 
0.03333 -0.06970 -0.11584 126.35878 13.60305 -48.23664 
0.02490 0.02466 -0.08105 117.58015 4.08397 -65.53435 
0.02563 0.04126 -0.06689 65.92367 -3.45802 -71.53435 
0.03247 0.00659 -0.04138 -7.82443 -13.79389 -74.95420 
0.00684 -0.02026 -0.05530 -43.69466 -18.64122 -72.56489 
0.14294 -0.02026 -0.72766 -97.05344 -25.81679 -60.16031 
-0.84973 3.99988 -0.74426 214.38168 19.16794 250.12978 
0.01843 2.00537 -1.29150 -108.28244 -28.03817 189.21375 
0.10742 1.73193 -0.64307 -250.13741 -25.34351 111.83206 
-0.10718 0.60327 0.47485 -250.13741 -37.16031 35.99237 
0.34314 0.08398 1.00000 -250.13741 -86.06107 2.90840 
0.12073 0.34143 0.54236 -114.25191 -139.70229 -25.63359 
-0.05530 0.98743 0.17664 108.19847 -149.65649 -20.36641 
-0.04041 2.02588 -0.01819 181.27481 -93.93130 16.70992 
0.15491 1.48950 -0.00183 61.55725 6.31298 64.21374 
0.05432 1.22607 -0.08716 25.99237 39.07634 44.16031 
0.03320 1.12610 0.00000 -1.90076 45.19084 -5.91603 
0.04297 1.14990 0.18127 10.38931 42.32824 -14.35114 
0.06299 1.25525 0.00818 17.98473 10.22901 -3.78626 
0.15344 1.27576 0.10742 -8.51145 -10.25191 -5.93130 
0.13403 1.25952 0.10645 -76.33588 5.12977 -28.26718 
0.19946 1.03723 0.19543 -89.96947 17.96947 -49.54962 
0.17822 0.84998 0.27917 -43.50382 28.32061 -58.30534 
0.15747 0.82458 0.22168 -9.64122 30.02290 -51.05344 
0.08716 0.81116 0.12256 15.28244 20.29008 -25.52672 
0.04224 0.86438 0.14136 13.58779 15.95420 -15.52672 
0.05908 0.93335 0.17383 21.02290 19.68702 -12.04580 
0.06738 0.92224 0.12866 36.52672 18.10687 -9.48855 
0.03210 0.91504 0.05493 40.64122 10.16794 -5.03053 
-0.02478 0.96130 0.04407 19.32825 -10.48092 2.79389 
-0.01819 0.97876 0.11047 -1.66412 -12.53435 4.73282 
0.01074 0.97095 0.13611 -9.98473 -6.22137 4.67939 
0.04419 0.95935 0.12646 -2.12977 1.16031 1.24427 
0.00500 0.98792 0.13086 0.59542 3.32824 -1.17557 
0.00476 1.00220 0.15149 -0.96947 4.79389 -5.54962 
-0.00122 0.99817 0.15967 0.17557 5.22137 -4.58779 
-0.00793 0.99597 0.14893 9.67176 4.43511 3.77863 
-0.00281 1.03345 0.12463 12.27481 3.18321 5.99237 
0.02527 1.04480 0.13684 8.09160 4.53435 -1.61069 
0.02917 0.97327 0.11414 6.67176 9.64122 -15.78626 
0.00525 0.95117 0.10986 5.59542 9.84733 -13.02290 
-0.03540 0.94177 0.11609 6.03817 7.37405 2.28244 
-0.02356 1.00598 0.10071 7.25954 3.85496 12.00000 
0.04321 1.02649 0.11841 7.25954 2.57252 2.50382 
0.02795 0.97815 0.12549 8.58015 4.88550 -7.49618 
0.01807 0.99353 0.10315 11.97710 6.67176 -8.24428 
0.02136 1.02625 0.10840 14.93130 4.25954 -1.72519 
0.02710 1.02844 0.09558 14.42748 1.27481 -1.87786 
0.01331 1.01636 0.09827 7.07634 4.58779 -13.02290 
0.00061 0.99097 0.11792 8.35114 10.37405 -26.28244 
-0.00110 0.96912 0.06714 14.58015 12.93130 -23.86259 
-0.03833 0.98962 0.04517 14.05344 8.50382 -9.07634 
-0.01697 1.00330 0.04443 9.79389 2.95420 -0.86260 
-0.02173 1.01758 0.08435 3.54962 2.12977 -3.16794 
-0.02930 0.99487 0.11145 5.49618 6.58779 -11.53435 
-0.02979 0.92542 0.10522 15.16031 10.88550 -11.13740 
-0.06592 0.94763 0.05640 27.91603 5.90840 0.71756 
-0.10254 0.95374 0.04260 27.26718 2.90840 3.23664 
-0.09167 0.97205 0.02026 21.31298 7.26718 -1.61832 
-0.04504 1.02979 -0.02405 2.66412 13.71756 -9.13740 
-0.02173 1.01135 0.00244 -9.40458 14.00763 -4.93130 
0.01660 1.09937 0.08093 -13.52672 8.08397 8.93130 
0.00232 1.03259 0.04871 -8.19084 1.75573 5.86260 
-0.00281 0.99451 0.07043 -13.66412 2.28244 2.53435 
-0.01990 1.04614 0.05908 -15.60305 4.36641 -4.90840 
-0.04419 1.07019 0.06580 -19.01527 7.84733 -4.06870 
0.00793 1.00024 0.09717 -10.74809 7.85496 3.38168 
0.00391 0.97485 0.10828 -0.51145 3.15267 6.21374 
0.00793 1.01599 -0.00842 16.19084 1.64122 7.12214 
-0.06860 1.13464 0.03430 30.00000 18.04580 15.79389 
-0.19031 1.21265 0.08289 20.70992 36.83969 20.85496 
-0.09058 1.15308 0.08264 12.61832 57.06870 9.81679 
-0.00305 1.10071 0.09729 5.22901 54.68702 -9.03817 
-0.00146 1.08435 0.11560 -18.67939 37.25191 -32.13741 
-0.05444 1.04675 0.11597 -36.16794 26.77863 -39.21374 
-0.10107 1.01746 0.08264 -44.41221 16.07634 -30.42748 
-0.09399 0.99915 0.05310 -35.98473 9.48855 -16.67175 
-0.06177 1.00269 0.02490 -11.96947 -0.16031 0.32824 
-0.00903 1.04321 0.01013 15.77099 -16.35114 25.99237 
0.01538 1.00610 0.01208 29.25954 -29.73282 52.21374 
0.06116 0.99573 0.01404 33.73283 -43.66412 84.67939 
0.06934 0.98840 0.01086 38.82443 -46.55725 92.24428 
0.05591 1.00745 0.03662 52.00000 -39.77863 81.20611 
0.04797 1.02588 0.04663 58.01527 -34.02290 63.72519 
0.02930 1.02588 0.05200 46.57252 -28.46565 44.98473 
0.02991 1.02893 0.04089 26.90840 -19.67175 24.36641 
0.04150 1.06445 0.03369 12.12977 -10.12214 11.05344 
0.00269 1.06702 0.03625 2.32061 7.79389 -5.24427 
0.01758 1.02441 -0.01245 -3.44275 25.22901 -19.70229 
0.06763 1.03723 -0.01721 3.93130 39.86259 -34.36641 
0.04785 1.01782 0.00952 4.25191 45.45802 -46.11450 
-0.00269 0.99072 0.00256 -1.91603 40.78626 -43.20611 
-0.03699 0.96643 0.00562 -5.25954 32.70992 -33.25954 
-0.03491 0.97070 0.00635 -2.70992 25.09160 -23.64886 
-0.02002 0.95764 -0.01624 -1.60305 21.63359 -29.06870 
-0.01404 0.92957 -0.02722 5.80916 10.66412 -34.19084 
-0.01343 0.89246 -0.02148 15.35878 1.80916 -29.58779 
-0.00964 0.91980 -0.02478 20.03817 -7.23664 -14.07634 
-0.00134 0.93994 -0.04565 12.19847 -13.51908 -0.99237 
-0.00244 0.93030 -0.06311 -2.45802 -20.35878 9.64886 
-0.01660 0.91516 -0.06128 -10.19084 -23.32825 15.45038 
-0.03564 0.87317 -0.05090 -4.21374 -20.44275 20.41985 
-0.02246 0.86975 -0.02844 15.88550 -12.63359 17.74046 
-0.01013 0.83228 -0.00171 39.83206 -1.56489 6.29771 
-0.00269 0.91699 0.05896 40.97710 7.45038 -3.33588 
-0.02124 0.91101 0.03076 14.24428 11.11450 -11.79389 
-0.00256 0.90759 -0.01636 -7.92366 10.61832 -11.06107 
-0.00916 0.90173 -0.02869 -14.73282 10.38931 -10.28244 
0.00195 0.90015 -0.02991 -11.51908 7.33588 -11.52672 
-0.01306 0.90833 -0.02209 -14.12214 3.87023 -11.00000 
-0.03284 0.90820 -0.01746 -21.16794 -3.31298 -4.12214 
-0.04932 0.92126 -0.01563 -18.04580 -5.45802 0.83969 
-0.04529 0.94556 0.00708 -9.03817 -4.16031 5.11450 
-0.03601 0.95874 0.01038 -3.55725 -1.87786 4.48092 
-0.01868 0.97974 -0.00659 -4.12214 1.12977 3.50382 
0.00012 0.99573 -0.02722 -9.32061 2.67176 4.02290 
0.00134 0.98523 -0.04846 -8.46565 2.27481 6.20611 
-0.02563 1.02478 -0.04700 -11.70992 -1.11450 9.27481 
-0.06030 1.01501 -0.06274 -11.57252 -5.48855 12.28244 
-0.04517 1.02795 -0.04260 -0.21374 -7.50382 9.67939 
-0.03625 1.02771 0.01990 6.40458 -5.37405 3.34351 
-0.01526 1.02747 0.02722 3.08397 -3.87023 0.27481 
-0.01038 1.02380 0.01538 -0.90076 -2.94656 -0.76336 
-0.00854 1.02246 -0.00903 -6.61832 -3.67176 0.00000 
-0.01331 1.01758 -0.00330 -8.59542 -4.37405 1.57252 
-0.02820 1.00354 0.00757 -4.54198 -3.47328 2.49618 
-0.03503 0.99561 0.01953 2.38168 -1.47328 1.52672 
-0.02197 0.98938 0.02625 6.90076 -0.02290 0.45802 
-0.00708 1.00110 0.01868 9.09160 0.00763 0.05344 
-0.00330 1.01477 0.00415 5.17557 -0.69466 0.70229 
-0.01770 1.00684 0.00842 2.03817 -0.38931 1.70992 
-0.02600 1.00085 0.02466 1.76336 1.46565 2.16794 
-0.05139 0.97986 0.03271 -1.25191 4.64122 1.74046 
-0.04626 0.95361 0.02954 -0.72519 6.40458 1.35115 
-0.02124 0.92786 0.01563 3.13740 5.06870 0.91603 
-0.00232 0.89661 0.01477 6.57252 0.26718 1.25191 
0.03137 0.82788 -0.01611 4.79389 -8.47328 4.64122 
0.03284 0.74597 -0.03101 10.87786 -13.75572 7.69466 
0.03772 0.72058 -0.05212 20.22901 -16.28244 8.45802 
-0.02649 0.69202 -0.13171 31.61832 -18.06870 -1.61069 
-0.11780 0.28381 -0.18420 16.69466 -19.95420 -16.73282 
0.00708 0.06006 -0.08960 38.07634 -3.65649 -26.91603 
0.05786 -0.03113 -0.08093 -2.30534 7.84733 -41.76336 
0.04822 -0.04333 -0.07471 -0.77863 16.43511 -49.24427 
0.04028 -0.02649 -0.06531 1.85496 19.02290 -49.84733 
0.03345 -0.01611 -0.02466 -26.60305 20.90076 -49.48855 
-0.02246 0.48022 -0.55823 -47.50382 24.64886 -39.27481 
-0.84204 3.99988 -0.62988 79.08397 65.83206 250.12978 
-0.20520 2.17517 -0.72937 13.11450 -12.12977 217.26718 
0.30322 1.71252 -0.07703 -169.08397 -50.29771 205.81679 
0.24683 0.95569 0.56116 -250.13741 -37.37405 194.87787 
0.27576 0.59827 0.54993 -234.34351 -51.06870 66.53435 
0.24780 0.95532 0.41138 -49.67939 -78.05344 -85.59542 
0.30701 1.21179 0.23462 -4.16794 -79.27481 -151.87022 
0.27551 1.30627 0.17297 17.30534 -60.73283 -166.37404 
0.26013 1.09265 0.17480 66.67939 -16.27481 -128.84734 
-0.02295 0.93628 0.05359 50.33588 53.94656 -24.32061 
-0.11438 0.83740 -0.10254 59.89313 36.60305 33.35878 
0.00781 0.98584 -0.10742 50.76336 6.53435 32.31298 
0.09521 1.33105 -0.04248 1.16794 -15.05344 -5.25191 
0.16187 1.26257 0.03333 -20.94657 -0.29008 -23.54198 
0.06946 1.11194 0.06567 -35.74046 19.58779 -25.65649 
0.02026 1.00061 0.08472 -30.93130 12.47328 -19.46565 
0.02637 0.93555 0.12048 -11.94656 2.09160 -5.11450 
0.01599 0.91650 0.10742 -1.40458 2.50382 4.47328 
0.03394 0.94275 0.09595 1.27481 4.97710 7.83969 
0.05945 0.96924 0.09631 6.35878 5.06107 7.25954 
0.05408 0.98401 0.08630 14.81679 2.38168 4.22901 
0.04761 0.97583 0.06958 17.29008 1.12977 1.09160 
0.04639 0.97839 0.06165 10.55725 3.78626 3.37405 
0.05322 0.97803 0.04749 3.90840 4.87023 3.09924 
0.05774 0.99194 0.05566 -2.50382 4.17557 -3.41985 
0.03455 0.99939 0.08484 -7.23664 5.15267 -9.16031 
-0.01611 0.99463 0.08960 -4.90076 6.26718 -3.03817 
-0.02551 1.02332 0.09644 0.38931 5.71756 4.19847 
0.03845 1.02014 0.10962 5.60305 6.06870 0.77099 
0.05164 0.99622 0.10803 7.81679 9.35878 -7.03817 
0.04883 0.99268 0.08289 8.96947 12.01527 -9.44275 
0.04724 0.98486 0.04553 7.77099 9.09924 -4.58779 
0.04358 1.01245 0.06519 1.90840 0.64885 -2.22901 
0.04224 1.04919 0.09119 -1.93130 0.57252 -7.41221 
0.05774 1.04602 0.10352 -0.14504 6.02290 -14.00763 
0.05298 1.01233 0.09265 7.42748 10.19084 -18.41985 
-0.00024 0.97290 0.03442 19.80153 7.93893 -16.12977 
-0.04736 0.95020 0.01514 19.24427 3.99237 -11.50382 
-0.07056 0.95825 0.01807 4.15267 3.67939 -5.68702 
-0.04370 0.94666 0.06885 -1.81679 6.42748 1.90840 
-0.01514 0.91687 0.09082 10.51145 8.09924 12.77863 
0.03491 0.99292 0.03650 35.01527 4.72519 18.83206 
0.06067 1.02673 -0.01563 39.82443 -0.38168 10.06107 
0.03821 1.01208 -0.01514 22.62595 0.03817 -8.16794 
-0.00378 0.99304 0.02051 3.00000 7.20611 -21.29008 
-0.01465 1.02100 0.00220 -7.20611 10.35878 -17.21374 
0.02283 1.11145 0.00049 -17.91603 8.67176 -5.94656 
0.03015 1.00928 0.07922 -7.60305 0.61832 0.64122 
0.03223 0.96948 0.00391 5.61832 -1.02290 -6.74046 
-0.08154 0.93372 0.00562 -6.06107 0.19847 -6.99237 
-0.02966 1.00989 0.00317 -2.49618 -0.35115 4.25954 
0.04016 1.07703 0.01953 -6.12977 2.61069 7.38168 
0.02747 1.09583 0.07202 0.61832 6.73282 -5.07634 
0.00269 1.07788 0.03430 6.02290 11.82443 -20.81679 
-0.00940 1.09082 0.05920 15.57252 13.76336 -30.12214 
0.00256 1.05920 -0.01282 16.97710 8.03817 -23.55725 
-0.00061 1.08643 -0.02734 6.71756 -2.98473 -8.01527 
-0.01404 1.16211 -0.00610 1.35878 -10.00000 -0.31298 
-0.00732 1.16284 0.01770 -15.29008 -13.78626 9.48092 
-0.06909 1.12903 0.16821 -59.93130 -3.24427 36.58015 
-0.01758 1.11230 0.10767 -63.61069 9.39695 50.96947 
-0.00012 1.11072 0.11633 -54.73283 25.39695 43.62595 
-0.00879 1.09961 0.07983 -53.78626 31.21374 31.08397 
-0.03101 1.09680 0.06104 -38.54962 33.88550 18.24427 
-0.03357 1.09192 0.06372 -22.78626 34.46565 11.45038 
-0.01111 1.07568 0.06836 -4.11450 32.46565 -1.26718 
0.00085 1.07251 0.10046 11.77099 30.07634 -12.41985 
-0.00452 1.01135 0.10059 16.81679 25.84733 -18.63359 
0.02563 0.99585 0.08228 13.89313 18.87023 -14.19847 
0.03015 0.95569 -0.00037 19.12977 15.66412 -4.17557 
0.02637 0.97571 -0.04053 51.82443 -0.21374 21.17557 
-0.00085 1.00378 -0.02124 63.33588 -3.54962 33.09924 
0.00574 0.98730 -0.01904 68.80153 -5.87786 34.38168 
0.04004 0.97717 0.00195 65.75572 -12.53435 25.27481 
0.04382 0.97473 -0.02222 57.16794 -17.37405 15.28244 
0.04883 1.00720 -0.00659 53.81680 -19.53435 -0.67939 
0.02637 0.92578 -0.00354 62.64122 -15.16031 -12.48092 
0.00952 1.01782 0.05005 51.12977 1.24427 -20.58779 
-0.01147 1.02173 0.02393 8.71756 13.44275 -27.63359 
0.00745 0.99927 0.00220 -25.58779 22.33588 -34.46565 
0.01294 0.93555 -0.01001 -44.59542 29.05343 -45.03817 
0.01819 0.87451 0.02417 -50.32061 28.90076 -47.81680 
0.00232 0.87524 0.04346 -58.03817 23.60305 -41.58779 
-0.04492 0.85571 -0.00244 -58.33588 16.27481 -25.63359 
-0.05823 0.80994 -0.07117 -13.82443 5.84733 5.58015 
-0.04224 0.92297 -0.02100 21.49618 5.54962 21.23664 
-0.02417 0.94263 0.02808 18.98473 5.25954 19.79389 
-0.01416 0.91699 0.06226 4.77099 2.83206 16.32825 
-0.02332 0.89246 0.07703 -13.51145 -0.48855 14.48855 
-0.05713 0.86426 0.04895 -12.58015 -4.11450 16.24427 
-0.08215 0.88745 0.05981 -8.80916 -4.15267 15.55725 
-0.09119 0.88721 0.06946 -6.74046 -0.61069 6.34351 
-0.06970 0.88550 0.04431 -2.93130 2.16031 -0.67176 
-0.04895 0.89990 0.01062 -0.40458 4.45802 -3.57252 
-0.02246 0.92651 0.00403 -2.63359 5.81679 -4.48092 
-0.00537 0.92310 -0.00208 -7.65649 5.76336 -3.76336 
0.00000 0.92505 -0.00427 -8.19847 4.27481 -1.07634 
-0.01221 0.94287 0.00623 -3.79389 4.54962 2.87023 
-0.02124 0.95789 0.02563 -0.62595 4.74046 5.81679 
-0.03113 0.95630 0.03906 4.92366 3.83206 9.70992 
-0.06506 0.99841 0.05188 1.25954 1.25954 12.70229 
-0.06299 1.01025 0.01550 -2.19847 -1.01527 11.23664 
-0.03333 1.02783 0.00208 1.30534 -0.93893 4.42748 
-0.00134 1.03711 0.00232 4.00000 -1.70992 -2.44275 
0.00879 1.01392 0.02307 4.86260 -3.84733 -4.31298 
0.00012 0.99561 0.05420 3.82443 -3.26718 -0.83206 
-0.01672 0.99426 0.06055 -0.46565 -0.35878 4.29771 
-0.03076 1.00159 0.03748 -4.64885 3.77099 8.54962 
-0.01697 1.01978 0.01685 -2.16031 6.25191 5.95420 
-0.01453 1.03491 -0.00085 0.73282 6.75573 0.49618 
-0.00208 1.02014 -0.01038 -1.58779 3.71756 -3.35115 
-0.00232 0.99524 0.01123 0.80916 0.19847 -3.11450 
-0.00269 0.99329 0.03247 2.19847 -1.32824 -0.44275 
-0.00977 0.99377 0.04956 -1.31298 -0.28244 2.52672 
-0.02112 1.00122 0.02930 -1.77863 2.12977 4.48092 
-0.02905 1.01660 0.00171 1.33588 4.63359 4.34351 
-0.02771 1.02344 -0.00073 4.89313 5.22137 0.78626 
-0.02478 1.00342 0.02319 7.40458 3.45038 -2.47328 
-0.01379 0.98120 0.05005 7.59542 0.76336 -3.70992 
-0.01941 0.97229 0.06018 5.94656 -1.65649 -2.32061 
-0.02332 0.98682 0.03162 0.06870 -2.69466 0.97710 
-0.02930 0.99988 0.00134 -3.02290 -1.77099 1.96183 
-0.03027 0.99707 -0.00708 -1.42748 0.06870 1.08397 
-0.01733 0.99146 0.01636 3.93130 2.42748 -1.47328 
-0.01855 0.98438 0.03442 4.19847 2.95420 -2.77099 
-0.02002 0.98389 0.02979 1.38931 2.62595 -1.80153 
-0.01563 0.97717 0.03845 1.74809 1.74046 0.34351 
-0.01392 0.98157 0.03760 0.24427 1.02290 2.72519 
-0.02600 0.97534 0.03137 -0.58015 0.72519 5.12214 
-0.04883 0.95740 0.02832 2.32824 1.42748 6.27481 
-0.04004 0.92761 0.03284 5.80916 2.82443 6.36641 
-0.00146 0.86511 0.04602 9.44275 3.49618 5.68702 
0.03625 0.80994 0.03870 10.25954 1.87786 4.11450 
0.04053 0.71387 0.02417 11.59542 0.16794 2.49618 
-0.02393 0.51807 -0.13965 13.38168 3.77099 -5.62595 
-0.10791 0.23438 -0.27905 18.92366 15.09160 -9.74046 
-0.06116 0.10999 -0.19116 102.96947 23.43511 -21.06870 
0.02820 -0.00500 -0.08887 116.74046 21.28244 -46.87786 
0.03040 0.02881 -0.06287 47.78626 14.71756 -62.28244 
0.02832 -0.00659 -0.05493 -2.71756 9.94656 -66.22137 
0.02185 -0.03333 -0.03284 -33.16031 7.67939 -65.99236 
-0.02234 0.00305 -0.03516 -93.25954 1.83206 -61.22137 
-0.24207 3.93103 0.17480 191.35878 55.71756 203.22900 
-1.29712 3.65662 -1.67993 118.54962 91.64886 250.12978 
0.41345 2.16919 -0.42822 -213.14503 -47.65649 239.29007 
-0.10938 1.25732 0.12854 -250.13741 -33.99237 170.51144 
0.10803 0.29297 0.67810 -250.13741 -85.47328 68.72519 
0.31482 0.38342 0.68567 -250.13741 -108.86259 -8.61832 
0.33826 0.93921 0.45935 51.00763 -123.36641 -86.46565 
0.32349 1.68213 0.24939 98.55725 -117.16794 -111.41985 
0.23828 1.41687 0.13025 74.40458 -87.25954 -63.40458 
0.23730 1.10974 0.00281 77.27481 -48.90076 -43.38931 
0.22522 0.99890 0.02661 57.88550 20.07634 -11.70992 
0.08594 0.95361 -0.09424 31.87786 27.70229 -4.88550 
0.07861 1.07678 -0.07825 5.07634 -22.01527 -24.85496 
0.12476 1.21948 -0.00366 -10.43511 -19.08397 -33.81680 
-0.02502 1.18127 0.03381 -54.58779 9.04580 -52.54198 
-0.03699 0.92993 0.11902 -72.12214 28.26718 -67.30534 
-0.09570 0.80359 0.14624 -56.58779 39.10687 -47.98473 
-0.06519 0.87085 0.10486 -29.29008 27.07634 -6.66412 
0.06201 0.88916 0.09265 -9.41985 9.15267 25.48092 
0.12329 1.09924 0.19800 4.32824 -5.84733 23.08397 
0.12976 1.13306 0.19739 17.96183 -3.16031 -1.06107 
0.09277 1.07764 0.14429 24.61069 1.84733 -24.26718 
-0.00195 0.97595 0.10608 16.40458 2.55725 -24.64886 
-0.06079 0.94946 0.07837 8.72519 -3.41985 -3.54198 
0.02393 0.96643 0.13245 8.09160 -8.87023 19.56489 
0.06714 0.99756 0.11853 9.87023 -3.63359 14.67939 
0.04932 0.98010 0.12097 10.09160 -0.75573 -1.06107 
-0.00891 0.93481 0.10535 8.37405 0.91603 -13.73282 
-0.02966 0.93921 0.08630 8.44275 0.64885 -9.46565 
-0.00427 0.98035 0.09460 4.34351 0.24427 0.09160 
0.05017 0.99402 0.13965 5.72519 1.81679 -0.72519 
0.08069 0.95154 0.09668 11.88550 2.97710 -9.25954 
0.04395 0.96252 0.06909 14.15267 -0.29008 -8.47328 
0.01111 0.96118 0.05054 13.93893 -3.76336 -3.11450 
-0.01270 0.94324 0.04529 6.76336 -6.16794 -1.32061 
-0.00049 0.94958 0.07605 0.43511 -3.90840 -7.08397 
-0.01099 0.96436 0.08557 0.43511 0.35878 -8.53435 
-0.01648 0.99243 0.07800 2.80916 2.41221 -1.11450 
-0.00354 1.00293 0.07300 1.09160 -1.11450 5.07634 
0.00549 1.02222 0.08142 -1.12977 -4.69466 4.98473 
0.00049 1.01697 0.09009 -0.04580 -5.23664 0.61069 
-0.03540 0.96631 0.09912 3.86260 0.43511 -3.13740 
-0.03210 0.99158 0.09412 6.89313 5.55725 -1.25191 
-0.00391 1.00549 0.06494 8.24428 7.96183 1.59542 
0.02307 1.01794 0.05005 5.27481 5.01527 -0.44275 
0.02686 1.02258 0.05969 1.39695 2.35878 -4.38931 
-0.01099 1.01526 0.07117 -0.47328 0.56489 -5.96183 
-0.03662 0.99951 0.09033 0.77099 2.03817 -6.26718 
-0.01770 0.98523 0.07056 6.41221 6.69466 -4.54962 
-0.00513 0.98169 0.07043 11.19084 7.65649 -4.00763 
-0.00024 0.97095 0.04309 11.68702 6.40458 -4.45038 
-0.03406 0.96069 0.03784 5.16031 3.40458 -4.94656 
-0.06567 0.95154 0.04785 -1.97710 2.03053 -2.35115 
-0.05945 0.95789 0.06189 -5.29008 2.29771 1.43511 
-0.02063 0.99792 0.06982 -3.16794 2.70229 3.77863 
0.00171 1.02087 0.07959 -0.80916 2.03053 2.58015 
-0.01440 1.03235 0.08142 1.71756 1.36641 0.87786 
-0.01697 1.04163 0.08228 3.30534 2.21374 -1.28244 
-0.02612 0.99902 0.05396 7.24427 4.18321 -4.42748 
-0.03577 0.97632 0.02625 5.74046 4.83206 -5.53435 
-0.03308 0.96033 0.03210 2.22137 3.95420 -3.58779 
-0.02295 0.95703 0.04028 -0.36641 0.46565 4.23664 
-0.00720 0.98792 0.06616 1.06107 -1.91603 9.11450 
0.01611 1.01086 0.08154 4.61832 -1.80916 9.72519 
0.01318 1.02380 0.07520 7.73282 -0.58015 5.64122 
0.00293 1.00281 0.05408 8.00000 2.86260 -3.00000 
-0.01514 0.97021 0.04321 4.47328 5.54962 -6.72519 
-0.03052 0.95105 0.02271 0.87023 5.38168 -4.29771 
-0.04358 0.94910 0.02783 -1.70992 2.60305 1.38931 
-0.04504 0.97461 0.05823 -2.46565 -0.57252 9.28244 
-0.02417 1.00574 0.06934 -0.04580 -0.34351 10.62595 
-0.01611 1.02246 0.06177 4.78626 0.76336 6.24427 
-0.01172 1.01929 0.05078 4.70992 1.64885 2.74809 
-0.01074 1.00513 0.04077 2.81679 2.08397 2.16031 
-0.01843 0.99585 0.04236 1.55725 2.65649 1.80153 
-0.01184 0.98230 0.04272 1.63359 4.10687 1.48092 
-0.00220 0.98291 0.03748 1.56489 3.48092 2.88550 
-0.00061 0.98535 0.04077 1.87023 1.09160 4.67939 
0.00244 1.00146 0.04834 2.36641 -0.64885 4.29771 
0.00403 1.00085 0.04846 2.77863 0.36641 0.87023 
-0.00806 0.99878 0.04211 1.71756 1.56489 -1.93130 
-0.01233 0.99426 0.04553 0.12214 1.12214 -0.28244 
-0.01843 1.00488 0.04541 1.32824 0.70229 2.66412 
-0.01917 0.99780 0.04980 2.22137 1.99237 2.67176 
-0.00696 0.98926 0.03284 4.87786 5.12977 -2.18321 
-0.01331 0.97644 0.01648 4.19084 6.26718 -5.57252 
-0.01697 0.97266 0.01404 -0.48855 6.61832 -6.16794 
-0.03076 0.99084 0.03491 -5.01527 3.63359 -0.95420 
-0.02856 1.00244 0.06128 -4.35115 1.43511 3.67176 
-0.01587 1.01917 0.07751 -0.70229 0.80916 4.34351 
-0.01611 1.02478 0.06140 5.47328 1.57252 -0.69466 
-0.01855 1.00171 0.03149 7.67939 2.31298 -1.58779 
-0.02637 0.97400 0.00732 5.54198 1.52672 0.23664 
-0.03076 0.96155 0.00659 0.43511 0.57252 0.31298 
-0.03564 0.96545 0.03699 -4.90840 1.32824 -1.96947 
-0.03247 0.96887 0.05774 -4.79389 2.25191 -0.94656 
-0.02625 0.98523 0.06860 -2.85496 2.31298 2.57252 
-0.01501 1.01489 0.05872 1.38168 0.73282 6.60305 
0.00305 1.01331 0.04260 3.06870 0.18321 5.13740 
0.00378 0.99097 0.02893 2.93130 0.01527 0.92366 
-0.02551 0.97949 0.02112 1.15267 0.03053 -1.99237 
-0.04517 0.99500 0.03040 -3.02290 1.25191 -1.08397 
-0.03931 1.01123 0.05176 -4.37405 2.76336 0.87023 
-0.01563 1.02502 0.06677 -1.95420 4.48092 1.27481 
-0.00012 1.01794 0.05103 4.47328 4.56489 1.12977 
-0.00305 0.98584 0.02942 6.43511 2.49618 0.77099 
-0.02490 0.96167 0.01733 3.57252 0.14504 0.44275 
-0.04541 0.95410 0.02075 -0.51908 -0.03053 1.45802 
-0.03040 0.98352 0.03906 -3.04580 2.13740 3.04580 
-0.00439 1.00708 0.05151 -1.64885 2.96183 2.84733 
0.01123 1.02808 0.06409 0.61832 2.83969 -0.32824 
0.00134 1.00122 0.05701 2.22137 3.18321 -3.32824 
-0.02917 0.97205 0.03064 3.42748 1.91603 -2.05344 
-0.04126 0.96643 0.01563 2.89313 -0.12977 -0.25954 
-0.04700 0.97754 0.01746 0.94656 -0.73282 0.42748 
-0.03931 0.99353 0.04370 -2.06107 1.48855 -0.76336 
-0.02991 0.99829 0.05151 -1.93130 2.62595 0.82443 
-0.02454 1.01636 0.04456 0.19847 1.67939 3.07634 
-0.02649 1.01672 0.04456 0.77099 0.99237 3.39695 
-0.02380 1.00854 0.04041 1.12977 2.73282 -0.25191 
-0.03284 0.99255 0.04211 1.83206 3.36641 -3.89313 
-0.03796 0.97241 0.03259 1.93130 3.55725 -4.49618 
-0.04700 0.97131 0.03516 1.10687 2.25954 1.38168 
-0.04126 0.98132 0.02856 0.64885 2.12214 5.26718 
-0.01453 0.99695 0.03101 1.02290 2.54198 6.31298 
0.00623 1.00671 0.04321 2.09160 2.35115 3.51145 
-0.01013 0.99976 0.03638 1.56489 1.24427 -0.91603 
-0.04761 0.99927 0.03625 -0.66412 1.27481 -1.79389 
