1.02905 -0.00769 0.01514 0.23664 2.66412 0.41221 
1.03064 -0.00964 0.01025 0.08397 2.32824 -0.95420 
1.02856 -0.00427 0.00769 -0.25954 1.67176 -0.59542 
1.02393 -0.00146 0.00269 -1.16031 0.55725 0.20611 
1.02368 0.00024 -0.00513 -0.97710 -1.22137 0.00763 
1.03125 0.00354 -0.00610 -0.47328 -1.45038 -0.69466 
1.03259 0.00415 -0.00012 -0.59542 -0.45802 -0.80916 
1.01758 0.00720 -0.00195 -0.96947 1.08397 0.24427 
1.02734 0.00293 -0.00671 -0.42748 1.54198 0.12977 
1.05225 0.01282 0.00623 1.54198 1.93893 -1.19084 
1.04736 0.03101 0.01208 1.49618 2.23664 -1.00763 
1.04016 0.02673 0.01172 0.10687 1.25191 0.75573 
1.03186 0.02136 0.00769 -1.02290 -0.44275 1.88550 
1.02856 0.00513 -0.00305 -1.61069 -1.62595 2.61832 
1.04114 -0.01355 -0.00110 -0.76336 -1.25191 2.70992 
1.03589 -0.01489 -0.00122 -0.56489 -0.49618 1.61069 
1.02148 -0.00452 -0.00049 -0.74046 -0.45038 -0.28244 
1.01074 0.01990 0.01001 -0.98473 -0.99237 -0.87786 
1.00867 0.01904 0.01367 -1.14504 -0.19847 0.88550 
1.01270 -0.00439 0.01501 -3.38931 1.51908 3.28244 
1.02515 -0.01843 0.00586 -4.51908 1.46565 1.79389 
1.03967 -0.01929 -0.00464 -4.13740 0.38931 -2.06107 
1.03491 0.01074 -0.00574 -2.38931 -2.16794 -5.01527 
1.02942 0.02856 -0.01184 -2.18321 -3.54198 -4.56489 
1.03369 0.03052 -0.01172 -1.43511 -3.73282 -2.87023 
1.04822 0.02576 -0.01294 -1.39695 -1.61069 -0.10687 
1.04309 0.01807 -0.01038 -2.34351 0.67176 1.21374 
1.02954 0.01257 -0.01184 -3.78626 1.54962 1.66412 
1.02039 0.01184 -0.01465 -2.86260 0.80153 0.60305 
1.01819 0.01404 -0.01135 -2.03053 -0.14504 -1.06107 
1.01990 0.02100 -0.01501 -2.38931 -0.25954 -1.10687 
1.03088 0.02173 -0.00964 -2.47328 0.67176 0.33588 
1.02417 0.01868 -0.01111 -3.76336 1.17557 1.87023 
0.99927 0.01111 -0.01929 -5.75573 0.17557 2.25954 
1.00085 -0.00952 -0.03674 -2.10687 -2.61069 -1.01527 
1.01111 -0.00391 -0.03955 2.42748 -3.48855 -5.03817 
1.01331 0.00916 -0.02759 4.83969 -1.21374 -6.74046 
1.01282 0.01428 -0.02075 3.90840 1.67176 -5.43511 
1.01721 0.00671 -0.02100 3.29008 3.88550 -5.03817 
1.02563 0.01733 -0.02136 4.18321 4.83206 -6.05344 
1.05115 0.03699 -0.01526 4.84733 5.79389 -6.41985 
1.04736 0.05298 -0.00415 3.90076 6.02290 -5.78626 
1.03198 0.05176 -0.00769 1.76336 5.20611 -3.64885 
1.03650 0.03577 -0.00500 1.09160 4.93130 -1.17557 
1.05066 0.02820 0.00000 1.41985 6.67176 -0.69466 
1.04993 0.03467 0.00989 2.49618 8.12977 -1.21374 
1.04321 0.04565 0.00696 2.41985 7.41221 -1.51908 
1.04126 0.04785 0.00623 1.58779 4.54198 -0.21374 
1.03308 0.03589 0.00708 3.58015 1.68702 -0.19084 
1.02368 0.02954 0.00159 5.04580 -0.81679 -1.14504 
1.02319 0.02979 0.00903 3.75573 -0.35878 -1.23664 
1.02319 0.02490 0.01208 3.48855 0.90840 -2.47328 
1.02271 0.03296 0.01135 4.19847 0.16794 -4.74809 
1.01135 0.04895 0.00073 2.79389 -2.22137 -5.09160 
1.00977 0.05151 -0.00232 2.42748 -3.94656 -2.29008 
1.02246 0.02625 -0.00122 1.83969 -3.15267 0.58779 
1.02612 0.01208 0.00378 2.20611 -0.23664 0.47328 
1.01892 0.02344 0.00757 0.61832 2.33588 -1.35115 
0.98987 0.03491 0.01062 -2.58015 3.40458 -1.43511 
1.00073 0.03210 -0.00073 -1.58015 1.32061 -3.18321 
1.00598 0.03064 0.00269 0.40458 -0.46565 -5.42748 
1.01880 0.04224 -0.00708 0.43511 -0.43511 -7.00763 
1.02539 0.04565 -0.01318 0.95420 0.51908 -6.91603 
1.03040 0.04968 -0.00903 0.49618 1.99237 -6.87023 
1.02441 0.06128 -0.01794 0.00000 3.18321 -6.45802 
1.02234 0.06360 -0.01123 0.74809 4.14504 -5.74046 
1.03296 0.06360 -0.01074 0.35115 5.81679 -5.83969 
1.04602 0.06592 -0.00513 0.47328 7.15267 -7.24427 
1.05225 0.08691 -0.00122 1.20611 7.09160 -7.57252 
1.05200 0.09570 -0.00635 2.31298 5.03053 -6.69466 
1.05115 0.10083 0.00208 2.96947 2.83206 -5.02290 
1.02698 0.09033 0.01379 2.70992 1.53435 -3.15267 
1.04114 0.10754 0.02063 2.27481 -7.87786 -2.65649 
1.05322 0.09900 0.02344 -0.52672 -9.25954 0.50382 
1.05750 0.06824 0.00061 -2.87023 -6.99237 2.53435 
1.04565 0.05444 0.01379 -2.70229 -6.74809 -0.22901 
1.04980 0.05200 0.00146 -1.10687 -9.36641 -3.75573 
1.05591 0.07446 -0.01416 0.06870 -8.10687 -4.93130 
1.06628 0.11340 -0.02563 0.42748 -1.48855 -0.99237 
1.07556 0.13428 -0.02002 -2.20611 4.16031 4.99237 
1.06030 0.14258 -0.01611 -5.58015 7.83206 14.20611 
1.05359 0.09546 -0.01746 -8.28244 10.09924 21.52672 
1.05444 0.05957 -0.00293 -7.51145 11.01527 21.96183 
1.02454 0.02966 0.00635 -7.26718 11.09924 19.61832 
1.00317 0.00269 0.00195 -3.40458 5.15267 9.94656 
0.95813 -0.05652 -0.02185 2.91603 -1.38168 -0.29008 
0.99304 0.03149 -0.01990 7.25191 -0.92366 -9.40458 
1.01099 0.11499 0.03625 3.35878 -1.62595 -3.80916 
1.02820 0.09778 0.02563 -0.12977 -5.91603 3.99237 
1.04553 0.06641 0.00671 -1.48855 -7.88550 6.80153 
1.03491 0.06567 0.10620 -6.23664 -15.67939 8.23664 
1.04114 0.07166 -0.08240 -10.01527 -16.82443 12.22137 
1.03796 0.04919 -0.05383 -9.83969 -5.36641 17.99237 
1.05164 0.02185 -0.04150 -9.93130 -0.81679 16.64122 
1.03699 0.01172 -0.01721 -8.11450 0.91603 13.71756 
1.03308 -0.02136 -0.00134 -7.16794 -0.48855 9.30534 
1.01489 -0.00964 0.01245 -4.78626 -4.74809 6.96183 
1.01025 0.01892 0.00879 -6.96947 -9.56489 9.90076 
1.05139 0.01208 -0.00757 -14.82443 -13.00000 16.80916 
1.03308 -0.00439 -0.00818 -23.32061 -10.97710 19.58015 
1.03296 -0.03210 -0.02734 -30.67175 -8.46565 18.61069 
1.02490 -0.04956 -0.07898 -30.45802 -7.50382 17.98473 
1.05005 -0.07739 -0.10229 -28.67939 -5.25954 19.21374 
1.04846 -0.07336 0.02087 -15.51145 -2.90840 13.47328 
1.01270 -0.00488 -0.05530 -19.67175 1.97710 9.21374 
1.02173 -0.01392 -0.04346 -18.78626 1.10687 10.16031 
1.00854 0.08240 -0.01782 -11.08397 -4.72519 13.29008 
0.98816 0.05432 -0.00842 -6.75573 -5.84733 8.67939 
1.05957 -0.03601 -0.05884 -14.72519 -6.62595 6.99237 
1.13806 -0.03528 -0.14319 -16.40458 -6.45802 16.87023 
1.05725 -0.08350 -0.24878 -38.59542 -16.15267 20.83969 
1.08826 -0.06262 -0.21936 -20.96183 -27.75573 17.36641 
1.06201 -0.04749 -0.19336 -25.54198 -34.12214 14.68702 
1.05798 -0.05798 -0.17834 -19.60305 -43.16031 15.33588 
1.06775 -0.04675 -0.14417 -3.25954 -46.67176 18.34351 
1.04297 -0.00208 -0.13892 -13.04580 -47.05344 22.12214 
1.01672 0.02197 -0.13708 -10.46565 -48.54198 21.00000 
1.02527 0.02087 -0.13171 -11.19847 -46.54962 13.95420 
0.99988 -0.01526 -0.12866 -13.47328 -45.03053 0.51908 
1.02710 -0.07043 -0.07373 -3.54198 -41.13741 -6.31298 
1.04895 -0.06152 -0.08630 -10.94656 -27.57252 -3.76336 
1.03772 -0.05603 -0.11292 -16.78626 -20.31298 3.09924 
1.02527 -0.02881 -0.13403 -10.70229 -16.22901 9.23664 
1.02014 -0.01514 -0.13672 -8.36641 -13.38931 9.92366 
1.01624 -0.01892 -0.14648 -5.36641 -7.67176 6.70229 
1.01880 -0.02686 -0.15491 -3.76336 -1.20611 4.74809 
1.01099 -0.03662 -0.15576 -4.69466 5.16031 2.90076 
0.98975 -0.04407 -0.16138 -2.79389 8.92366 -2.38931 
0.99963 -0.05042 -0.16467 -2.20611 10.02290 -4.83206 
1.00671 -0.05676 -0.17590 -4.92366 12.44275 -4.83206 
1.00818 -0.05396 -0.19116 -4.83969 13.04580 -3.88550 
1.01440 -0.04797 -0.19836 -4.89313 11.83206 -3.41221 
1.01904 -0.04871 -0.20227 -4.32061 8.35114 -4.38168 
1.02686 -0.05518 -0.20190 -8.94656 5.94656 -4.35878 
1.04285 -0.07593 -0.20959 -16.12977 4.85496 -2.41985 
1.04468 -0.07239 -0.22192 -16.42748 5.24427 1.22137 
1.03735 -0.05505 -0.23450 -13.54198 3.75573 7.04580 
1.01892 -0.05237 -0.23889 -11.28244 -0.55725 9.35114 
1.00085 -0.05481 -0.24329 -10.22137 -7.64885 10.26718 
1.00830 -0.06653 -0.22363 -6.44275 -19.94657 6.85496 
1.02869 -0.07166 -0.20349 -4.83206 -26.09160 3.69466 
1.04749 -0.06677 -0.18201 -9.82443 -26.03053 4.34351 
1.05762 -0.07031 -0.19373 -16.19847 -20.22901 6.13740 
1.04272 -0.05774 -0.20142 -17.57252 -9.10687 6.95420 
1.03015 -0.05444 -0.21094 -17.38168 -2.83206 5.06870 
1.00916 -0.06299 -0.20020 -11.29008 0.75573 -0.50382 
1.01099 -0.06201 -0.20251 -6.25954 2.19084 -3.80916 
1.03394 -0.06384 -0.20898 -4.03053 4.90840 -1.19847 
1.02954 -0.06165 -0.21460 -2.45802 6.59542 2.25191 
1.02368 -0.05969 -0.21570 0.81679 7.27481 3.83206 
1.01819 -0.05701 -0.21667 5.31298 8.03053 1.82443 
1.01404 -0.05005 -0.19897 6.65649 7.44275 1.17557 
1.01526 -0.04761 -0.19531 3.93893 6.03053 2.97710 
1.01685 -0.04639 -0.19629 -2.03053 4.50382 4.76336 
1.02026 -0.04749 -0.21399 -6.68702 4.83969 4.41985 
1.02454 -0.04114 -0.22156 -5.22137 8.02290 0.65649 
1.02307 -0.05017 -0.22266 -5.56489 11.68702 -3.36641 
1.02161 -0.05066 -0.22278 -4.39695 11.79389 -3.77863 
1.02283 -0.05835 -0.22266 -2.40458 9.62595 -3.77863 
1.02441 -0.06970 -0.22351 -2.91603 4.32061 -2.50382 
1.02722 -0.05493 -0.21790 0.67176 1.27481 -0.81679 
1.03589 -0.04749 -0.22290 0.49618 1.77863 1.16794 
1.03113 -0.06299 -0.21899 0.51908 3.11450 1.16031 
1.02576 -0.06628 -0.21619 0.50382 2.07634 0.54962 
1.02808 -0.06360 -0.20520 0.83206 -0.35115 0.30534 
1.02014 -0.05286 -0.19348 0.48092 -2.84733 2.67176 
1.01709 -0.05078 -0.19324 -1.18321 -4.38168 5.29771 
0.99683 -0.03247 -0.19080 -3.16794 -6.45038 8.53435 
0.96777 -0.02942 -0.20227 -5.21374 -4.29771 8.49618 
0.91943 -0.02710 -0.21594 -7.47328 2.35878 3.98473 
0.76611 -0.05200 -0.26270 -20.02290 20.09160 -3.67939 
0.45166 -0.02771 -0.26611 -40.22901 39.67176 -9.44275 
-0.17664 -0.03821 -0.13928 -75.90839 33.67939 -0.39695 
-0.08899 -0.01477 -0.11523 -81.06107 23.07634 4.60305 
-0.03589 -0.01514 -0.10156 -93.10687 19.52672 3.93130 
-0.00940 -0.00818 -0.08643 -92.56489 20.12977 1.77863 
3.99988 -1.07532 -0.17761 -31.38931 26.06870 21.40458 
2.68274 0.08594 -0.07068 -44.54198 3.68702 -10.58015 
1.67566 0.03333 0.21436 6.10687 -5.90076 -28.39695 
1.26465 -0.04602 0.04504 -38.40458 13.56489 -11.48855 
1.32336 0.03223 -0.05444 -42.59542 -2.54962 32.32824 
1.37073 0.11694 -0.26221 -36.76336 -24.67939 35.49618 
1.32153 -0.04150 -0.25183 10.69466 -51.83969 55.06107 
1.31531 -0.09070 -0.24866 32.77099 -56.80153 84.12977 
1.14587 -0.20142 -0.31116 4.75573 -52.56488 110.86259 
1.11389 -0.27124 -0.32275 -16.68702 -54.93893 118.50381 
0.98755 -0.18652 -0.26758 -16.51145 -54.57252 95.03817 
0.86743 -0.26526 -0.39783 -58.73283 -35.22901 67.58015 
0.85547 -0.44214 -0.63733 -30.58779 2.74046 6.32824 
1.04614 -0.46692 -0.59924 39.60305 39.02290 -52.00000 
0.91870 -0.27856 -0.35217 55.20611 79.52672 -74.09161 
0.75708 -0.12891 -0.23425 47.19847 82.70992 -66.54198 
0.82153 -0.07861 -0.22925 44.35115 63.89313 -53.90076 
0.90369 -0.01062 -0.18201 35.25191 51.22901 -42.35115 
0.93518 0.04761 -0.18677 22.38931 34.25954 -28.84733 
0.98193 0.04260 -0.18298 15.64122 23.25191 -25.10687 
0.94348 0.01184 -0.19214 22.18321 17.46565 -27.77099 
0.97766 -0.01733 -0.17358 24.02290 15.09924 -31.29771 
1.00037 -0.00671 -0.13391 25.75573 14.82443 -30.37405 
1.03674 0.00610 -0.12146 28.73282 16.97710 -27.74046 
1.12842 0.00525 -0.08350 21.97710 18.96183 -19.74809 
1.15552 -0.00598 -0.09424 8.96947 20.77099 -3.25191 
1.15186 -0.01050 -0.07996 3.16031 19.74046 7.56489 
1.13037 -0.06006 -0.07874 3.23664 15.93893 16.78626 
1.07385 -0.09131 -0.08374 4.43511 9.35878 19.12214 
1.04004 -0.11951 -0.07043 10.67939 2.20611 17.17557 
1.04309 -0.15125 -0.07178 13.25954 -2.63359 10.44275 
1.05334 -0.16223 -0.09497 11.31298 -4.47328 4.64885 
1.04211 -0.13184 -0.10376 7.64885 -4.98473 -3.71756 
1.01172 -0.10107 -0.11304 7.09924 -4.34351 -6.92366 
1.00952 -0.08521 -0.10132 8.64122 -3.34351 -7.29008 
1.00354 -0.10193 -0.09802 12.69466 -3.22137 -8.79389 
1.04114 -0.11023 -0.08459 12.16031 -1.81679 -8.70992 
1.04785 -0.09839 -0.09082 6.74809 1.93130 -6.28244 
1.03479 -0.07886 -0.09448 3.68702 3.30534 -3.34351 
1.01501 -0.06287 -0.10437 2.84733 2.51145 -1.93130 
1.01416 -0.06421 -0.11707 6.01527 -1.41221 -2.95420 
1.00610 -0.07373 -0.11658 8.77099 -5.02290 -4.45038 
1.03882 -0.06641 -0.11377 7.77863 -8.00000 -8.23664 
1.07288 -0.05652 -0.11926 8.60305 -8.38931 -9.67939 
1.09351 -0.05505 -0.12244 7.55725 -7.45038 -8.38931 
1.07410 -0.04041 -0.13403 6.29771 -8.05344 -5.04580 
0.98218 -0.04504 -0.19824 7.09160 -7.69466 -4.50382 
1.00598 -0.05054 -0.20020 15.02290 6.29771 -5.12977 
1.00427 -0.04211 -0.01917 17.38168 8.64886 -8.81679 
1.09534 -0.04150 -0.09424 8.24428 -2.38168 -4.32824 
1.10205 -0.10632 -0.11060 -1.67939 3.16031 -5.30534 
1.10522 -0.10242 -0.12354 -7.22901 4.87023 -9.20611 
1.12476 -0.08594 -0.13342 -10.66412 10.32824 -5.87786 
1.13904 -0.04529 -0.13147 -4.93130 14.95420 2.73282 
1.15662 -0.05664 -0.10962 -13.54198 21.98473 11.36641 
1.07324 -0.08472 -0.05139 -29.85496 24.41985 16.54198 
1.04675 -0.03540 -0.02405 -37.13741 19.90840 17.46565 
1.01538 -0.05957 -0.09888 -41.89313 13.04580 10.79389 
1.12537 -0.32092 -0.19580 -35.83969 2.61069 14.37405 
1.08203 -0.10278 -0.15234 -25.39695 -11.58015 30.92366 
1.18945 -0.13391 -0.16357 -7.91603 -12.96947 30.87023 
1.18420 -0.01428 -0.16125 -10.91603 -9.93130 31.35114 
1.19226 -0.03381 -0.15613 -10.73282 -10.77099 31.29008 
1.13635 -0.02209 -0.13184 -11.61832 -17.70992 24.22137 
1.14551 -0.01392 -0.15125 -11.31298 -25.47328 16.14504 
1.13806 -0.01538 -0.15991 -0.48092 -28.32825 10.67176 
1.10449 -0.04163 -0.16797 9.87023 -32.65649 2.79389 
1.08752 -0.06458 -0.15088 16.47328 -34.74046 -2.76336 
1.06702 -0.07959 -0.12476 9.87786 -33.87023 -9.80916 
1.05554 -0.09717 -0.11157 0.67176 -29.93893 -13.67176 
1.05566 -0.19531 -0.05994 -2.83206 -22.64122 -14.57252 
1.05566 -0.15503 -0.13171 -14.00000 -12.30534 -8.16794 
1.01685 -0.17065 -0.19080 -18.43511 -5.07634 3.19847 
0.98376 -0.19189 -0.20715 -3.78626 -4.03817 7.32061 
0.97168 -0.14050 -0.22095 4.30534 -2.85496 10.11450 
0.96155 -0.09717 -0.19653 5.84733 -4.08397 13.13740 
0.98083 -0.04688 -0.15137 8.42748 -2.74046 11.29771 
0.94812 -0.06616 -0.16602 -16.34351 -0.65649 7.12977 
0.93250 -0.07117 -0.22656 -32.91603 -2.60305 9.24428 
0.92737 -0.07751 -0.25525 -20.38931 -15.77863 11.15267 
0.92517 -0.02808 -0.21460 -0.02290 -21.06107 7.33588 
0.90735 -0.01379 -0.17798 -6.15267 -21.14504 -5.06870 
0.91809 -0.05615 -0.20886 -12.89313 -20.62595 -13.67939 
0.91699 -0.14856 -0.24207 -11.61069 -20.91603 -16.41985 
0.91504 -0.17664 -0.23901 -8.62595 -22.63359 -10.13740 
0.92383 -0.14990 -0.19946 9.75572 -22.71756 -0.96947 
0.91858 -0.11145 -0.13599 18.55725 -14.22901 1.60305 
0.91968 -0.10291 -0.13342 -0.34351 -2.36641 2.64885 
0.91418 -0.07446 -0.16492 -15.81679 2.25191 4.09924 
0.94055 -0.10950 -0.19397 -23.32825 4.95420 8.97710 
0.92456 -0.10474 -0.22449 -26.34351 8.04580 11.28244 
0.92285 -0.10327 -0.24341 -18.88550 10.06870 9.83969 
0.94519 -0.09509 -0.26099 -4.75573 12.80153 5.94656 
0.96143 -0.08081 -0.26038 3.42748 13.66412 2.49618 
0.96887 -0.07568 -0.24390 3.12977 13.02290 -0.25191 
0.97925 -0.08130 -0.24365 -0.41221 11.51145 -1.10687 
0.98291 -0.09509 -0.24011 -3.80153 10.72519 -2.63359 
0.99744 -0.10669 -0.25037 -3.97710 10.12214 -4.91603 
1.01672 -0.10742 -0.25635 0.16031 9.87786 -4.76336 
1.02393 -0.11694 -0.26050 4.73282 8.64886 -2.49618 
1.00659 -0.11108 -0.24036 8.10687 6.18321 -2.43511 
0.99866 -0.10547 -0.22351 3.63359 3.17557 -2.47328 
0.98474 -0.09851 -0.21924 -1.58015 2.20611 -1.97710 
0.96631 -0.09033 -0.22339 -4.45802 5.06107 -2.61832 
0.88025 -0.08545 -0.23254 -9.74809 9.29771 -5.44275 
0.81360 -0.07837 -0.25916 -17.71756 11.93130 -5.95420 
0.69019 -0.06970 -0.29150 -24.15267 19.96183 -8.25191 
0.34253 0.01465 -0.29138 -29.36641 30.83206 -4.35115 
-0.15295 0.01331 -0.16711 -49.93130 24.34351 11.18321 
-0.09131 0.02954 -0.12390 -77.79389 -4.00000 10.09924 
-0.04480 0.03369 -0.10901 -96.35114 -14.37405 2.82443 
-0.00940 0.00696 -0.09375 -108.15267 -19.72519 -8.45802 
0.01233 -0.00403 -0.07007 -97.09924 -17.62595 -19.18321 
3.99988 -0.66711 -0.17175 -89.87023 -11.25191 -29.02290 
3.93494 -0.39636 0.66553 16.83969 -35.35115 -222.53435 
1.40601 -0.33362 -0.57593 -88.03817 22.72519 -250.13741 
1.41797 -0.25244 -0.54614 -1.09924 20.31298 -250.13741 
1.34851 0.08752 -0.30859 26.19084 28.87786 -250.13741 
1.37622 0.48010 -0.20068 24.06107 2.69466 -215.61069 
1.28906 0.70483 -0.06702 35.31298 -16.77863 -199.61069 
1.09668 0.79358 -0.30029 -13.78626 -36.46565 -128.19084 
1.11145 0.90930 -0.30310 -11.74046 -38.03817 -19.00000 
0.85132 0.86731 -0.29041 -20.25954 -28.76336 63.99237 
0.70435 0.67114 -0.26086 -31.58015 -28.22137 163.55725 
0.59753 0.46326 -0.29590 -31.38168 -37.84733 190.38168 
0.75806 0.24695 -0.41748 3.67176 -45.95420 159.28244 
0.89795 0.10535 -0.45142 22.20611 -35.30534 109.87023 
0.79712 0.12122 -0.46472 19.15267 -8.67176 51.25191 
0.69934 0.15259 -0.37671 26.95420 9.24428 21.16794 
0.76660 0.25037 -0.31421 9.00000 17.51908 3.12214 
0.81958 0.30396 -0.31006 -4.79389 19.94657 -14.09160 
0.88855 0.27832 -0.33069 -7.80153 20.76336 -19.58779 
1.00903 0.30664 -0.34131 10.50382 18.57252 -13.59542 
0.99316 0.33923 -0.29895 16.01527 17.02290 -2.62595 
0.97180 0.33154 -0.27625 21.95420 15.25191 9.54962 
0.98633 0.24744 -0.28223 29.36641 22.03817 22.39695 
1.04565 0.18872 -0.30627 32.79389 30.41985 28.90840 
1.12231 0.19519 -0.26477 21.47328 39.87786 34.58779 
1.10327 0.19983 -0.21326 10.56489 37.80153 37.00763 
1.07153 0.17871 -0.18018 5.19084 29.09160 38.04580 
1.00281 0.13123 -0.18726 4.47328 14.06107 31.48092 
0.99988 0.09607 -0.21301 2.78626 5.12977 20.09160 
1.05591 0.08093 -0.26526 6.61832 5.06107 6.49618 
1.05017 0.11633 -0.24170 9.74046 9.90840 -5.29008 
1.01428 0.14893 -0.20300 11.37405 7.86260 -6.01527 
1.00403 0.17078 -0.20435 10.11450 2.45038 -0.83969 
0.99097 0.19934 -0.25000 10.27481 -0.18321 9.51908 
1.02344 0.18665 -0.26477 13.80153 4.44275 14.26718 
0.94482 0.12573 -0.25134 13.48855 9.89313 14.32061 
0.91272 0.25476 -0.27136 22.73282 16.83969 18.03053 
1.08167 0.10193 -0.27039 10.72519 28.87023 15.80153 
1.02209 0.03882 -0.19495 7.97710 24.39695 -0.18321 
1.04871 0.07092 -0.23901 9.77863 17.90840 -25.32825 
1.20764 0.11804 -0.31201 18.12214 23.74809 -31.95420 
1.09375 0.38220 -0.00195 14.03817 19.54198 -10.86260 
1.05518 0.32031 -0.13123 15.39695 -4.16031 19.77863 
1.05713 0.17419 -0.21289 12.32061 -7.92366 43.70229 
1.00452 0.13367 -0.22754 15.57252 -3.61832 46.68702 
1.03223 0.10376 -0.25403 22.22137 2.73282 43.08397 
1.07837 0.03992 -0.29712 25.53435 16.30534 36.25954 
1.08716 0.10400 -0.28589 19.32061 34.85496 33.28244 
1.07556 0.10059 -0.26343 9.64886 49.19084 36.66412 
1.04858 0.05078 -0.21838 16.83206 60.61069 31.83969 
1.04700 0.03992 -0.19373 33.12214 65.41985 22.67939 
1.10193 0.10767 -0.11975 46.05344 64.03817 21.96947 
1.07739 0.01099 -0.09119 42.29771 54.51908 29.36641 
1.05627 0.08838 0.00195 62.47328 48.69466 39.84733 
1.03479 0.05493 -0.01782 49.24427 42.87786 31.90076 
1.02795 0.06604 -0.06836 35.51145 36.88550 16.40458 
1.10803 -0.01514 -0.14233 13.80916 19.58779 17.76336 
1.16492 0.03503 -0.07031 34.83206 14.12214 17.44275 
1.14258 0.05151 -0.07214 38.92366 12.54962 19.50382 
1.10718 0.03699 -0.07434 50.24427 4.07634 24.29008 
1.13794 0.03662 -0.06946 57.63359 -3.20611 23.87023 
1.11938 0.04260 -0.04675 49.19847 -7.39695 19.36641 
1.09753 -0.00269 -0.03394 33.09160 -6.83206 16.83206 
1.08362 -0.02905 -0.04834 30.03817 -5.35878 16.25191 
1.09705 -0.04700 -0.07751 28.68702 -2.85496 16.02290 
1.09412 -0.04199 -0.07397 23.65649 -0.51908 15.56489 
1.11292 -0.06226 -0.09204 22.74046 3.26718 20.87023 
1.09338 -0.04468 -0.10095 26.54962 4.21374 29.74809 
1.04651 -0.02356 -0.10803 40.76336 -1.00000 36.96183 
1.01379 0.00720 -0.07495 44.60305 -4.90076 35.28244 
0.98425 -0.03235 -0.09558 24.66412 -9.14504 29.46565 
0.98267 -0.05347 -0.08508 14.57252 -18.04580 23.18321 
0.98987 -0.05518 -0.07043 11.70229 -20.06107 22.29771 
0.97485 -0.04736 -0.07971 1.09924 -21.80153 25.25954 
1.01282 -0.07275 -0.10840 9.61069 -18.89313 22.45038 
0.98438 -0.07568 -0.13037 19.44275 -11.68702 22.83206 
0.97546 -0.06836 -0.11218 19.51145 -9.83969 24.64122 
0.93652 -0.04321 -0.10681 10.24428 -13.61069 21.23664 
0.95923 -0.01965 -0.06189 6.79389 -16.80153 16.54198 
0.97253 -0.03235 -0.07910 -10.99237 -16.74046 12.83969 
0.96436 -0.03943 -0.10315 -18.00000 -15.70992 10.49618 
0.94556 -0.05554 -0.10559 -11.17557 -12.92366 4.75573 
0.95129 -0.05981 -0.09851 -7.58015 -10.52672 0.16031 
0.95947 -0.06519 -0.09290 -5.01527 -6.75573 -6.29008 
0.95728 -0.07959 -0.10364 -2.14504 -4.16031 -11.14504 
0.94983 -0.13562 -0.11853 -7.21374 0.30534 -8.41221 
0.94678 -0.14343 -0.13257 -3.67176 4.35115 -4.78626 
0.93091 -0.14685 -0.11609 2.34351 6.78626 -3.65649 
0.93262 -0.14087 -0.10132 2.15267 9.87786 -3.22137 
0.94800 -0.11902 -0.11548 -4.18321 11.25954 -0.93893 
0.95654 -0.10730 -0.14783 -13.99237 9.92366 0.49618 
0.96130 -0.10754 -0.16199 -14.25191 8.85496 0.48092 
0.97009 -0.11108 -0.16101 -10.33588 7.48092 0.45038 
0.97717 -0.11987 -0.15344 -7.90076 6.47328 -1.25954 
0.97412 -0.13538 -0.14746 -8.85496 5.77863 -3.38931 
0.97278 -0.12292 -0.14795 -8.10687 3.85496 -2.23664 
0.97388 -0.11292 -0.14575 -6.22137 1.07634 0.48092 
0.95483 -0.09802 -0.14258 -5.22901 0.58015 1.26718 
0.86438 -0.08301 -0.16638 -4.25191 9.28244 -3.23664 
0.75586 -0.09131 -0.19971 -5.03053 18.36641 -10.06107 
0.64355 -0.06409 -0.25891 7.39695 33.96947 -26.67175 
0.49133 -0.00903 -0.24097 17.43511 37.87786 -31.74809 
0.25305 0.06018 -0.18518 -9.87786 24.57252 -19.54198 
-0.09253 0.00891 -0.12256 -43.12977 24.15267 -5.69466 
-0.06482 0.01050 -0.09448 -64.95420 9.01527 -6.44275 
-0.02893 0.00745 -0.08728 -75.53435 2.09160 -12.98473 
-0.00452 0.00415 -0.06934 -79.48855 1.74046 -20.37405 
3.99988 -2.62646 0.71326 8.45038 33.90840 -42.56488 
3.86951 -0.23730 0.50317 -132.49619 -9.69466 -138.99237 
1.26672 -0.14624 -0.31189 2.30534 -7.57252 -210.41985 
1.31750 -0.06702 0.22144 -17.96947 15.72519 -197.29771 
0.88599 0.13257 -0.00500 22.71756 33.30534 -175.23665 
1.01050 0.38440 -0.02637 10.59542 -6.83206 -135.95419 
1.25037 0.47058 0.02734 7.47328 -32.35115 -109.36641 
1.56616 0.75244 0.11426 46.07634 -43.18320 -38.19084 
1.39661 0.79712 0.07410 -5.53435 -66.59542 24.57252 
0.99475 0.70618 -0.02356 -42.59542 -96.61069 88.45802 
0.75562 0.47644 -0.20581 -50.78626 -121.65649 147.37404 
0.95972 0.25793 -0.33118 -39.29008 -120.49619 163.40459 
1.10339 -0.00110 -0.44238 -51.70229 -102.27481 156.98473 
0.88745 -0.20081 -0.38049 -46.48855 -76.12214 117.10687 
0.82642 -0.17712 -0.41614 -32.74046 -68.41222 65.29771 
0.88330 -0.07727 -0.43298 -4.65649 -45.19847 0.29771 
0.96887 0.02222 -0.40430 4.77863 -21.34351 -23.14504 
1.04285 0.14453 -0.38696 14.44275 8.64886 -25.64122 
0.99255 0.17957 -0.37036 22.45802 24.90076 -23.80916 
0.99207 0.14636 -0.33496 33.35878 42.22901 -12.81679 
1.01294 0.11511 -0.29175 35.63359 55.46565 2.81679 
1.05811 0.06580 -0.26941 28.22137 63.35115 9.54962 
1.08728 0.03589 -0.24561 25.32825 60.90076 3.36641 
1.04443 0.03784 -0.21423 21.50382 50.43512 -2.97710 
0.96729 0.09875 -0.18250 22.31298 36.85496 -4.21374 
0.95801 0.07397 -0.16272 22.81679 30.55725 -5.77099 
1.01379 0.03296 -0.16882 13.83969 27.46565 -10.78626 
1.05688 0.04785 -0.17017 11.64122 19.21374 -15.87786 
1.03015 0.08936 -0.14966 10.40458 12.20611 -17.54962 
0.98962 0.13440 -0.16113 4.06870 6.67176 -16.97710 
1.05945 0.14661 -0.19373 5.41985 5.80916 -12.80153 
1.13049 0.17297 -0.17517 9.48092 5.80153 -6.64885 
1.02710 0.14343 -0.19885 -1.96183 9.99237 6.92366 
1.06104 0.11414 -0.21033 0.73282 11.74809 11.53435 
1.04187 0.11316 -0.19214 3.70229 12.42748 12.31298 
1.00671 0.11584 -0.17188 2.83206 14.14504 17.25191 
1.00305 0.10608 -0.16895 3.87023 14.97710 17.82443 
1.02930 0.08618 -0.16138 6.41985 14.73282 16.83969 
1.03491 0.07935 -0.15747 4.96183 14.28244 17.90076 
1.00037 0.06873 -0.16577 5.98473 13.28244 15.90076 
1.01147 0.05029 -0.15686 9.28244 11.11450 10.97710 
1.05273 0.02393 -0.14307 9.93893 8.60305 6.55725 
1.03027 0.02539 -0.09717 6.68702 7.19847 6.81679 
1.03564 0.04749 -0.06421 3.86260 -0.70229 6.36641 
1.07007 0.07214 -0.13733 1.55725 -10.21374 7.56489 
1.01416 0.08411 -0.17126 1.16794 -7.55725 9.45038 
0.98291 0.04297 -0.25293 4.97710 0.48092 9.15267 
0.96155 0.07239 -0.25085 12.03053 16.68702 9.05344 
1.11646 0.10803 -0.13794 17.69466 19.87786 14.66412 
1.07727 0.06055 -0.15076 13.53435 15.24428 17.39695 
1.04907 0.03662 -0.20972 15.70992 16.26718 12.76336 
1.07739 0.06836 -0.19470 20.05343 24.77099 7.73282 
1.07410 0.04346 -0.13525 18.93893 31.90840 10.93893 
1.01672 -0.00940 -0.09070 12.49618 27.19084 13.15267 
0.97302 -0.01416 -0.06042 5.83206 19.88550 14.40458 
1.02124 -0.03931 -0.11255 2.79389 12.03817 0.61069 
1.06250 0.10986 -0.04077 5.77863 7.84733 -4.45038 
1.03113 0.07593 -0.08740 4.10687 5.29008 5.46565 
1.02991 0.02515 -0.07581 3.96947 5.02290 8.31298 
0.99695 0.02673 -0.06604 4.94656 -0.32824 4.62595 
1.01416 -0.00452 -0.08191 10.74809 -6.33588 1.35115 
1.05322 0.00134 -0.10522 13.39695 -8.09160 -1.40458 
1.05542 0.01892 -0.12830 10.10687 -4.86260 2.53435 
1.05225 0.01050 -0.13062 8.84733 1.44275 4.36641 
1.03235 -0.00671 -0.13013 5.07634 9.51908 4.10687 
0.98694 -0.06177 -0.13159 4.53435 15.47328 -3.80153 
1.04993 0.06799 -0.13049 9.67176 16.96947 -8.65649 
1.05164 0.08594 -0.09753 13.45802 17.50382 1.54198 
1.05847 0.03357 -0.04761 14.25954 16.21374 3.87786 
1.09009 0.05945 -0.01331 2.51145 14.22901 10.35114 
1.09399 0.03857 -0.06238 -11.39695 12.93893 14.54198 
1.11182 0.02197 -0.07581 -7.64122 10.00763 13.81679 
1.10852 0.00806 -0.06348 -8.90076 9.90840 13.64886 
1.09680 -0.00269 -0.08325 -13.14504 10.36641 12.88550 
1.13660 -0.00183 -0.10132 -7.96183 12.31298 15.17557 
1.14539 0.00476 -0.02795 -6.13740 18.37405 20.87023 
1.12427 0.00854 -0.20508 -2.59542 20.90076 19.58015 
1.11853 -0.01880 -0.08545 13.98473 9.88550 14.45802 
1.15088 -0.03455 -0.05139 -0.04580 5.07634 15.61069 
1.18237 -0.03687 -0.07227 -8.13740 1.25191 21.74809 
1.18250 -0.02039 -0.10913 -1.73282 -6.11450 28.56489 
1.15930 -0.00220 -0.11938 3.22901 -12.25954 29.30534 
1.14905 -0.02051 -0.08044 4.92366 -16.81679 26.88550 
1.13013 -0.03076 -0.08105 -3.89313 -16.62595 18.83206 
1.09619 -0.06116 -0.10449 -16.65649 -18.69466 12.46565 
1.09949 -0.10327 -0.12610 -21.68702 -21.54198 10.23664 
1.11426 -0.12463 -0.10449 -26.94657 -23.58779 21.00763 
1.10498 -0.09924 -0.11816 -22.58015 -22.59542 27.54962 
1.08374 -0.06702 -0.12891 -8.82443 -15.77099 29.64122 
1.04443 -0.05688 -0.11951 -3.73282 -11.23664 25.56489 
0.99585 -0.08069 -0.11853 -6.53435 -13.51908 18.38931 
0.97522 0.01257 -0.00586 15.12214 -13.56489 11.96947 
0.98376 -0.02808 -0.03516 3.49618 -11.06870 7.23664 
0.98450 -0.06165 -0.11316 3.22901 -7.30534 4.16031 
0.97180 -0.16003 -0.15906 -6.94656 -6.59542 10.10687 
0.93555 -0.12024 -0.13098 -6.21374 -14.94656 22.42748 
0.94690 -0.02502 -0.07996 15.07634 -15.66412 17.51908 
0.93396 -0.01147 -0.09851 10.24428 -10.74809 8.47328 
0.94812 -0.13318 -0.06372 -14.68702 -5.61832 8.66412 
0.93713 -0.01721 -0.09375 -12.22137 5.33588 9.36641 
0.92786 -0.04395 -0.09424 -14.09160 11.54198 6.47328 
0.91785 -0.04834 -0.11182 0.02290 13.38168 2.12977 
0.92407 -0.05920 -0.11719 -6.58015 10.51145 1.29008 
0.88818 -0.04395 -0.21619 -11.57252 5.61832 0.27481 
0.90710 -0.05884 -0.09851 -11.55725 -2.84733 0.48092 
0.93579 -0.01904 -0.10095 -4.85496 -1.90076 -1.25954 
0.96875 -0.09399 -0.14978 -16.64886 2.45802 -4.94656 
0.96594 -0.09705 -0.13538 -6.06870 5.61069 -7.45038 
0.95081 -0.09424 -0.13354 -11.70992 7.91603 -8.94656 
0.93994 -0.11218 -0.14185 -10.73282 6.46565 -9.22137 
0.95361 -0.10706 -0.13794 -7.09160 4.51145 -7.83206 
0.94312 -0.09790 -0.11572 -5.51908 3.47328 -6.96947 
0.96155 -0.10779 -0.12622 -9.08397 2.39695 -4.06107 
0.99011 -0.10156 -0.13086 -7.29008 1.91603 -1.94656 
0.99805 -0.09656 -0.12708 -6.54198 6.24427 -4.66412 
0.99792 -0.12134 -0.14001 -5.39695 11.29008 -8.06870 
0.99133 -0.11707 -0.14319 -0.47328 12.90840 -6.21374 
0.97009 -0.10242 -0.13342 1.56489 11.51908 -2.09924 
0.91260 -0.08069 -0.12402 0.27481 9.21374 -1.22901 
0.88745 -0.08032 -0.14001 -1.54962 10.66412 -4.29771 
0.81714 -0.08557 -0.16138 -6.47328 14.72519 -7.61832 
0.68188 -0.08447 -0.21167 -15.66412 19.56489 -13.03053 
0.62793 -0.06982 -0.28662 -11.92366 22.67939 -17.11450 
0.44177 -0.00635 -0.30713 -3.05344 25.85496 -3.48092 
-0.13000 0.02185 -0.18628 -14.12214 20.59542 18.12214 
-0.08948 -0.00305 -0.11890 -35.32824 -11.54962 17.25191 
-0.03052 0.02014 -0.09155 -54.14504 -28.09160 5.32061 
0.00122 0.03259 -0.06323 -73.76336 -30.83969 -6.19847 
0.02820 0.01135 -0.03943 -95.19084 -24.35878 -21.22901 
3.99988 -0.61121 0.43274 -24.32825 -1.33588 -69.78626 
2.48193 -0.38855 0.43542 -90.83206 -13.74046 -143.76335 
1.51746 -0.05530 -0.11279 -177.15266 26.44275 -135.66412 
1.28967 0.11230 -0.24158 50.47328 11.74809 -149.07634 
0.77307 0.03137 -0.16235 30.62595 -10.61069 -145.43512 
0.97864 0.12158 -0.21240 20.98473 -50.56488 -116.54962 
1.82886 0.47400 -0.50208 54.28244 -35.27481 -96.84733 
1.64343 0.57446 -0.37671 44.78626 13.97710 -51.95420 
1.31641 0.59998 -0.23962 34.29008 46.43512 -1.70992 
0.85876 0.37549 -0.04260 36.48092 65.44275 52.49618 
0.91663 0.27429 -0.07300 11.70992 60.92366 93.00764 
0.92139 0.13586 -0.09412 -9.92366 48.50382 118.11450 
0.91833 0.00342 -0.15698 -4.16031 38.09160 88.81680 
0.93896 -0.14124 -0.18494 19.26718 27.20611 21.87023 
0.97888 -0.08594 -0.17603 25.66412 20.34351 -19.60305 
0.93176 0.04138 -0.14319 23.81679 14.31298 -46.56488 
0.87195 0.18982 -0.08875 26.64886 11.12977 -57.48092 
0.98621 0.26086 -0.08069 24.81679 16.90076 -51.74809 
1.16333 0.29016 -0.04541 7.91603 35.46565 -16.60305 
1.11694 0.31091 -0.01477 -0.23664 45.73283 16.75573 
1.20105 0.24988 0.01575 1.89313 42.90840 42.55725 
1.13525 0.18811 0.06250 1.60305 31.64886 50.08397 
1.03601 0.10254 0.06226 -4.14504 19.23664 53.93130 
1.00415 0.02478 0.03687 -8.27481 5.04580 50.77863 
0.94739 -0.01831 0.01648 -9.54198 -3.45038 41.50382 
0.93420 -0.02478 -0.01550 -9.79389 -9.05344 28.07634 
0.94421 0.01111 -0.04590 -7.78626 -13.21374 8.25191 
1.01831 0.04053 -0.06641 -0.01527 -14.58779 -6.22137 
1.17297 0.07642 -0.04236 2.19084 -12.27481 -11.51908 
1.10486 0.08582 -0.04993 -4.92366 -8.74046 -4.37405 
1.01794 0.09949 -0.06177 -9.44275 -5.77099 2.89313 
0.97363 0.12207 -0.07336 -7.76336 -4.48855 6.13740 
1.03064 0.13013 -0.06152 -8.25191 -5.08397 9.87786 
1.02502 0.14905 -0.06714 -9.32824 -6.11450 15.64886 
1.01501 0.12817 -0.06201 -3.80916 -8.36641 17.18321 
1.05310 0.07837 -0.04749 -1.32824 -9.46565 16.53435 
1.04663 0.05017 -0.04077 -6.37405 -7.14504 19.92366 
1.04651 0.05310 -0.04626 -8.88550 -3.50382 25.64122 
1.00928 0.04065 -0.05103 -6.74809 -0.33588 27.90840 
1.02673 -0.01733 -0.05115 -4.74809 2.10687 22.46565 
1.07251 -0.03552 -0.04199 -7.93893 2.43511 17.38168 
1.06812 -0.02148 -0.06006 -17.07634 0.44275 13.91603 
1.02368 -0.00708 -0.06848 -20.37405 -1.56489 13.22901 
0.98474 0.00305 -0.08313 -16.20611 -3.20611 7.22137 
0.99902 0.00146 -0.07678 -7.77863 -2.81679 0.64885 
1.04053 -0.00061 -0.05298 -3.64122 0.56489 -2.40458 
1.05005 0.00806 -0.02417 -4.72519 5.20611 -0.05344 
1.05200 0.00964 -0.03015 -7.27481 6.62595 0.67176 
0.99622 0.00940 -0.04309 -7.43511 6.43511 0.12977 
1.01245 0.00830 -0.05725 -7.11450 3.19084 -0.65649 
1.05981 0.02112 -0.06702 -7.10687 -0.28244 -2.63359 
1.04907 0.03552 -0.06946 -5.35115 -2.32824 -5.37405 
1.00256 0.03638 -0.07166 -4.13740 -2.93130 -4.34351 
1.04114 0.04309 -0.07666 -4.13740 -1.83969 -2.66412 
1.05115 0.04688 -0.06030 -5.11450 -0.06107 -2.26718 
1.02576 0.05566 -0.05054 -7.00000 -0.18321 0.36641 
1.01355 0.06848 -0.05457 -7.07634 -0.67176 3.25954 
1.04675 0.04114 -0.06580 -5.19084 0.29771 6.56489 
1.06104 0.01196 -0.06555 -7.87786 1.93130 9.30534 
1.04138 0.00720 -0.06604 -8.54198 1.96947 7.00000 
0.99670 0.02734 -0.06409 -4.00763 -1.25954 -2.89313 
1.03613 0.04797 -0.07104 -1.14504 -2.91603 -7.85496 
1.03845 0.06848 -0.06653 -1.30534 -2.54962 -7.56489 
1.03955 0.06787 -0.05334 -1.32824 -1.41985 1.11450 
1.04297 0.04761 -0.05066 -4.70992 -1.54198 9.45802 
1.03088 0.03186 -0.06213 -7.96183 -2.09924 14.74809 
1.03748 0.01221 -0.07800 -6.39695 -2.90840 11.70992 
1.02100 -0.00757 -0.08008 -3.19084 -3.45802 6.30534 
1.01001 -0.02246 -0.08484 -1.09160 -4.72519 2.48855 
1.03760 -0.02734 -0.09155 -1.76336 -3.54198 1.18321 
1.03955 -0.01929 -0.08606 -2.34351 0.29008 0.57252 
1.03992 -0.00208 -0.06201 -2.96947 4.28244 -0.09924 
1.03503 0.00806 -0.04602 -3.67939 4.44275 -0.12214 
1.02271 0.02271 -0.04797 -5.03053 2.10687 1.35878 
1.03503 0.02234 -0.05652 -5.91603 0.17557 3.13740 
1.03357 0.00562 -0.06580 -7.60305 -0.19847 4.47328 
1.03650 -0.00171 -0.07532 -9.27481 0.51145 4.25191 
1.03784 0.01489 -0.07434 -10.85496 1.53435 1.13740 
1.03992 0.03223 -0.07410 -10.32824 1.64885 -0.63359 
1.05994 0.05505 -0.06958 -5.96947 1.70992 0.47328 
1.03772 0.05579 -0.06775 -4.04580 1.18321 2.09924 
1.00732 0.03979 -0.07019 -2.88550 -0.10687 3.65649 
1.03308 0.03088 -0.08130 -1.61069 -1.52672 4.96947 
1.04492 0.02295 -0.08630 -2.04580 -1.64122 5.11450 
1.02698 0.01807 -0.09363 -2.80153 -0.53435 5.51908 
1.02759 0.00488 -0.08972 -2.13740 2.08397 5.91603 
1.04712 -0.00037 -0.07153 -0.62595 3.67176 4.80916 
1.03320 0.00476 -0.05713 0.93893 3.09160 2.06870 
1.03479 0.00159 -0.04871 2.17557 1.05344 -0.54962 
1.03296 -0.00232 -0.05493 0.15267 -0.82443 1.09924 
1.02698 0.00598 -0.07263 -2.69466 -1.67176 3.87023 
1.03088 0.00000 -0.08191 -3.00000 -2.36641 4.48855 
1.04163 0.00696 -0.09619 -2.84733 -1.75573 2.90840 
1.03735 0.00867 -0.09766 -1.35878 -0.80916 0.06870 
1.02332 0.01062 -0.08386 -0.47328 0.16794 -1.62595 
1.02808 0.02759 -0.07666 -0.03817 0.99237 -1.12214 
1.04077 0.02515 -0.07349 0.15267 1.32824 0.55725 
1.03638 0.01843 -0.07349 -1.03817 0.93130 3.02290 
1.02808 0.00879 -0.08813 -2.43511 0.75573 5.12214 
1.03101 0.00781 -0.08899 -1.47328 1.47328 3.54198 
1.03796 0.00525 -0.07825 0.99237 2.64122 0.38168 
1.03638 0.00256 -0.05933 1.59542 2.13740 -2.10687 
1.03528 0.01123 -0.05811 0.87786 0.52672 -1.90840 
1.02942 0.01685 -0.06396 -0.15267 -1.27481 -0.87786 
1.02271 0.01880 -0.08240 0.06870 -2.12214 0.16031 
1.03235 0.01233 -0.09180 0.33588 -0.41221 1.09160 
1.03149 0.01135 -0.09058 0.26718 1.94656 1.50382 
1.04651 0.01697 -0.08252 0.68702 2.87786 0.94656 
1.05432 0.02490 -0.07397 0.07634 2.19084 0.35878 
1.03748 0.02344 -0.06372 -0.69466 1.09924 0.68702 
1.02026 0.02600 -0.06702 -1.05344 0.06107 1.74809 
1.01501 0.02625 -0.07202 -1.07634 -0.52672 3.48092 
1.03638 0.01123 -0.08130 -0.87023 -0.14504 5.77863 
1.04321 -0.00024 -0.09167 -1.91603 0.68702 6.72519 
1.04382 -0.00818 -0.08777 -1.70992 0.93130 5.39695 
1.03223 0.00476 -0.08691 -0.67176 0.11450 0.83969 
1.03162 0.00696 -0.08508 0.24427 -0.36641 -2.15267 
1.02771 0.00842 -0.08203 0.43511 -0.02290 -2.26718 
1.02185 0.02014 -0.08105 -0.50382 1.69466 1.00763 
1.03113 0.01868 -0.07629 -0.58015 2.70229 2.83969 
1.03699 0.01636 -0.07849 -0.68702 2.93130 3.36641 
1.04480 0.00781 -0.07397 -1.04580 1.83206 2.30534 
1.03833 0.00793 -0.07959 -0.55725 0.68702 0.23664 
1.02698 0.00732 -0.07971 -0.64122 0.14504 -0.81679 
1.02515 0.01794 -0.08228 -0.25191 0.82443 -0.09924 
1.03540 0.01697 -0.08447 0.13740 1.73282 1.25954 
1.03992 0.01489 -0.07898 -0.32061 2.29771 3.22137 
1.03430 0.00183 -0.07605 -1.41221 1.88550 4.36641 
1.03223 0.00354 -0.08301 -1.51908 1.15267 3.35115 
1.04053 0.00732 -0.08118 -0.06870 0.67939 0.70992 
1.03406 0.01135 -0.08203 -0.06870 0.64885 -1.10687 
1.02466 0.01721 -0.07813 -0.54962 0.91603 -0.80916 
1.02551 0.02417 -0.08179 -0.64885 1.22137 0.77099 
1.03674 0.01526 -0.07605 0.44275 1.61069 1.55725 
1.03430 0.00464 -0.07251 -0.61069 1.54962 2.60305 
1.03381 0.00574 -0.07837 -1.06107 1.08397 2.12214 
1.03369 0.00903 -0.08301 -0.61069 1.06107 0.81679 
1.04248 0.01013 -0.08154 0.02290 1.76336 0.01527 
1.03821 0.02051 -0.07581 -0.23664 1.96947 0.32061 
1.01868 0.01343 -0.07739 -0.45038 1.15267 1.01527 
1.03662 0.01733 -0.07373 -0.96947 0.61069 2.34351 
1.03223 0.01331 -0.08105 -1.67939 0.83206 3.25191 
1.03308 0.01257 -0.08569 -1.13740 0.86260 2.78626 
1.03589 0.00403 -0.08496 -0.35878 1.09160 1.55725 
1.03198 0.00610 -0.08423 -0.62595 1.25191 0.88550 
1.03821 0.01550 -0.08423 0.46565 1.25191 -0.38168 
1.02954 0.01440 -0.08118 0.27481 1.01527 0.13740 
1.03601 0.01721 -0.08069 -0.19084 0.90840 1.51908 
1.03198 0.01611 -0.08423 -0.35115 1.53435 2.16031 
1.02930 0.01782 -0.08472 0.32061 1.95420 1.46565 
1.03784 0.00476 -0.08337 0.38168 2.32061 0.96183 
1.03796 0.00293 -0.08423 -0.29771 2.52672 1.08397 
1.03711 0.00488 -0.07275 -1.00763 2.29771 0.76336 
1.03491 0.00745 -0.07190 -1.34351 1.90076 0.42748 
1.02942 0.02185 -0.07007 -1.42748 1.48092 0.23664 
1.03101 0.02112 -0.07556 -1.