8 
0.01904 0.02710 0.90967 1.89024 9.32927 12.74390 
0.02002 0.02698 0.91357 2.50000 9.08537 12.43902 
0.01904 0.02649 0.91357 2.43902 9.51220 12.31707 
0.02075 0.03101 0.90918 2.74390 9.08537 12.74390 
0.01941 0.02722 0.91467 2.50000 9.63415 12.98781 
0.01880 0.02856 0.91638 3.10976 9.08537 12.43902 
0.02087 0.02759 0.91284 2.62195 8.96342 12.74390 
0.01709 0.02869 0.91577 2.62195 9.57317 12.98781 
0.01978 0.02368 0.90979 2.50000 9.81707 12.92683 
0.02173 0.02917 0.91113 2.01220 8.71951 13.23171 
0.01990 0.02686 0.91162 2.92683 8.47561 12.37805 
0.01794 0.02808 0.91235 2.98780 9.63415 12.43902 
0.02161 0.02734 0.91211 2.74390 9.57317 13.29268 
0.02063 0.02917 0.91235 2.68293 9.57317 12.56098 
0.01807 0.02808 0.91150 2.68293 9.20732 12.68293 
0.01709 0.02905 0.91296 3.23171 9.57317 11.82927 
0.01770 0.02917 0.91284 2.68293 9.20732 12.50000 
0.01965 0.02881 0.91101 1.70732 8.90244 12.43902 
0.02100 0.02686 0.91174 0.30488 9.57317 12.68293 
0.05762 -0.00403 0.91211 1.03659 13.41463 155.60976 
0.03052 0.02026 0.91211 2.62195 9.51220 15.85366 
0.01379 0.03052 0.91174 3.23171 9.14634 7.74390 
0.01599 0.03223 0.91040 1.58537 9.14634 4.20732 
0.01367 0.03552 0.91992 -0.73171 9.45122 -2.80488 
0.00928 0.03064 0.91003 -34.45122 14.87805 49.02439 
0.00793 0.04028 0.91809 1.34146 16.95122 181.82927 
-0.00415 0.03662 0.90283 48.65854 5.54878 21.82927 
0.06177 0.30042 0.89551 3.78049 2.62195 -339.87805 
-0.04651 0.22437 0.90881 3.04878 10.67073 63.04878 
-0.04211 0.15637 0.92041 7.68293 17.86585 244.02440 
0.01135 0.07764 0.91541 9.69512 15.97561 208.04878 
0.00354 -0.04285 0.91736 -1.40244 8.17073 -58.47561 
0.02502 0.03955 0.91370 14.69512 13.78049 120.00000 
-0.00354 0.19983 0.90576 -0.18293 12.07317 92.37805 
0.08057 0.06128 0.91357 -26.95122 5.79268 65.24390 
0.04175 0.04089 0.86255 6.40244 14.93902 155.73170 
0.03418 0.11755 0.90845 -19.14634 4.51220 6.40244 
-0.01343 -0.03809 0.91467 1.34146 12.74390 65.18293 
0.01172 -0.11951 0.91028 21.15854 7.50000 -115.24390 
0.02332 -0.02051 0.92004 -4.69512 15.06098 341.70734 
0.02637 -0.15332 0.90259 6.58537 7.56098 -67.92683 
0.10962 -0.23499 0.92664 -2.43902 1.21951 -238.96342 
0.01929 -0.02332 0.91406 -2.50000 7.25610 -41.15854 
0.01453 0.03931 0.91260 9.45122 10.18293 13.41463 
0.01611 0.03601 0.91016 -4.69512 8.17073 12.37805 
0.01587 0.03442 0.91321 14.81707 12.31707 12.07317 
0.01929 0.02930 0.91638 -4.02439 7.62195 12.50000 
0.01697 0.03943 0.91138 -19.87805 3.65854 12.62195 
0.01782 0.03979 0.91174 35.67073 16.76829 12.62195 
0.01379 0.03772 0.91797 5.54878 9.26829 12.74390 
0.01648 0.02417 0.91431 -11.52439 9.14634 34.81707 
0.01501 0.03723 0.91187 10.06098 10.91463 14.63415 
0.01807 0.03198 0.91431 -11.09756 6.28049 12.74390 
0.01563 0.03613 0.90710 8.04878 11.09756 13.41463 
0.01624 -0.01843 0.91089 -3.10976 11.28049 103.59756 
0.01917 -0.00708 0.91553 -0.12195 12.74390 171.21951 
0.03552 -0.18640 0.91895 0.67073 15.06098 236.15854 
0.01123 -0.12207 0.91968 -3.17073 3.04878 -158.04878 
-0.32715 -0.03711 0.92542 2.80488 7.25610 -146.76830 
0.02002 -0.05115 0.91077 -0.18293 4.20732 -178.29269 
-0.05652 0.05969 0.91772 0.48780 3.65854 -142.86586 
0.03845 0.09497 0.89905 1.03659 6.95122 23.04878 
0.03430 0.12231 0.91125 -12.43902 0.85366 -148.78049 
-0.00574 0.00549 0.90039 0.24390 3.04878 -167.98781 
0.01526 -0.03662 0.90198 -6.95122 5.67073 -56.58537 
-0.08264 0.07971 0.91003 2.92683 8.47561 12.01220 
0.00647 0.09521 0.90784 3.84146 7.13415 -79.87805 
0.03259 0.05798 0.91016 1.46341 5.79268 -146.82927 
0.00171 0.21167 0.90820 0.60976 5.06098 -87.13415 
0.00061 0.19568 0.91089 7.19512 15.48781 223.59756 
0.00342 0.09668 0.91040 5.60976 11.40244 41.34146 
0.01855 0.02966 0.91406 2.92683 9.26829 12.80488 
0.01929 0.03015 0.91492 -0.85366 7.80488 12.98781 
0.01855 0.02869 0.91418 -2.13415 6.58537 12.80488 
0.02319 0.02625 0.91272 11.82927 10.12195 47.74390 
0.02014 0.03040 0.91260 1.82927 9.69512 12.80488 
0.01831 0.02637 0.90845 3.35366 9.87805 13.53659 
0.02026 0.02625 0.91077 2.68293 9.20732 12.86585 
0.01904 0.03113 0.91614 2.25610 9.57317 12.01220 
0.01941 0.03088 0.91223 2.68293 9.51220 12.50000 
0.01794 0.02869 0.91235 2.86585 9.08537 12.80488 
0.02234 0.02869 0.91211 2.37805 9.69512 12.43902 
0.01074 0.05054 0.95093 52.68293 30.18293 12.19512 
0.01648 0.03235 0.91199 12.19512 14.02439 12.13415 
0.01550 0.03210 0.91357 5.60976 9.87805 13.10976 
0.01892 0.02905 0.91699 -22.25610 -4.02439 13.59756 
0.01929 0.02734 0.91516 2.56098 9.26829 12.92683 
0.02148 0.02856 0.91101 2.68293 9.20732 12.86585 
0.02087 0.02515 0.91296 1.95122 9.57317 12.19512 
0.01917 0.02637 0.91223 3.17073 9.63415 12.56098 
0.01685 0.02869 0.91699 2.68293 9.39024 12.80488 
0.01855 0.02930 0.91040 2.50000 9.63415 12.86585 
0.01843 0.02856 0.91248 5.18293 10.06098 14.14634 
0.01550 0.03162 0.91870 -8.29268 5.12195 20.85366 
0.01794 0.02783 0.91272 1.40244 9.20732 12.74390 
0.06262 -0.00342 0.91284 3.59756 13.96342 190.30489 
-0.04553 0.19958 0.92102 69.45122 25.48781 94.20732 
0.05139 0.09583 0.90894 4.57317 9.32927 -17.98780 
0.00806 0.01672 0.91199 -0.12195 9.39024 84.93903 
0.01086 0.08606 0.90674 5.06098 10.79268 43.17073 
0.06006 0.03540 0.91772 3.47561 5.79268 -39.75610 
0.01477 0.02112 0.91321 3.10976 11.76829 136.28049 
0.03406 0.04749 0.91272 2.50000 9.57317 -4.51220 
0.01917 -0.02966 0.92017 2.13415 10.48781 38.10976 
-0.00305 0.03015 0.90698 7.98780 12.86585 77.01220 
0.01697 0.04651 0.91833 7.68293 11.28049 10.91463 
-0.00818 0.05029 0.90710 3.59756 6.09756 -124.39024 
-0.00403 0.01001 0.91101 0.42683 12.01220 137.25610 
0.01050 0.03455 0.89124 0.18293 12.25610 98.47561 
-0.00769 0.04871 0.91248 4.08537 11.76829 -0.79268 
0.08936 0.03162 0.92590 -10.67073 12.62195 -59.26830 
0.01270 -0.01257 0.91748 23.35366 6.46341 135.30489 
0.03711 0.03979 0.91809 3.84146 11.03659 25.54878 
-0.03357 0.05872 0.89392 4.08537 13.96342 144.32927 
0.01196 0.03113 0.91492 -2.86585 6.89024 -39.39024 
-0.02417 0.07300 0.90601 1.40244 17.68293 287.31708 
0.01526 0.07690 0.90796 7.13415 15.12195 135.67073 
0.02588 0.02222 0.91467 10.06098 12.86585 73.71951 
0.01733 -0.01404 0.91699 4.08537 3.96341 -223.10976 
0.00903 0.00525 0.91211 3.47561 9.45122 37.01220 
0.01196 -0.00293 0.90942 9.69512 14.93902 158.29269 
0.04089 -0.02124 0.91394 3.84146 7.56098 -30.30488 
-0.00110 0.02393 0.91846 6.76829 15.48781 216.64635 
0.01489 -0.03101 0.91675 20.18293 17.01220 165.18294 
0.00256 -0.04358 0.90967 1.89024 8.96342 2.86585 
0.02063 -0.03528 0.91003 26.58537 11.52439 -101.09756 
0.01477 0.03101 0.91309 -7.13415 7.01220 11.82927 
0.01904 0.03674 0.91016 1.34146 9.14634 13.10976 
0.02075 0.03369 0.91455 11.64634 10.73171 12.56098 
0.01563 0.04309 0.90735 -5.36585 8.29268 12.37805 
0.01819 0.04016 0.91296 -14.75610 5.48780 12.43902 
0.01636 0.03528 0.91492 11.28049 11.70732 13.23171 
0.01990 0.07605 0.91040 -7.31707 7.01220 62.56098 
0.01038 0.05945 0.91284 1.34146 10.06098 80.06097 
0.00586 0.04626 0.91064 2.43902 9.93902 60.30488 
0.01294 0.03076 0.92004 2.50000 9.26829 -0.12195 
0.02258 -0.03479 0.90295 1.58537 8.65854 -26.70732 
0.02832 -0.08447 0.91125 1.21951 8.53659 -18.10976 
0.01001 0.02942 0.91064 0.24390 6.58537 -40.00000 
0.00684 0.03979 0.91357 1.15854 9.51220 14.75610 
0.02478 0.02356 0.91309 2.92683 10.67073 42.31707 
0.02173 0.00110 0.91016 0.97561 9.57317 1.21951 
0.00757 0.02856 0.91516 0.42683 7.80488 -4.32927 
0.02637 0.01477 0.90320 -0.73171 9.20732 44.93903 
0.00940 0.06812 0.91516 1.15854 7.98780 -7.62195 
0.00183 0.05017 0.90906 0.79268 4.63415 -89.14635 
0.04028 0.03723 0.91272 2.80488 6.58537 -58.29268 
0.02942 -0.00281 0.91089 2.25610 8.47561 -27.25610 
0.00842 0.03931 0.91187 2.86585 9.08537 -16.40244 
0.01184 0.04565 0.91113 4.51220 9.69512 -10.54878 
0.03491 -0.02942 0.91370 -2.68293 5.06098 -122.19512 
0.02319 0.00659 0.91528 -2.37805 6.34146 -52.98780 
-0.03821 0.15161 0.92212 5.30488 12.98781 94.93903 
0.04260 0.11646 0.91687 4.75610 10.42683 67.50000 
0.02734 -0.12158 0.91736 1.52439 9.08537 45.54878 
0.00525 0.01514 0.90894 9.32927 4.69512 -50.97561 
0.03821 0.09753 0.91614 1.21951 8.84146 -73.35366 
0.02612 0.00476 0.91272 -3.53659 6.15854 -25.12195 
0.03247 -0.08313 0.91492 -1.40244 6.95122 -57.86586 
0.00842 0.06445 0.90747 5.00000 6.21951 -36.34146 
0.03113 0.08704 0.91101 2.62195 8.17073 -32.25610 
0.02490 0.00183 0.91516 -1.82927 6.76829 -54.51220 
0.02014 0.00879 0.91565 2.56098 8.96342 0.12195 
0.00537 0.12415 0.91321 2.86585 7.74390 -25.12195 
0.03125 0.07703 0.90002 -0.91463 7.31707 -18.17073 
0.01428 0.00159 0.91125 3.47561 11.70732 123.59756 
0.01794 0.09021 0.91089 4.57317 12.43902 123.04878 
0.01160 0.07849 0.91125 2.98780 10.12195 34.75610 
-0.00427 0.04675 0.91260 1.03659 8.47561 10.06098 
0.03906 0.02087 0.92480 -59.51220 12.80488 123.78049 
0.00330 0.01685 0.89819 -50.18293 11.82927 114.93903 
0.01868 0.01416 0.91675 11.70732 9.51220 13.04878 
0.01855 0.01013 0.91052 3.84146 9.57317 12.98781 
0.01782 0.01184 0.91443 -0.06098 9.32927 12.98781 
0.01709 0.01001 0.91394 4.26829 9.57317 13.41463 
0.01892 0.01184 0.91272 1.58537 9.14634 13.23171 
0.01843 0.01343 0.91199 4.63415 9.26829 13.10976 
0.01880 0.01111 0.91028 1.64634 9.26829 12.92683 
0.01782 0.01489 0.91357 3.23171 9.02439 13.10976 
0.01953 0.01013 0.91418 4.45122 9.32927 13.23171 
0.02197 0.00830 0.91296 2.92683 9.81707 12.92683 
0.01794 0.01392 0.91235 2.01220 9.26829 12.80488 
0.01965 0.00916 0.91479 5.97561 9.87805 12.92683 
0.02429 0.01099 0.91479 3.71951 9.26829 12.01220 
0.01880 0.01196 0.91321 2.25610 9.63415 12.86585 
0.01990 0.01294 0.91370 5.00000 9.87805 12.86585 
0.01758 0.01489 0.91040 2.68293 9.08537 13.35366 
0.02173 0.01184 0.91321 4.93902 9.51220 13.04878 
0.01892 0.01306 0.91260 2.56098 9.39024 11.82927 
0.02026 0.01355 0.91296 4.08537 9.20732 13.17073 
0.01819 0.01270 0.91345 2.86585 9.69512 12.68293 
0.01697 0.01392 0.91138 4.69512 9.39024 12.98781 
0.01794 0.01428 0.91565 3.47561 9.02439 12.80488 
0.02002 0.01318 0.91443 2.25610 9.51220 12.74390 
0.01880 0.01233 0.91467 2.86585 9.39024 13.04878 
0.01855 0.01086 0.91541 3.65854 9.20732 12.74390 
0.01697 0.01184 0.90979 2.74390 9.45122 12.92683 
0.01917 0.01465 0.91675 2.62195 9.20732 12.68293 
0.02063 0.01465 0.91272 3.17073 9.08537 12.62195 
0.02051 0.01257 0.91309 3.29268 9.14634 12.74390 
0.01807 0.01221 0.91260 2.37805 9.39024 12.74390 
0.02136 0.01208 0.91895 3.65854 9.39024 12.80488 
0.02197 0.01208 0.91187 3.53659 9.32927 12.98781 
0.01868 0.01453 0.91101 2.43902 9.51220 12.98781 
0.02002 0.01489 0.91345 2.92683 9.26829 12.37805 
0.01965 0.01233 0.91650 3.78049 9.26829 12.80488 
0.01843 0.01355 0.91309 2.9268