1.01147 -0.01855 -0.01025 -0.24427 6.50382 -1.68702 
1.01733 -0.01233 -0.01257 -2.48855 6.00763 -4.33588 
1.04504 -0.00757 -0.03699 -3.34351 4.91603 -7.44275 
1.06555 -0.00159 -0.02905 -2.19847 2.67176 -7.14504 
1.06580 0.00269 -0.01855 -2.00000 3.77863 -4.47328 
1.06055 0.02258 -0.00537 -4.66412 6.20611 -3.38168 
1.04749 0.01697 -0.00464 -6.18321 7.64885 -3.17557 
1.03455 0.00000 -0.01440 -5.25191 8.35878 -2.35878 
1.02649 -0.00488 -0.00928 -3.64122 7.67176 -1.74046 
1.03027 0.00452 -0.01172 -2.34351 4.58015 -1.50382 
1.03577 0.02026 -0.02344 -1.84733 1.13740 -1.90076 
1.03760 0.02539 -0.02722 0.20611 0.30534 -2.50382 
1.04382 0.01465 -0.02332 2.08397 2.55725 -1.97710 
1.04102 0.01587 -0.00183 1.94656 9.90076 0.88550 
1.01477 0.01062 0.00708 0.34351 16.45038 2.11450 
0.99658 0.01758 0.00098 1.00000 21.00000 1.57252 
0.99988 0.02271 0.01770 1.80153 22.11450 2.60305 
0.98608 0.00635 0.02917 0.46565 23.68702 4.16031 
0.97949 -0.00293 0.01001 0.92366 23.15267 2.36641 
0.99036 0.01257 0.02417 2.61832 22.42748 0.15267 
0.99182 0.00659 0.01331 5.69466 21.19084 -2.11450 
1.01172 0.02161 0.02576 11.13740 15.09924 -2.51908 
1.02063 0.03333 0.03625 14.30534 13.00000 -2.47328 
1.02539 0.02795 0.05664 15.45038 12.60305 -2.03053 
1.03027 0.02563 0.06738 15.12214 12.89313 -0.93893 
1.03638 0.02539 0.07959 13.96947 12.74046 -0.61832 
1.04932 0.03357 0.07642 12.60305 11.29008 -0.78626 
1.06311 0.03369 0.05920 12.26718 7.06870 0.22137 
1.06763 0.02979 0.05969 13.91603 3.25191 1.80916 
1.06384 0.03796 0.07056 14.23664 1.65649 1.96183 
1.05750 0.04895 0.07800 10.12214 2.23664 1.32061 
1.05347 0.04736 0.06677 5.21374 1.67939 1.90076 
1.04248 0.03455 0.05029 2.15267 -0.58779 3.16794 
1.03247 0.02722 0.03345 2.27481 -1.89313 5.38168 
1.02087 0.01770 0.04346 3.48855 -1.33588 7.31298 
1.02222 0.00098 0.05127 0.59542 2.22901 9.50382 
1.00574 -0.01257 0.04944 -0.57252 5.10687 9.64122 
1.00110 -0.00732 0.04858 1.28244 4.92366 7.16031 
1.00854 -0.00146 0.05591 3.17557 1.94656 4.87786 
1.02124 0.00928 0.06067 3.31298 0.64885 4.25954 
1.01440 -0.00317 0.07166 2.67176 3.31298 5.96183 
1.00330 0.00964 0.08179 3.52672 6.97710 6.89313 
0.99023 0.01624 0.08862 3.47328 8.03817 5.88550 
1.00720 0.02112 0.10852 3.65649 3.46565 5.10687 
1.01831 0.04102 0.10266 -1.61832 2.25191 5.66412 
1.01404 0.01868 0.06616 -6.56489 1.85496 4.45802 
1.01538 0.01123 0.03955 -4.98473 -0.96183 2.24427 
1.02893 0.00403 0.04541 -2.98473 -3.02290 1.51908 
1.02380 0.00952 0.03076 -0.85496 -3.80153 3.16794 
1.02844 -0.00134 0.04736 -2.15267 -3.92366 3.04580 
1.03979 0.02771 0.04724 -1.77863 -1.36641 3.80153 
1.03345 0.02002 0.03796 -4.09924 3.09160 7.67176 
1.01672 0.01868 0.04468 -5.08397 2.45038 10.69466 
0.99097 0.01953 0.05151 -5.76336 0.96183 10.88550 
0.97009 -0.00012 0.04651 -5.31298 -1.30534 7.81679 
0.95984 0.02234 0.06226 -5.58015 -4.90840 10.58779 
0.91736 0.04858 0.06787 -9.29771 -10.29008 15.51908 
0.80811 0.09875 0.04150 -23.00000 -23.35878 10.25954 
0.69067 0.05762 0.02148 -24.48092 -30.91603 6.87023 
0.41418 0.14746 0.06750 -26.04580 -33.70229 -1.96183 
0.01184 0.09900 -0.15588 -10.99237 -31.87786 -20.05343 
-0.08191 0.17212 -0.23926 63.58779 -50.18320 -54.00000 
0.08484 0.13391 -0.16113 117.46565 -82.39695 -102.74809 
0.11536 0.08875 -0.11523 84.78626 -95.74809 -126.83969 
0.15771 0.07751 -0.06946 53.93130 -94.63359 -138.59541 
0.18872 0.06909 -0.04724 8.21374 -83.65649 -146.56488 
0.20288 0.05933 -0.03979 -16.87023 -71.25191 -143.77863 
0.38525 -0.07581 -0.21106 -52.88550 -53.46565 -133.15266 
1.99994 1.46680 -1.21362 176.61069 91.40458 12.07634 
1.52820 0.15747 -1.00940 -178.31297 194.70229 -55.71756 
1.08142 0.33350 -0.12549 -80.68702 218.28244 -38.71756 
1.02429 0.21875 0.29211 -42.38931 246.25954 -54.83206 
1.22998 0.65564 1.10437 -98.00764 250.12978 -96.79389 
1.99994 1.08899 0.86938 -8.54962 232.61832 -101.06107 
0.45874 1.04102 0.53650 -1.41985 89.64122 -38.67939 
0.79663 0.51135 0.66809 -63.13741 -33.58015 38.36641 
1.07019 0.42712 0.47058 -41.59542 -64.62595 66.09161 
0.79553 0.52820 0.16016 12.06870 -74.96947 104.25954 
1.05652 0.50195 -0.11377 -46.04580 -77.82442 153.99237 
1.22107 -0.02344 -0.11218 -91.06107 -37.12977 141.31297 
0.94800 -0.06628 -0.03955 -47.88550 -1.75573 100.85497 
0.78577 -0.09351 0.06042 -41.77863 -2.05344 39.09160 
0.92981 -0.17041 0.11450 -2.05344 6.26718 -13.76336 
0.99548 -0.07251 0.12231 7.75573 17.46565 -40.23664 
0.92285 0.03259 0.16821 3.12977 26.29771 -56.09160 
0.81628 0.43481 0.38477 -39.31298 15.95420 -20.61832 
0.92578 0.40479 0.39185 -10.26718 -7.58779 16.15267 
0.97681 0.21265 0.20178 30.95420 -21.51145 26.59542 
1.02136 0.15503 0.08740 13.29771 -9.24428 23.86259 
1.02124 0.17041 0.10376 -2.12214 7.40458 24.90840 
0.98694 0.16040 0.17993 -19.60305 18.36641 21.64122 
0.90112 0.20569 0.18250 -15.67176 14.86260 10.14504 
0.94238 0.19678 0.21130 -12.09924 9.09924 -3.07634 
0.99902 0.26672 0.22461 -4.84733 5.45802 2.14504 
0.98779 0.26843 0.22388 -8.65649 3.00763 20.77863 
0.99121 0.20581 0.23499 -9.83969 -2.46565 33.82443 
0.98376 0.07996 0.22620 -2.45038 -12.16031 27.35878 
0.97485 0.07520 0.20313 -0.06870 -15.12214 13.76336 
1.00525 0.12927 0.18103 3.56489 -13.16031 5.14504 
1.02808 0.14197 0.16260 4.91603 -7.01527 3.35115 
1.00769 0.09973 0.19714 8.22901 -5.44275 2.37405 
0.99072 0.11389 0.20544 14.91603 -9.27481 -3.94656 
0.99023 0.14343 0.18982 16.80916 -12.90840 -6.78626 
0.99744 0.10181 0.21521 10.99237 -11.58015 -2.40458 
1.03271 0.10803 0.20813 4.32824 -9.24428 0.27481 
1.03406 0.13062 0.21838 -1.91603 -10.08397 0.00000 
1.04150 0.11597 0.18884 1.59542 -11.95420 -0.87786 
1.07495 0.11670 0.20435 7.83206 -11.20611 -2.78626 
1.10583 0.13965 0.15283 12.09924 -14.48092 0.28244 
1.13745 0.03186 0.08362 24.25954 -21.02290 15.17557 
1.15979 0.21484 0.07617 27.06870 -20.37405 28.41221 
1.14734 0.09509 0.08594 37.79389 -24.06107 22.99237 
1.13501 0.05078 0.17297 47.35878 -17.57252 22.22901 
1.09119 0.13562 0.24890 25.13741 -14.66412 25.67175 
1.06726 0.17761 0.21106 3.69466 -9.40458 21.87023 
1.07019 0.13269 0.14709 -7.57252 -2.99237 14.64886 
1.05457 0.08105 0.09143 -10.89313 -3.70992 10.54198 
1.03491 0.08716 0.07458 -3.49618 -9.97710 9.00763 
1.02600 0.11902 0.10522 0.32061 -16.70229 7.98473 
1.02124 0.17517 0.20679 0.74046 -14.25954 -3.91603 
1.02783 0.07983 0.15100 -1.50382 -5.58779 -9.98473 
1.05042 -0.02625 0.04932 1.64885 -10.15267 -3.48092 
1.06360 0.00000 0.11365 -1.12977 -28.88550 28.50382 
0.96204 0.27820 0.13379 4.42748 -29.79389 26.43511 
0.98145 0.20068 0.09631 7.16031 -26.26718 4.05344 
1.03003 0.05225 0.10425 3.17557 -26.37405 -0.80153 
1.02380 0.11255 0.11499 1.65649 -24.39695 4.89313 
1.01599 0.11475 0.12585 -3.95420 -22.96947 8.05344 
0.99988 0.07129 0.08411 -7.02290 -17.58779 8.85496 
1.01074 0.09180 0.04822 -3.80153 -15.11450 9.73282 
1.01257 0.10120 0.03650 -0.42748 -16.59542 10.35878 
1.00476 0.08020 0.04175 3.77863 -17.99237 9.55725 
1.00537 0.05664 0.08594 -0.10687 -16.71756 10.99237 
1.00305 0.09399 0.08167 -7.76336 -9.19084 10.16031 
1.00647 0.09705 0.05762 -10.10687 -3.00000 5.56489 
1.00513 0.08130 0.04395 -12.23664 0.78626 0.53435 
1.02869 0.04541 0.02258 -12.64122 -2.90076 5.11450 
1.02161 0.06750 0.02747 -9.74046 -10.02290 10.16794 
1.01709 0.05481 0.02490 -4.74809 -8.94656 7.68702 
1.04370 0.04932 0.03528 -0.89313 -5.12977 5.84733 
1.04065 0.06628 0.04846 -3.00000 0.80153 5.00000 
1.02222 0.06458 0.04871 -6.72519 9.41985 3.10687 
1.00574 0.05786 0.03748 -12.12214 13.70992 1.96183 
1.02856 0.06396 0.01697 -16.30534 9.95420 3.42748 
1.03967 0.07166 0.02087 -17.28244 7.29008 8.16794 
1.04089 0.06042 0.00854 -17.83969 7.90840 12.74046 
1.00427 0.02893 -0.01440 -14.80916 8.34351 13.99237 
1.00684 0.02136 -0.02454 -8.32061 6.38168 12.08397 
1.00659 0.03320 -0.01038 -3.70229 4.09924 11.01527 
1.03735 0.05383 0.03345 0.00763 5.14504 13.16031 
1.03357 0.04529 0.05884 -2.61069 12.25954 17.54962 
0.99048 0.02551 0.05920 -6.31298 15.22137 21.16031 
0.96997 0.02820 0.04346 -9.39695 9.67176 19.13741 
0.96265 0.00720 0.01904 -7.29008 2.61069 15.83969 
0.96777 0.00159 -0.00696 -2.51908 -6.35878 13.72519 
0.99182 -0.00024 0.00574 5.70992 -19.84733 12.79389 
1.01831 -0.00256 0.04944 7.64885 -26.51908 13.32061 
1.03137 0.02332 0.08154 4.17557 -22.87786 13.90840 
1.03247 0.01770 0.03552 -0.47328 -11.22137 12.98473 
1.02417 0.01575 -0.00098 -1.23664 -6.19084 14.19847 
0.98938 -0.01929 -0.01880 3.64122 -6.61069 17.35114 
0.97583 -0.01257 0.01355 7.29771 -10.29771 18.26718 
0.96643 0.00269 0.03333 7.05344 -12.28244 17.41221 
0.96179 0.01257 0.01208 4.96947 -11.93893 16.25954 
0.94324 -0.00696 -0.00696 5.67939 -12.15267 14.76336 
0.93237 -0.03577 -0.00500 5.74046 -11.38931 13.96947 
0.90369 -0.02441 -0.01697 6.13740 -7.50382 10.76336 
0.92432 -0.01685 -0.02808 4.35115 -6.76336 6.60305 
0.93970 -0.00940 -0.02502 1.64122 -4.93130 5.25954 
0.93359 -0.01367 -0.02771 0.70229 -1.67176 5.44275 
0.93091 -0.02075 -0.00635 -0.53435 2.84733 5.45802 
0.93518 -0.03198 -0.01697 -1.01527 6.72519 2.80916 
0.96338 -0.02197 -0.02588 -0.74046 4.94656 1.45802 
0.98584 0.00635 -0.02222 -0.13740 2.22137 1.38931 
1.00317 -0.02417 -0.02808 -0.70229 1.24427 1.30534 
0.99451 -0.04480 -0.01062 0.32061 3.12214 2.79389 
0.98706 -0.02612 0.00476 -0.46565 5.19084 2.12214 
1.00806 -0.02710 -0.01160 -2.00000 7.40458 -0.05344 
1.01111 -0.02502 -0.01807 -2.86260 7.33588 0.12214 
1.01001 -0.02747 -0.01563 -3.87023 7.25191 0.61832 
1.00647 -0.04541 -0.01489 -3.25191 8.03817 -0.03053 
1.00378 -0.03638 -0.01392 -1.29008 7.97710 -1.85496 
1.02502 -0.02942 -0.02087 2.00763 5.37405 -4.22137 
1.04407 -0.02698 -0.01184 4.10687 2.87023 -3.98473 
1.05261 -0.01904 0.00598 3.19847 2.33588 -3.30534 
1.07788 -0.01147 0.01343 1.05344 5.25191 -2.19084 
1.07776 -0.01770 0.01990 -0.54198 7.32824 0.19847 
1.06360 -0.02490 0.02625 -1.80153 7.42748 1.83206 
1.07544 -0.01917 0.03516 -3.81679 5.29771 3.03817 
1.05676 -0.02454 0.06311 -4.73282 0.85496 9.59542 
0.97766 0.00366 0.08032 -4.81679 -4.40458 13.21374 
0.89355 0.05176 0.02527 -5.59542 -16.43511 13.06870 
0.75586 0.01855 0.01746 0.32824 -38.97710 8.89313 
0.47388 -0.04321 0.04321 9.73282 -54.11450 0.24427 
-0.03870 0.02856 0.08960 47.93893 -75.56489 -18.93893 
-0.02087 0.03186 -0.14758 63.87023 -122.01527 -73.83969 
0.02246 0.06433 -0.13318 96.56489 -146.38168 -105.31298 
0.07141 0.09912 -0.09863 86.67175 -152.65649 -121.96947 
0.10852 0.06604 -0.07690 44.58779 -150.35878 -137.77100 
0.13745 0.04504 -0.16211 27.73282 -143.83969 -145.39694 
0.14465 0.07886 -0.18579 55.99237 -144.70993 -153.67938 
0.16162 0.09900 -0.19836 49.21374 -142.42747 -156.47328 
1.99994 -2.00000 -1.73828 150.61832 -128.65649 -145.19084 
1.99994 1.99994 -2.00000 -154.05344 250.12978 -250.13741 
0.84412 -0.49829 -0.79639 -250.13741 250.12978 -250.13741 
0.59253 -0.12170 0.00110 -250.13741 250.12978 -168.20610 
0.35400 0.39941 0.56689 -250.13741 237.54199 -156.33588 
0.17261 0.92456 1.84851 -212.86259 231.73282 -123.00764 
0.99316 0.92908 1.33789 -96.52672 72.18320 -13.55725 
1.34106 0.87842 0.74890 -1.36641 -46.70992 22.28244 
1.99817 0.93787 0.41125 32.75573 -80.64122 27.82443 
1.53735 0.88440 0.11133 30.12214 -95.64886 -2.12214 
0.93701 0.78320 -0.04419 47.67176 -68.00000 -9.12214 
0.69336 0.41711 -0.29602 19.09160 -52.47328 -10.64886 
0.41907 0.17920 -0.00269 -24.81679 -30.89313 62.45802 
0.75598 0.33899 0.00903 -22.60305 19.86259 88.63359 
1.01318 0.46716 0.05554 -1.03053 56.48855 81.45038 
0.81348 0.53015 0.16284 5.54962 64.59542 57.41221 
0.85608 0.46301 0.18677 1.89313 62.42748 31.39695 
0.96069 0.56201 0.19104 -21.27481 52.25191 27.40458 
0.90417 0.54700 0.19092 -32.29771 48.58015 42.11450 
0.88696 0.45789 0.25659 -50.66412 40.46565 57.51908 
0.82043 0.36548 0.20691 -51.44275 24.92366 54.90840 
0.86121 0.36865 0.21948 -54.17557 11.64886 44.08397 
0.92041 0.37659 0.32874 -11.17557 14.69466 36.48855 
0.88086 0.44202 0.31604 25.19084 15.36641 36.02290 
0.87573 0.43567 0.27112 31.17557 5.45802 43.83206 
0.95593 0.36401 0.23157 3.26718 -2.13740 58.21374 
0.93237 0.30396 0.21118 -4.35115 4.18321 61.06870 
0.87756 0.30176 0.20581 -6.87023 7.37405 56.47328 
0.88135 0.27161 0.21484 -4.23664 6.51145 45.61069 
0.93982 0.22986 0.23071 -12.14504 4.87786 32.31298 
0.93457 0.23816 0.25562 -14.41985 9.84733 25.58779 
0.91284 0.23877 0.28113 -12.31298 9.67176 19.96183 
0.93066 0.22949 0.30835 -9.49618 1.63359 15.69466 
0.91479 0.19214 0.32556 -18.71756 -4.53435 19.86259 
0.94678 0.20715 0.29919 -18.69466 -2.70992 23.25191 
0.95007 0.24548 0.26270 -12.93893 -0.38168 23.20611 
0.91699 0.23926 0.26355 -16.39695 -0.63359 22.09160 
0.95422 0.16809 0.22656 -27.32061 2.45802 17.65649 
0.94653 0.14075 0.27576 -29.61069 8.30534 11.97710 
0.97412 0.13574 0.31519 -30.91603 10.83969 10.40458 
0.92517 0.18164 0.34790 -21.91603 10.77099 7.93130 
0.95520 0.19519 0.42395 -16.69466 -7.96183 10.33588 
0.98364 0.18640 0.28943 3.59542 -17.89313 8.17557 
0.96826 0.20459 0.22522 3.25191 -11.16031 7.18321 
0.97498 0.09766 0.23279 3.77863 -5.84733 5.33588 
1.07446 0.20605 0.33972 -0.08397 -10.70992 14.30534 
1.05212 0.09448 0.30676 -6.72519 -10.27481 40.77099 
1.10107 0.18420 0.24695 -15.83969 -8.83206 59.49618 
1.00488 0.26453 0.25952 -6.95420 0.39695 50.88550 
0.96204 0.27478 0.24841 0.47328 11.77863 30.96947 
1.07788 0.09314 0.29663 -4.58015 13.95420 23.62595 
1.06787 0.15894 0.29028 -10.89313 8.36641 26.85496 
1.15955 0.02527 0.29053 -12.21374 -2.97710 32.37405 
1.16675 0.02686 0.25769 -4.43511 -10.61832 45.28244 
1.11243 0.14355 0.26477 11.26718 -15.36641 52.90840 
1.06982 0.16040 0.28906 17.81679 -16.70229 39.61832 
1.06152 0.10413 0.34302 18.67175 -18.56489 24.36641 
1.08081 0.06201 0.36450 10.47328 -22.32825 19.39695 
1.06250 0.06885 0.32520 7.56489 -25.35114 20.15267 
1.03809 0.07385 0.28381 11.13740 -26.83969 18.95420 
1.03284 0.05029 0.28015 10.49618 -29.78626 18.93130 
1.02454 0.02271 0.25647 10.80916 -34.07634 18.28244 
1.01929 0.00659 0.23718 11.06870 -36.43512 15.92366 
1.01636 0.04810 0.26025 10.88550 -36.75573 14.62595 
1.01257 0.04431 0.23047 12.16794 -32.72519 10.96183 
1.01416 -0.02881 0.16394 16.11450 -35.04580 8.88550 
1.00281 -0.04333 0.21411 17.48092 -39.64885 10.60305 
0.97437 0.03418 0.24841 8.11450 -36.93130 13.85496 
0.96362 0.04492 0.21204 3.57252 -30.41985 11.30534 
0.95618 0.00867 0.15808 1.40458 -26.96947 7.32824 
0.97595 0.01172 0.16724 1.77099 -31.74809 4.71756 
0.99646 0.05908 0.16968 -2.29771 -37.27481 5.00000 
1.01563 0.06824 0.12097 -4.14504 -41.70229 7.27481 
0.99255 0.06873 0.10571 -1.58015 -47.51908 8.73282 
0.99390 -0.00269 0.11499 -5.06870 -45.34351 13.61832 
0.97937 -0.03430 0.09216 -4.24427 -40.19084 17.85496 
0.96057 0.03979 0.10291 -6.92366 -35.61069 18.95420 
0.94360 0.00720 0.05994 -11.19847 -25.70229 16.80916 
0.93433 -0.00146 0.03149 -8.22137 -15.79389 16.19847 
0.91357 -0.00122 0.00513 -3.80916 -14.00000 17.06870 
0.90796 -0.00977 -0.00793 1.09160 -15.73282 16.28244 
0.91345 -0.01379 0.02234 1.31298 -16.47328 17.19847 
0.86487 -0.02295 0.05066 -2.65649 -4.96947 15.88550 
0.85217 -0.02478 0.05310 -8.35878 9.74809 12.81679 
0.87244 -0.02380 -0.00415 -10.86260 20.46565 11.77099 
0.88403 -0.00110 -0.03625 -7.28244 21.51145 14.08397 
0.86096 0.02014 0.00708 -3.45802 18.58015 13.45038 
0.84900 -0.01123 0.03870 -3.51908 21.09160 9.43511 
0.85522 -0.04077 0.01331 -0.95420 19.71756 7.88550 
0.86755 -0.02820 0.01392 -0.61069 13.39695 6.73282 
0.89270 -0.03613 -0.00964 1.90840 3.23664 5.76336 
0.90613 -0.02112 0.02344 3.97710 -0.93130 6.49618 
0.92615 -0.02295 0.04309 2.58015 3.54962 6.82443 
0.91650 -0.04626 0.02124 0.57252 10.83206 5.32061 
0.91895 -0.05615 0.01855 -1.85496 10.58779 0.18321 
0.94189 -0.04651 0.02759 -4.32061 7.29008 -7.26718 
1.00305 -0.02966 0.02356 -5.25954 3.70992 -12.17557 
1.04541 -0.03479 0.02136 -1.78626 2.12977 -8.89313 
1.05103 -0.04944 0.02368 0.13740 0.54198 -3.18321 
1.05396 -0.05212 0.06079 1.78626 2.80153 0.21374 
1.04565 -0.04773 0.08252 2.51908 5.90076 1.30534 
1.04541 -0.02161 0.10486 1.09160 8.98473 1.12977 
1.05676 -0.01855 0.09204 -1.03817 10.00000 0.12214 
1.07263 -0.05151 0.08350 -3.50382 9.35114 0.32061 
1.08508 -0.05481 0.08142 -0.69466 7.51145 2.36641 
1.07617 -0.06299 0.08752 2.35115 6.34351 3.78626 
1.08105 -0.03003 0.10876 4.00000 4.54198 3.16031 
1.08215 -0.02393 0.11536 0.06107 3.96947 1.52672 
1.07263 -0.01904 0.10596 -1.18321 3.43511 0.54962 
1.06067 -0.02539 0.11316 -1.14504 3.23664 -0.49618 
1.05127 -0.04138 0.12598 -2.68702 3.17557 -0.40458 
1.04102 -0.02722 0.13599 -5.38168 1.16031 -0.65649 
1.02917 -0.01929 0.11951 -5.93130 -2.29008 -2.84733 
1.01904 -0.00659 0.09082 -4.34351 -7.87023 -5.43511 
1.02563 -0.00391 0.06763 -2.00000 -10.94656 -5.51908 
1.03381 -0.03845 0.08459 -2.06107 -9.12214 -0.29771 
1.02466 -0.05408 0.07642 -0.69466 -3.11450 4.56489 
1.00281 -0.03320 0.07556 -0.13740 1.95420 6.53435 
1.01062 -0.03186 0.07434 -3.31298 3.19084 4.02290 
1.03430 -0.04810 0.07129 -7.41221 0.83206 3.40458 
1.03955 -0.04993 0.07349 -9.25191 -0.80153 5.23664 
1.01636 -0.03845 0.08545 -4.38168 -1.35878 7.92366 
0.98132 -0.01978 0.10645 -2.77099 -3.49618 9.94656 
0.90674 0.00171 0.07495 -3.57252 -6.81679 10.71756 
0.70508 0.01453 0.01013 -0.12977 -19.23664 11.81679 
0.47021 -0.02209 -0.13794 14.31298 -32.37405 8.78626 
0.20776 -0.17188 -0.18237 66.77100 -50.35115 -1.17557 
0.09363 0.09192 -0.19641 166.83206 -101.19847 -58.56488 
0.03198 0.16394 -0.11719 159.61832 -134.21375 -107.26717 
0.08533 0.11255 -0.08826 122.81680 -143.32062 -127.09924 
0.12292 0.07690 -0.06262 71.59542 -142.56488 -140.52672 
0.14209 0.06238 -0.05200 43.50382 -135.81679 -145.88550 
0.14063 0.06213 -0.10583 21.76336 -123.74809 -148.03053 
0.13660 0.08655 -0.11658 12.75572 -117.81680 -146.61832 
1.99994 -0.59570 -0.37659 -73.29771 -78.26717 -69.09161 
1.99994 0.73694 -1.83374 32.36641 186.84734 -169.87022 
0.67444 -0.15649 -0.36621 -250.13741 176.09924 -154.94656 
0.96338 0.68542 0.36157 -203.55725 247.59541 -159.81679 
0.61084 0.84863 0.62158 -250.13741 249.96184 -78.22900 
1.32654 1.04431 0.30469 -250.13741 230.68703 -5.80153 
1.78748 1.05652 0.81604 -100.80153 114.18320 38.99237 
1.08740 0.65796 0.29480 -26.18321 40.65649 76.67939 
0.97021 0.53748 0.37793 -58.49618 -31.81679 121.69466 
0.81006 0.42334 0.12756 -52.96183 -67.88550 147.37404 
0.95789 0.20068 -0.05933 -13.61069 -74.85497 146.37404 
0.97083 0.06750 -0.10046 -2.99237 -42.46565 116.27481 
0.95374 0.03760 -0.09473 -35.28244 27.82443 81.43511 
0.87988 0.13586 -0.05774 -68.74809 59.09160 73.48855 
0.88586 0.19324 0.05078 -89.24428 74.38931 73.73283 
0.91736 0.08435 0.21240 -94.14503 76.76336 74.03053 
0.93042 0.04712 0.27087 -66.12977 81.97710 80.19847 
0.94458 -0.17981 0.39636 -51.03817 71.88550 76.74809 
0.91162 -0.15515 0.40039 -23.17557 35.44275 25.46565 
0.90625 0.07959 0.35181 11.10687 3.34351 -13.56489 
1.03174 0.15039 0.29211 19.41985 -2.88550 -21.42748 
1.07764 0.12329 0.27136 23.96183 5.66412 -15.32824 
1.20715 0.15112 0.36230 6.04580 27.14504 7.60305 
0.99890 0.09033 0.33606 -6.19847 19.19084 14.71756 
0.94519 0.03748 0.30103 -3.19084 7.43511 12.12214 
0.90967 0.02087 0.26892 -5.96183 -3.33588 8.96183 
0.93445 -0.00476 0.29407 -4.10687 -6.53435 10.19847 
0.98254 -0.03162 0.31873 3.01527 -6.28244 9.17557 
0.98059 -0.00439 0.32800 8.80153 -4.77099 2.24427 
0.97534 0.05505 0.32935 3.67939 -2.19084 -0.01527 
0.95752 0.09729 0.31641 -5.60305 -0.39695 4.26718 
0.92969 0.10303 0.30859 -8.23664 -0.63359 12.12214 
0.89307 0.06726 0.28394 -6.75573 -1.41221 13.39695 
0.90637 0.02991 0.26526 -0.73282 -1.03053 10.56489 
0.94067 0.00122 0.27588 2.51145 2.38168 5.71756 
0.96045 0.00439 0.30505 3.97710 3.38168 1.87786 
0.95972 0.02917 0.31372 3.32824 3.35878 1.15267 
0.94385 0.03503 0.29785 -1.53435 1.46565 2.12977 
0.94788 0.04871 0.28064 -2.19084 0.80916 4.86260 
0.96423 0.02539 0.28088 -7.03053 2.24427 8.21374 
0.97449 0.01196 0.30493 -5.72519 2.41985 6.44275 
0.96509 0.01416 0.30334 -1.83969 1.12977 3.23664 
0.95483 0.02002 0.29626 0.98473 1.29008 4.20611 
0.95972 0.01794 0.30750 -2.03817 0.12214 5.16031 
0.96008 0.02368 0.30737 -1.84733 -2.40458 4.83969 
0.97034 0.05090 0.30579 0.66412 -2.98473 5.31298 
0.97559 0.03296 0.30835 -1.85496 -2.61832 5.79389 
0.96155 0.02954 0.28223 -3.33588 -1.85496 6.09160 
0.94128 0.02380 0.26929 -5.41221 -0.76336 7.19847 
0.94446 0.00122 0.27246 -4.27481 -0.12977 6.94656 
0.95251 -0.01880 0.28699 -0.98473 0.64885 2.37405 
0.95032 -0.00586 0.30872 0.22901 -0.31298 -0.90840 
0.97290 0.00964 0.30396 0.91603 -1.75573 -1.25954 
0.97974 0.02307 0.30481 0.41221 -2.35115 0.29771 
0.96436 0.02539 0.29602 0.01527 -2.49618 0.92366 
0.95325 0.03003 0.28247 0.51145 -1.44275 2.70229 
0.95129 0.02966 0.28625 -0.41985 -0.27481 4.11450 
0.94214 0.01685 0.27856 1.93893 -1.16794 1.65649 
0.95068 -0.00977 0.28442 0.89313 -1.70992 -0.30534 
0.96838 -0.00146 0.28857 -1.64885 -2.09924 -0.68702 
0.98108 0.00806 0.29504 -2.68702 -2.96947 -1.27481 
0.97913 0.02551 0.28552 -1.58015 -2.95420 0.02290 
1.00513 0.03650 0.29675 -2.22137 -3.01527 1.96183 
1.02124 0.05273 0.31262 -1.91603 -5.32061 2.70992 
1.02026 0.01611 0.30249 -8.01527 -8.77863 2.65649 
1.02734 0.00916 0.33020 -10.68702 -8.87786 0.82443 
1.06091 0.00745 0.33862 -16.06870 -11.29008 1.15267 
1.04883 -0.03638 0.28333 -24.62595 -10.61069 -1.76336 
1.01526 -0.01636 0.24341 -24.67939 -8.11450 -2.04580 
1.06641 0.03259 0.23352 -22.61069 1.36641 6.03817 
1.06323 0.02502 0.27063 -25.67175 6.46565 15.86260 
1.04932 0.01965 0.27197 -32.47328 4.78626 18.35878 
1.03894 -0.03796 0.22253 -34.70992 4.41985 11.56489 
1.12122 -0.03784 0.17090 -37.72519 -1.43511 8.29771 
1.13501 0.26123 -0.06653 -11.65649 -34.19084 -1.20611 
1.10754 0.10059 0.14856 -25.96183 -76.57252 -21.06870 
1.37268 -0.20227 0.57275 5.66412 -25.82443 -6.85496 
1.25391 -0.23035 0.28662 -2.06107 2.70229 30.39695 
1.17664 -0.02246 0.32227 4.12214 4.64885 53.20611 
0.91943 0.17432 0.34448 10.73282 0.75573 15.99237 
0.90479 0.05139 0.29675 -2.47328 -12.68702 -20.21374 
0.91565 -0.12341 0.17065 3.27481 -23.43511 -36.78626 
1.18152 -0.37146 0.12683 10.56489 -46.38168 -31.75573 
1.23499 -0.17163 0.28186 1.13740 -62.23664 23.71756 
0.91016 0.21570 0.27856 18.68702 -31.76336 19.09160 
0.98975 0.09485 0.17078 14.77099 -15.35114 -8.00763 
1.09302 -0.08752 0.17957 5.41985 -16.14504 -6.82443 
1.02173 -0.02429 0.22363 4.29771 -16.39695 13.25191 
0.97498 0.00244 0.25293 -1.96947 -14.28244 14.60305 
0.96472 -0.05713 0.24316 -14.29771 -11.59542 14.36641 
0.90637 0.01624 0.29102 -27.88550 -10.64886 13.14504 
0.95618 -0.09558 0.04858 -32.91603 -13.85496 3.57252 
0.96765 -0.04553 0.09387 -22.23664 -25.09160 1.94656 
1.00037 -0.02222 0.12378 -12.43511 -29.20611 5.49618 
0.96899 -0.03333 0.09619 -9.25191 -32.66412 9.48855 
0.93115 -0.06079 0.07739 -3.51145 -36.54198 8.14504 
0.91077 -0.08740 0.14868 -5.79389 -34.39695 4.09924 
0.91199 -0.08496 0.13354 -8.22137 -21.48855 2.51908 
0.91431 -0.04028 0.06616 -9.29008 -14.07634 -0.18321 
0.94397 -0.01501 0.04224 -7.42748 -18.17557 -1.49618 
0.93506 -0.02795 0.02979 -6.85496 -24.87023 -0.10687 
0.93323 -0.04285 0.01587 -1.42748 -30.10687 -2.32061 
0.93884 -0.05957 0.01367 1.17557 -27.52672 -1.82443 
0.92566 -0.05066 0.01831 3.03817 -18.29008 0.79389 
0.92773 -0.01392 0.02612 3.53435 -10.48092 1.57252 
0.93628 0.00830 0.03320 0.72519 -5.78626 2.51908 
0.93457 -0.00098 0.02966 -1.35878 -2.67939 8.89313 
0.90222 -0.00977 0.03662 -0.90840 -1.06107 14.56489 
0.85608 -0.01685 0.05029 -1.69466 1.36641 15.12214 
0.84814 -0.07532 0.01807 -1.90840 4.56489 9.44275 
0.85913 -0.07043 0.01465 -0.87786 2.16794 4.60305 
0.88928 -0.04834 0.02478 -0.88550 -2.13740 0.24427 
0.90979 -0.04163 0.02271 -3.48855 -3.95420 -2.40458 
0.92664 -0.05310 0.01392 -3.92366 -2.33588 -1.89313 
0.93652 -0.06201 -0.01257 -2.10687 1.83969 -0.56489 
0.94775 -0.06116 -0.01819 0.96947 3.57252 -1.39695 
0.98254 -0.05896 0.00903 4.46565 3.57252 -3.14504 
1.02649 -0.05200 0.05127 2.05344 2.93130 -2.51145 
1.04175 -0.04175 0.06201 -3.26718 3.65649 -0.88550 
1.04456 -0.04761 0.03918 -6.93130 5.66412 1.38168 
1.03552 -0.04517 0.01257 -4.87023 7.25191 3.54962 
1.03577 -0.03955 0.01147 -2.77863 6.81679 2.64122 
1.04358 -0.03967 0.01929 -1.24427 5.59542 1.64885 
1.05164 -0.03223 0.04272 1.23664 2.92366 2.06870 
1.03760 -0.06677 0.05310 0.91603 -0.42748 5.00000 
1.01440 -0.07629 0.05591 -0.73282 -0.14504 5.15267 
1.01892 -0.06152 0.04224 -1.03053 3.27481 3.32061 
1.04773 -0.05286 0.03577 -0.80153 7.20611 1.68702 
1.05396 -0.06274 0.03223 -2.17557 8.09924 3.86260 
1.03430 -0.06238 0.03345 -2.13740 6.98473 6.74809 
1.01880 -0.05957 0.04553 -1.15267 4.48092 7.04580 
1.01074 -0.07019 0.06226 2.02290 1.77099 4.39695 
1.00452 -0.05432 0.07849 2.90076 0.32824 2.45802 
1.00867 -0.06177 0.06836 1.16031 -0.58779 1.74046 
1.01855 -0.06909 0.06934 -1.68702 0.02290 1.30534 
1.02100 -0.07263 0.05444 -2.51908 1.16794 -0.29008 
1.02649 -0.05383 0.03418 -2.60305 -0.10687 -0.93893 
1.03723 -0.04980 0.02759 -1.41221 -1.54198 0.02290 
1.03503 -0.06152 0.02869 0.29771 -1.98473 1.35878 
1.03723 -0.06995 0.03845 2.66412 -1.35878 3.20611 
1.02698 -0.06470 0.05920 3.09160 0.65649 4.32824 
1.02124 -0.06201 0.05676 1.12977 2.00763 3.38168 
1.02258 -0.05859 0.05713 -2.03817 2.20611 1.99237 
1.02441 -0.07227 0.03735 -3.65649 1.12977 0.08397 
1.03833 -0.07544 0.01025 -1.14504 -1.50382 -1.27481 
1.04919 -0.05627 0.02979 1.96947 -2.05344 -1.26718 
1.04858 -0.05701 0.04895 3.06107 -1.09924 2.22137 
1.01978 -0.06592 0.05725 1.60305 0.26718 6.89313 
0.99158 -0.08398 0.04419 -1.57252 1.00763 5.63359 
0.99268 -0.09351 0.03479 -3.41985 1.20611 0.18321 
1.01636 -0.06970 0.03418 -2.24427 1.92366 -3.45038 
1.04456 -0.05420 0.04529 0.07634 0.55725 -0.84733 
1.02197 -0.06616 0.04944 1.08397 -0.45038 4.45802 
0.98865 -0.08154 0.04590 1.98473 0.06870 6.62595 
0.98999 -0.08606 0.05017 -0.01527 0.55725 2.61069 
1.00708 -0.06482 0.05005 -1.67939 2.54198 -1.09160 
1.03308 -0.04761 0.04456 -3.64122 3.00000 -1.70992 
1.04614 -0.05774 0.04285 -3.97710 2.89313 1.87023 
1.04077 -0.07678 0.03040 -2.45038 1.63359 5.17557 
1.03613 -0.09229 0.04468 -1.77099 0.51145 6.00000 
1.04138 -0.08105 0.04468 -3.70229 1.03817 4.51908 
1.04285 -0.06360 0.04907 -5.50382 2.03053 3.48092 
1.04102 -0.06860 0.05078 -6.12977 2.62595 3.60305 
1.03162 -0.08337 0.05603 -7.34351 2.03817 5.56489 
1.00476 -0.09094 0.06812 -6.64885 1.25954 7.82443 
0.97485 -0.07739 0.05969 -4.49618 1.67939 9.54198 
0.93591 -0.08643 0.05151 -2.96183 0.99237 11.32061 
0.87964 -0.11316 0.05798 -3.93130 1.16031 10.96947 
0.84790 -0.10242 0.08203 -2.79389 2.47328 9.77099 
0.79285 -0.12708 0.05981 3.25954 -0.62595 12.54962 
0.52161 -0.14502 -0.01514 19.90840 -21.04580 23.49618 
0.17639 -0.11353 -0.00183 67.72519 -53.77099 17.27481 
-0.11731 -0.00024 -0.22192 140.51144 -99.93893 -1.38931 
-0.12390 0.17993 -0.17517 148.70229 -122.34351 -25.88550 
0.06421 0.09973 -0.09387 104.67175 -137.82443 -54.36641 
0.11853 0.08582 -0.07813 80.56489 -139.80153 -74.22137 
0.13281 0.07666 -0.04846 47.62595 -136.77863 -83.93893 
0.13330 0.05701 -0.03772 62.22137 -125.22137 -86.48855 
0.12939 0.07410 -0.04199 27.95420 -116.16031 -87.05344 
1.99994 -0.76038 0.00781 55.04580 -207.20610 125.22900 
1.99994 0.53198 -2.00000 15.76336 -150.44275 250.12978 
0.92712 0.16272 -0.50610 141.66412 72.77863 -110.59542 
0.79028 -0.68188 0.11230 24.87786 162.87022 -126.88550 
1.13928 0.12903 -0.27209 -217.44275 151.54962 -12.56489 
1.99994 0.00867 -0.55151 -178.77100 159.87787 -18.25191 
1.37109 0.04321 -0.06250 77.83969 149.67175 -7.03053 
0.50964 -0.00171 0.01770 97.00000 144.48091 38.98473 
0.57275 -0.13574 -0.04700 27.26718 147.84734 85.12214 
0.86499 0.15686 -0.06982 -37.17557 139.87787 137.96947 
1.11084 0.03955 0.01416 -60.86259 138.11450 161.83206 
1.20544 -0.03516 0.09644 -23.74809 150.64122 202.76335 
1.14111 -0.03271 0.11548 9.79389 160.59541 225.10687 
1.34497 -1.23633 0.54968 86.83969 120.26717 118.75572 
0.90491 -0.28345 0.26416 11.93893 65.00764 0.12214 
0.81421 -0.16589 0.26404 37.04580 43.41221 -4.12977 
0.88318 -0.09546 0.17725 9.32061 17.90840 5.70229 
0.85828 -0.25159 0.20715 -1.70992 7.48855 10.88550 
0.94226 -0.35974 0.13623 2.32061 12.29771 3.25954 
0.94763 -0.33240 0.16467 16.91603 20.32061 -14.13740 
0.95020 -0.22327 0.18408 30.75573 24.66412 -21.12977 
0.95093 -0.33069 0.31250 45.41221 20.09924 -23.89313 
0.95337 -0.29773 0.37073 39.06107 6.77863 -29.08397 
0.98621 -0.24377 0.31592 12.06870 -9.51145 -27.81679 
1.01697 -0.24963 0.27747 7.92366 -13.78626 -25.69466 
1.00745 -0.23279 0.23511 9.76336 -12.31298 -22.94657 
1.01843 -0.18335 0.20508 8.79389 -10.52672 -14.01527 
0.96594 -0.17798 0.21399 9.93130 -4.31298 -3.69466 
0.94873 -0.24512 0.22083 12.13740 6.24427 6.10687 
0.96936 -0.29492 0.25464 26.91603 7.41221 2.33588 
0.94373 -0.21875 0.25842 38.90076 2.58015 -9.84733 
0.97266 -0.11633 0.19299 32.49618 -2.19847 -17.94657 
0.98438 -0.13281 0.22986 30.03053 3.51145 -28.33588 
1.06616 -0.03394 0.28809 19.61832 8.80916 -41.71756 
1.01978 -0.03113 0.38184 -38.94656 -12.20611 -47.74809 
0.92456 -0.10205 0.24634 -61.27481 -13.25954 -61.99237 
1.04016 -0.17480 0.15967 -60.58015 -32.33588 -64.81680 
1.11243 -0.18591 0.26025 -66.10687 -48.12214 -48.38168 
1.08899 -0.19177 0.25232 -72.48855 -43.94656 -28.83969 
1.04138 -0.23401 0.23206 -55.35115 -24.96947 -8.36641 
1.02563 -0.22583 0.23853 -29.73282 -2.87786 2.71756 
0.97852 -0.09448 0.21338 2.42748 24.78626 13.69466 
0.99048 -0.11511 0.15759 19.90076 34.65649 12.68702 
0.99780 -0.06128 0.15527 24.48855 29.80916 8.44275 
0.96021 -0.07019 0.14563 13.41221 15.65649 -3.16031 
0.93896 -0.10315 0.11597 16.77863 8.30534 -13.82443 
0.97461 -0.07336 0.13525 27.52672 5.93893 -18.15267 
1.03442 -0.06323 0.20837 31.22137 6.74809 -8.92366 
0.98169 -0.08923 0.21594 26.80916 6.06870 -2.19084 
0.93286 -0.11499 0.24548 12.61832 10.20611 -0.83206 
0.92163 -0.06653 0.23828 4.22901 20.87786 -4.36641 
0.96094 -0.02368 0.20422 4.88550 29.48855 -7.80153 
0.99866 -0.03174 0.18237 12.88550 22.41221 -5.39695 
0.98694 -0.12903 0.21350 12.52672 7.83969 -1.45038 
0.95374 -0.14380 0.26538 10.47328 -1.16794 3.24427 
0.91980 -0.10364 0.24780 11.60305 -4.99237 3.16031 
0.92737 -0.11853 0.23071 18.01527 -6.52672 -3.79389 
0.95203 -0.12964 0.29468 18.44275 1.22137 -2.83206 
0.93652 -0.12927 0.29358 14.71756 13.16031 4.70229 
0.90405 -0.11829 0.30798 11.28244 20.16031 8.22901 
0.86987 -0.11853 0.32104 3.67176 21.52672 8.38931 
0.83618 -0.13037 0.32813 -3.91603 23.33588 5.65649 
0.84021 -0.11890 0.29614 -7.45802 25.54198 -0.10687 
0.90295 -0.07983 0.29736 -3.24427 23.89313 -4.08397 
0.88892 -0.07642 0.29797 -3.38931 18.26718 -2.20611 
0.89453 -0.05945 0.31323 -6.93893 10.78626 -1.64122 
0.89746 -0.03821 0.29736 -9.62595 0.44275 -8.30534 
0.91235 -0.05554 0.29517 -12.63359 -5.09160 -13.15267 
0.94592 -0.05591 0.28711 -10.91603 -0.12214 -14.13740 
0.96045 -0.06140 0.25696 -5.50382 5.37405 -10.00000 
0.93909 -0.09424 0.27271 0.38931 4.67176 -6.31298 
0.95215 -0.07532 0.28149 -1.68702 0.29008 -8.09924 
0.99207 -0.09900 0.27881 -8.22137 -2.01527 -10.88550 
0.99207 -0.09839 0.21179 -8.39695 -4.23664 -15.65649 
1.05652 -0.03662 0.22998 -1.11450 -6.71756 -16.25954 
1.07312 -0.02856 0.27405 0.39695 -9.68702 -9.48855 
1.05249 -0.04541 0.29468 -1.70229 -4.26718 0.37405 
0.99683 -0.03296 0.28577 -2.38931 2.67939 6.79389 
0.93481 -0.03955 0.25671 -2.85496 1.25191 4.51908 
0.91809 -0.04944 0.25256 -2.77099 -4.73282 -0.83206 
0.92188 -0.06250 0.25500 -3.34351 -8.60305 -4.34351 
0.93665 -0.05615 0.26782 -0.88550 -7.59542 -4.67176 
0.94385 -0.05530 0.27979 1.31298 -5.95420 -3.56489 
0.95410 -0.06360 0.28235 -0.19847 -3.00000 -1.74809 
0.94824 -0.07104 0.28271 -2.29008 2.05344 1.00000 
0.94385 -0.07690 0.28503 -1.57252 6.90076 2.64122 
0.94238 -0.07568 0.28381 0.54962 8.90840 2.36641 
0.96277 -0.05835 0.27966 3.16794 5.43511 -1.82443 
0.98865 -0.05737 0.27100 5.35878 -0.58779 -4.98473 
1.00366 -0.06177 0.27075 3.22901 -6.69466 -4.84733 
1.00964 -0.04651 0.26892 0.52672 -8.25191 -3.47328 
1.00781 -0.03918 0.27942 -1.15267 -6.75573 -2.24427 
1.00769 -0.03870 0.29065 -3.26718 -2.23664 0.54962 
0.99219 -0.05920 0.28699 -4.54962 4.09924 3.63359 
0.97949 -0.06689 0.28601 -4.34351 6.61069 5.90076 
0.95618 -0.06506 0.27148 -3.92366 5.45038 5.09160 
0.95642 -0.05750 0.24707 -1.51908 -1.64122 0.92366 
0.96741 -0.06238 0.24658 0.67939 -6.60305 -0.16794 
0.97864 -0.05554 0.27588 1.64885 -6.45038 1.73282 
0.97058 -0.04102 0.28833 -0.67176 1.32824 4.80153 
0.96326 -0.04468 0.27515 -2.32824 5.92366 4.72519 
0.95679 -0.04724 0.25085 -3.48855 5.09924 3.31298 
0.95642 -0.04395 0.23840 -3.13740 0.42748 0.63359 
0.97681 -0.05127 0.24353 -1.12214 -6.31298 -1.58015 
0.99170 -0.04895 0.24890 1.38168 -7.29008 0.12977 
0.98474 -0.03870 0.26013 1.36641 -5.62595 2.93130 
0.97351 -0.04651 0.25623 -1.17557 -0.65649 4.24427 
0.96411 -0.05066 0.24670 -2.78626 3.16794 5.31298 
0.95764 -0.04761 0.24048 -1.22901 4.60305 4.60305 
0.96362 -0.05835 0.24988 0.31298 1.96947 3.62595 
0.97009 -0.05273 0.25610 1.36641 -1.00763 3.55725 
0.96240 -0.07397 0.26892 0.22137 -2.27481 3.96947 
0.96204 -0.06433 0.27039 -0.64122 0.07634 3.38168 
0.96985 -0.07312 0.26526 0.08397 2.96183 3.02290 
0.96204 -0.06970 0.26550 -0.05344 4.00763 3.75573 
0.95215 -0.06226 0.25708 -0.88550 2.80916 3.50382 
0.94897 -0.07007 0.25952 -1.40458 -0.35878 1.43511 
0.95313 -0.06470 0.25647 -1.68702 -1.51908 0.02290 
0.96313 -0.07495 0.25220 -0.92366 -1.95420 -0.93893 
0.96472 -0.06348 0.26062 -0.25954 -0.36641 -0.13740 
0.96814 -0.05566 0.26025 -1.18321 1.84733 0.42748 
0.96472 -0.05566 0.26025 0.05344 3.07634 0.93893 
0.96021 -0.05298 0.26257 0.61832 1.53435 1.44275 