0.06799 0.08142 0.91711 -12.07317 2.37805 30.12195 
0.07581 0.06287 0.88159 -14.93902 15.42683 11.34146 
0.06128 0.07202 0.91235 -7.80488 25.85366 -11.34146 
0.08142 0.06897 0.89258 18.29268 15.54878 26.09756 
0.06299 0.08533 0.90735 9.32927 3.47561 1.28049 
0.09058 0.08484 0.90845 31.40244 15.79268 28.90244 
0.07690 0.11072 0.92371 20.42683 0.00000 1.03659 
0.05127 0.07922 0.91724 -25.30488 16.15854 -2.50000 
0.07581 0.07544 0.89185 24.02439 17.31707 5.00000 
0.05908 0.06848 0.91443 -69.02439 71.76830 -13.35366 
0.02295 0.05933 0.92261 -40.73171 26.46342 17.62195 
0.03955 0.02026 0.84937 -35.48780 26.28049 -15.24390 
0.08484 0.05774 0.91553 4.87805 19.93902 11.52439 
0.07715 0.06360 0.91956 25.91463 25.18293 11.28049 
0.07898 0.07166 0.90540 41.28049 -3.90244 23.04878 
0.05579 0.08203 0.91455 31.34146 21.21951 10.54878 
0.04871 0.06519 0.93311 32.01220 61.15854 -7.56098 
0.04407 0.07471 0.94885 28.90244 76.46342 37.62195 
0.08142 0.08594 1.07788 -64.69512 43.04878 10.30488 
0.06750 0.08997 1.05823 54.57317 -15.36585 161.58537 
0.03003 0.06018 1.09778 -152.56097 -22.07317 191.58537 
0.06970 0.07532 0.89905 86.70732 -287.68292 171.09756 
0.05090 -0.06042 0.73450 33.53659 -183.78049 -37.50000 
0.22095 -0.07104 0.62756 -82.50000 32.98780 -19.51220 
0.16162 -0.02832 0.80530 -0.06098 -39.87805 50.12195 
0.18323 -0.09595 0.88708 -62.50000 111.95123 5.12195 
0.13232 -0.10535 0.83142 13.10976 9.81707 -12.68293 
0.16394 -0.09326 0.88965 21.21951 -33.78049 -39.87805 
0.15796 -0.05103 0.91699 -34.14634 35.06098 14.26829 
0.16772 -0.06091 0.89771 -44.14634 11.64634 7.92683 
0.15991 -0.07654 0.89099 -22.31707 -1.52439 11.46342 
0.16077 -0.10803 0.91223 -0.91463 0.60976 23.47561 
0.16479 -0.06555 0.83301 26.58537 -23.84146 -14.02439 
0.14001 -0.06470 0.69885 184.20732 -22.80488 -5.18293 
0.10217 -0.03979 0.60352 214.75610 130.12195 -82.92683 
0.07434 0.04517 0.95825 32.92683 345.18292 -185.42683 
0.05518 0.03809 1.04980 97.92683 241.70732 -194.14635 
0.09424 0.13745 1.25781 101.82927 -69.08537 -0.54878 
0.04663 0.08350 0.99939 38.17073 169.51219 -18.35366 
0.07239 0.10339 0.85767 -35.30488 10.54878 25.30488 
0.01733 0.09009 0.90051 -22.74390 -4.39024 47.80488 
0.01331 0.08740 0.89380 11.34146 1.82927 18.71951 
0.02014 0.09216 0.90076 10.85366 -4.51220 14.45122 
0.02454 0.09021 0.89612 -15.42683 3.96341 1.95122 
0.01599 0.09082 0.92407 -19.63415 19.26829 15.67073 
0.00745 0.09399 0.92041 -16.21951 14.93902 14.93902 
0.00806 0.08472 0.92175 7.43902 -4.26829 17.25610 
0.01587 0.10217 0.90735 -20.73171 26.40244 5.18293 
-0.00037 0.07129 0.95447 -32.86586 29.69512 16.82927 
0.01294 0.09094 0.92053 -45.42683 14.32927 25.97561 
0.02087 0.09534 0.95813 -113.29269 61.64634 52.92683 
0.03613 0.01770 0.95972 -146.76830 33.71951 52.80488 
0.00769 0.00879 0.94080 -132.43903 -23.59756 36.21951 
0.03467 -0.02466 0.93457 -88.35366 -76.76830 70.24390 
0.02954 -0.09326 0.94751 -78.65854 -25.18293 67.07317 
0.07971 -0.07275 0.97449 -118.10976 -64.26830 -1.46341 
0.08630 -0.03577 0.88513 -48.29268 -152.80489 21.76829 
0.07336 0.17310 0.86731 62.92683 -128.65854 27.19512 
0.10681 0.05994 0.82983 237.13416 -238.96342 147.68294 
0.16516 -0.13965 0.68225 69.39024 -56.70732 34.57317 
0.21069 -0.00671 0.76367 57.80488 39.81707 -42.98780 
0.18982 -0.02722 0.91248 26.76829 87.74390 16.70732 
0.17627 -0.03040 0.92163 27.19512 26.82927 14.57317 
0.19946 -0.00598 0.92004 -8.10976 28.29268 2.43902 
0.17090 -0.02161 0.90662 -32.43903 14.87805 14.51220 
0.19604 -0.00403 0.86633 -8.96342 4.32927 -13.23171 
0.16785 -0.02246 0.87256 51.03659 6.95122 4.26829 
0.19055 0.00476 0.85120 66.64634 38.90244 -9.69512 
0.14148 0.01196 0.87488 -16.64634 72.50000 -43.53659 
0.17175 0.02820 0.87256 -10.67073 81.34147 -34.87805 
0.11389 0.07190 0.88171 -24.57317 23.96342 -26.21951 
0.11267 -0.00745 0.84387 128.47562 79.08537 25.79268 
0.13135 0.08105 0.89185 47.07317 62.86586 -123.17074 
0.06860 0.10327 0.87231 -14.75610 144.87805 -99.51220 
-0.00940 0.07544 0.87708 55.18293 110.85366 -52.13415 
-0.00830 0.08923 0.96350 -40.48780 203.17073 31.64634 
-0.01990 0.01611 1.00049 -31.89025 4.08537 -14.69512 
0.01965 0.12732 0.95410 -48.90244 -133.90244 -77.86585 
0.03943 0.08862 1.05432 -13.90244 52.98780 4.20732 
0.00964 0.14185 0.85486 43.78049 -80.85366 35.91463 
0.07556 -0.08179 1.04016 -55.91463 -154.20732 -28.65854 
0.05273 0.07971 0.89514 10.36585 30.12195 -28.10976 
0.05957 0.02112 0.88062 14.08537 -154.57318 33.71951 
0.07593 0.08447 0.89905 151.89024 51.15854 3.47561 
0.09094 0.02502 0.89734 -22.43902 64.14634 -45.12195 
0.01086 0.02649 0.87463 19.20732 54.26830 -2.31707 
0.09985 0.04346 0.87488 -27.43903 -3.47561 -6.15854 
0.09326 0.08740 0.90613 44.26830 13.53659 32.68293 
0.05493 0.06299 0.94263 22.56098 38.96342 13.71951 
0.05103 0.03748 0.88806 -31.82927 -10.18293 3.35366 
0.05444 0.05481 0.90247 -20.67073 -27.56098 12.56098 
0.07507 0.03809 0.90369 -3.17073 8.90244 -0.79268 
0.07068 0.03259 0.91797 -42.07317 -48.65854 34.69512 
0.06091 0.03979 0.89600 -16.40244 -13.78049 20.97561 
0.05396 0.01172 0.92114 -34.75610 -10.48781 16.21951 
0.04651 0.01563 0.92200 -9.69512 31.34146 11.95122 
0.04321 0.02075 0.90247 6.15854 21.64634 25.48781 
0.05383 0.02197 0.88794 -28.10976 -20.91463 18.10976 
0.03052 0.02087 0.91370 10.91463 -7.74390 14.75610 
0.02576 0.02356 0.91870 -0.42683 7.37805 11.58537 
0.05750 0.02234 0.92847 6.34146 24.08537 14.93902 
0.05933 0.03125 0.92310 17.86585 25.85366 21.64634 
0.06433 0.03979 0.92786 7.37805 24.45122 15.36585 
0.05774 0.02246 0.92163 -2.74390 23.71951 19.69512 
0.07910 0.01367 0.89160 -1