771 2.25610 10.18293 12.68293 
0.01892 0.02515 0.90894 2.25610 9.45122 12.37805 
0.01929 0.02625 0.90930 2.98780 9.02439 12.56098 
0.01880 0.02808 0.91687 6.82927 7.62195 12.56098 
0.01965 0.03052 0.91382 2.31707 9.81707 12.31707 
0.01770 0.02759 0.91333 3.65854 9.26829 12.50000 
0.01941 0.02795 0.91113 2.98780 9.75610 12.25610 
0.02100 0.02612 0.91663 2.62195 9.57317 12.74390 
0.01709 0.02356 0.91418 2.13415 9.87805 12.50000 
0.01831 0.02844 0.91284 2.50000 9.45122 12.56098 
0.01843 0.02454 0.90906 2.98780 8.96342 12.56098 
0.02063 0.02600 0.91663 2.37805 8.96342 12.86585 
0.01892 0.02856 0.91418 2.80488 9.39024 12.37805 
0.01941 0.02637 0.91260 2.68293 9.75610 12.62195 
0.01782 0.02612 0.90955 3.35366 9.02439 12.56098 
0.02209 0.02747 0.91235 2.86585 9.81707 12.56098 
0.01892 0.02783 0.91626 3.17073 9.08537 12.43902 
0.01855 0.02673 0.91211 2.50000 9.63415 12.74390 
0.01978 0.02759 0.91272 2.56098 9.26829 12.19512 
0.01697 0.02747 0.91211 2.80488 9.51220 12.74390 
0.01819 0.02588 0.91504 2.80488 9.20732 13.04878 
0.02124 0.02576 0.91785 3.10976 9.69512 12.68293 
0.02136 0.02783 0.90930 2.68293 9.02439 12.37805 
0.01941 0.02734 0.91284 3.10976 8.90244 12.80488 
0.01868 0.02588 0.91223 2.56098 9.02439 12.86585 
0.01892 0.02710 0.91553 3.23171 9.63415 12.92683 
0.01758 0.02600 0.91541 2.56098 9.45122 12.92683 
0.01624 0.02661 0.91638 2.25610 9.51220 13.17073 
0.01868 0.02734 0.91541 2.68293 9.02439 12.68293 
0.01697 0.02612 0.91382 3.10976 8.90244 12.56098 
0.01929 0.02600 0.91284 2.80488 9.26829 12.37805 
0.01807 0.02710 0.91589 2.50000 9.75610 12.25610 
0.01550 0.02673 0.91626 2.68293 9.51220 12.13415 
0.01880 0.02380 0.91345 2.74390 9.39024 12.92683 
0.02173 0.02844 0.91174 2.50000 9.75610 12.92683 
0.06104 -0.11060 0.79517 -53.35366 -15.30488 -109.93903 
0.01660 0.02783 0.91382 3.17073 7.86585 12.62195 
0.01880 0.02832 0.91467 3.35366 9.57317 12.86585 
0.01929 0.02588 0.91016 3.53659 9.51220 12.92683 
0.01917 0.02576 0.91699 3.84146 8.96342 12.43902 
0.01611 0.02576 0.91614 3.29268 8.84146 12.62195 
0.02075 0.02771 0.91528 2.31707 9.39024 12.80488 
0.01843 0.02673 0.90930 2.07317 10.91463 12.86585 
0.01721 0.02954 0.91699 2.98780 9.20732 12.62195 
0.01904 0.02734 0.91150 2.92683 9.63415 12.19512 
0.01941 0.02661 0.91467 2.74390 9.51220 12.56098 
0.02014 0.03027 0.91064 2.37805 9.02439 12.98781 
0.01892 0.02563 0.91345 2.62195 9.63415 12.07317 
0.01538 0.02551 0.91479 2.98780 9.75610 12.86585 
0.01794 0.02734 0.90930 3.10976 9.14634 12.86585 
0.01941 0.02356 0.91638 2.80488 9.32927 12.43902 
0.01953 0.02649 0.91272 3.53659 9.02439 13.17073 
0.01953 0.02612 0.91150 3.35366 9.69512 12.37805 
0.01978 0.02991 0.91602 2.31707 9.39024 12.62195 
0.01941 0.02820 0.91467 3.84146 9.51220 13.04878 
0.01709 0.02808 0.91516 5.54878 10.30488 12.86585 
0.01636 0.02722 0.91992 4.69512 10.36585 12.43902 
0.01782 0.02808 0.91040 2.50000 9.57317 12.56098 
0.01917 0.02551 0.91492 -0.67073 8.47561 12.43902 
0.02002 0.02515 0.90930 5.60976 11.09756 12.19512 
0.01953 0.02747 0.90991 3.96341 10.48781 12.25610 
0.04626 0.19617 0.90906 3.78049 6.15854 -160.91464 
0.07703 0.23657 0.90259 2.86585 3.71951 -314.75610 
0.05457 0.36682 0.90625 -0.24390 4.45122 -152.01219 
0.02881 0.16724 0.90845 14.69512 17.56098 123.78049 
0.03857 0.16187 0.91028 8.35366 5.24390 -75.67073 
-0.00732 -0.01111 0.90771 4.39024 15.30488 205.18294 
-0.06799 0.00500 0.91687 5.73171 14.51220 83.78049 
0.01782 0.06116 0.91321 8.53659 12.68293 99.08537 
0.02429 -0.08923 0.91882 1.03659 5.73171 -150.00000 
0.06494 -0.05261 0.89355 -9.26829 5.67073 38.23171 
0.12061 -0.09473 0.91797 -5.85366 -5.18293 -573.35370 
0.01843 -0.10034 0.91333 2.37805 8.53659 -53.10976 
-0.00781 -0.07605 0.91772 3.29268 10.18293 73.78049 
0.00134 -0.03528 0.91504 2.62195 9.26829 14.08537 
0.01648 0.02039 0.91040 3.47561 10.24390 23.23171 
0.01782 0.02380 0.91406 3.71951 10.30488 30.48781 
0.02014 0.01880 0.91528 3.10976 10.54878 43.04878 
0.01831 0.02905 0.90979 2.68293 9.39024 20.36585 
0.01758 0.03003 0.91711 3.23171 9.57317 15.97561 
0.01794 0.02893 0.91455 2.13415 9.75610 12.62195 
0.01672 0.02759 0.91418 2.43902 9.57317 12.43902 
0.01672 0.03015 0.91345 2.74390 9.63415 12.74390 
0.01758 0.03113 0.91418 3.53659 9.93902 12.68293 
0.01685 0.02563 0.91199 2.74390 10.24390 12.68293 
0.01733 0.02698 0.91260 3.78049 10.12195 12.62195 
0.01660 0.03027 0.91284 2.86585 9.75610 12.86585 
0.01758 0.02966 0.91125 2.80488 9.69512 12.80488 
0.01648 0.03003 0.91211 2.80488 9.32927 12.62195 
0.01514 0.02856 0.90991 3.47561 9.81707 13.65854 
0.04285 -0.09973 0.91833 0.36585 12.19512 176.46342 
-0.02783 0.01831 0.90942 4.02439 11.70732 140.79268 
0.05322 -0.07996 0.92041 -1.46341 6.03659 -28.35366 
0.03015 0.00562 0.91748 4.87805 9.51220 -23.35366 
-0.02600 -0.05298 0.91882 3.04878 6.40244 -103.59756 
0.01685 -0.03918 0.91394 3.71951 8.10976 -24.87805 
-0.00903 0.01208 0.90491 2.74390 8.53659 -93.17073 
0.01392 -0.02173 0.91736 -4.08537 6.15854 -75.73171 
0.01331 -0.06909 0.92078 4.14634 5.97561 -166.46342 
0.04163 0.10181 0.89563 4.51220 7.92683 -15.91463 
0.02637 0.21399 0.90869 6.64634 10.73171 105.91463 
0.00732 0.01526 0.91357 1.58537 9.20732 -45.91463 
-0.00439 0.13477 0.91211 -1.64634 7.80488 -20.06098 
-0.00464 0.09363 0.90857 -1.70732 8.41463 55.67073 
0.00879 0.05481 0.91467 1.03659 8.17073 46.64634 
0.00500 -0.02112 0.90308 1.52439 7.74390 -84.32927 
0.01868 -0.01208 0.91150 4.69512 7.68293 -78.23171 
0.03662 0.13428 0.91016 1.52439 6.46341 -124.87805 
0.01672 0.09753 0.91565 2.68293 8.65854 -17.25610 
0.01270 0.10254 0.91235 3.90244 11.34146 81.95122 
0.00549 0.11328 0.90820 2.56098 9.69512 26.34146 
0.02307 -0.01343 0.91846 2.62195 11.15854 112.19512 
0.01794 0.06885 0.91064 4.08537 10.18293 34.08537 
0.00610 0.08105 0.90967 2.56098 9.51220 25.54878 
0.01746 0.02563 0.91272 2.07317 8.35366 13.04878 
0.02014 0.02722 0.91187 1.15854 8.29268 12.56098 
0.01880 0.02856 0.91492 0.48780 8.10976 12.25610 
0.01660 0.02551 0.91052 -4.69512 6.09756 13.35366 
0.02380 0.02124 0.91162 -36.40244 -6.52439 13.84146 
0.11023 -0.05920 0.93286 28.96342 19.20732 470.97562 
-0.05151 0.05701 0.92358 -151.21951 8.41463 436.21951 
-0.01331 0.00562 0.89758 -7.13415 9.32927 134.75610 
0.01636 -0.00159 0.91382 12.86585 10.79268 -22.98781 
0.02258 0.00183 0.91406 14.14634 9.32927 3.41463 
0.01855 -0.00391 0.91479 1.64634 10.18293 12.74390 
0.01770 -0.00134 0.91577 2.37805 9.57317 13.29268 
0.01672 0.00244 0.91577 6.21951 9.93902 12.92683 
0.01794 0.00110 0.91443 2.80488 9.32927 12.62195 
0.01892 0.00439 0.91406 3.65854 9.69512 12.98781 
0.01672 0.00256 0.91553 6.09756 9.39024 12.31707 
0.01697 0.00195 0.91003 0.06098 9.63415 13.10976 
0.01794 0.00317 0.91382 7.74390 9.81707 12.74390 
0.02039 0.00012 0.91443 0.30488 9.87805 12.37805 
0.01990 0.00476 0.91333 6.34146 9.14634 12.68293 
0.01953 -0.00098 0.91321 1.28049 9.32927 12.68293 
0.02039 0.00391 0.91333 5.67073 9.32927 13.04878 
0.01709 0.00171 0.91028 2.07317 9.32927 12.62195 
0.01819 0.00317 0.91687 4.63415 10.12195 12.86585 
0.01855 0.00146 0.91345 3.10976 9.39024 12.56098 
0.01733 0.00171 0.91418 3.78049 9.39024 13.04878 
0.01794 0.00220 0.91272 2.31707 9.57317 12.86585 
0.01965 0.00366 0.91528 3.96341 8.90244 12.01220 
0.01611 -0.00134 0.91101 3.23171 9.20732 12.86585 
0.01563 0.00317 0.91541 3.71951 9.81707 12.74390 
0.02026 0.00305 0.90906 3.04878 9.57317 12.92683 
0.01819 0.00293 0.91614 2.25610 9.32927 11.95122 
0.02075 0.00391 0.91711 5.30488 9.26829 12.13415 
0.01660 0.00061 0.90942 7.56098 9.51220 12.68293 
0.01831 0.00330 0.91138 -1.82927 9.26829 13.04878 
0.01892 0.00195 0.91528 5.06098 9.32927 12.80488 
0.01697 0.00098 0.91260 4.02439 9.39024 12.74390 
0.02051 0.00305 0.91040 2.25610 9.08537 12.86585 
0.02026 0.00635 0.90991 3.78049 10.12195 12.07317 
0.01978 0.00256 0.91760 3.59756 9.39024 12.56098 
0.01538 0.00146 0.91467 1.15854 9.02439 12.50000 
0.01929 -0.00146 0.90857 4.51220 9.32927 12.80488 
0.01563 0.02234 0.89648 11.95122 16.70732 12.25610 
0.01929 0.02820 0.91479 18.96342 10.91463 12.56098 
0.01672 0.02991 0.91772 8.84146 11.58537 12.43902 
0.01733 0.02979 0.91553 5.97561 10.54878 12.43902 
0.01672 0.03052 0.91687 -0.12195 9.02439 12.25610 
0.02307 0.03516 0.93823 -21.03659 1.21951 12.86585 
0.02283 0.01929 0.90710 -64.32927 7.50000 14.69512 
0.01660 0.01868 0.91235 12.25610 9.57317 16.70732 
0.01953 0.02185 0.91125 -2.31707 9.75610 13.84146 
0.01733 0.01831 0.91333 2.92683 9.39024 13.41463 
0.01892 0.01819 0.91443 1.95122 9.63415 13.41463 
0.01941 0.01843 0.91309 3.10976 9.51220 12.92683 
0.02002 0.02051 0.91492 2.68293 9.45122 13.65854 
0.01697 0.01831 0.91211 2.56098 9.02439 12.56098 
0.02185 0.02991 0.93042 52.13415 5.48780 -127.80488 
0.03845 0.01440 0.91309 -15.79268 10.24390 45.60976 
0.00171 0.04163 0.92102 8.84146 10.60976 -45.67073 
0.02795 0.02197 0.91223 -7.62195 3.29268 33.96342 
0.02002 0.02380 0.91040 12.19512 15.00000 12.68293 
0.02124 0.02454 0.91028 4.81707 10.60976 14.32927 
0.02002 0.02612 0.91345 3.59756 9.69512 12.80488 
0.01660 0.03162 0.91248 0.48780 7.80488 18.59756 
0.01868 0.02661 0.91003 1.46341 9.20732 12.01220 
0.01941 0.02551 0.91333 4.32927 10.54878 13.04878 
0.01660 0.02942 0.91797 2.01220 8.78049 11.89024 
0.04004 0.09875 0.90857 9.14634 11.70732 -70.18293 
0.01868 0.11365 0.91052 -1.82927 6.15854 -29.45122 
0.03528 0.08423 0.91504 4.75610 9.69512 -45.24390 
0.00378 0.05139 0.91089 0.00000 9.39024 6.76829 
0.02954 -0.00708 0.91309 4.20732 9.39024 -51.82927 
0.02649 0.01575 0.91589 2.62195 6.28049 -137.74391 
0.02539 0.07397 0.91064 0.91463 8.78049 -6.64634 
0.03918 0.06543 0.91052 -0.85366 8.65854 37.37805 
0.00854 0.02405 0.91199 2.86585 10.79268 61.82927 
0.01526 0.07532 0.91577 1.64634 9.87805 34.32927 
0.02112 0.04065 0.91309 1.64634 8.84146 10.24390 
0.02783 0.05212 0.91321 7.98780 13.17073 79.02439 
0.02551 0.02808 0.91309 6.70732 11.09756 38.47561 
0.02661 0.01611 0.91333 6.03659 10.97561 55.97561 
0.00757 -0.00281 0.91272 2.92683 9.14634 55.24390 
0.02271 0.00854 0.91272 2.43902 9.45122 42.13415 
0.00610 0.03210 0.91443 1.40244 10.06098 68.71951 
0.01611 0.04773 0.91284 -1.28049 11.64634 66.40244 
0.01868 0.00537 0.91321 0.91463 9.32927 -0.36585 
0.01306 0.07202 0.90735 5.73171 10.85366 44.39024 
0.01294 0.05444 0.91895 6.58537 13.96342 75.18293 
0.02124 0.03040 0.91272 10.60976 15.18293 122.86586 
0.02649 -0.00867 0.91272 7.07317 11.82927 36.46342 
0.01953 0.02600 0.91528 5.00000 8.78049 -27.07317 
0.00281 0.01941 0.91565 4.69512 9.57317 32.68293 
0.00720 0.04968 0.90857 2.01220 10.12195 29.69512 
0.02209 -0.00012 0.91760 2.50000 10.00000 29.93903 
0.00916 0.05042 0.90747 0.00000 6.76829 -27.43903 
0.00989 0.05042 0.91345 1.64634 9.08537 23.47561 
0.02625 -0.00867 0.91907 1.64634 9.26829 -21.03659 
0.02332 0.03040 0.91089 -0.06098 8.78049 6.52439 
0.02307 -0.00488 0.91772 2.13415 8.84146 -29.93903 
-0.00525 -0.00122 0.91724 3.47561 9.14634 -35.24390 
0.01514 -0.06653 0.91565 3.90244 9.26829 -20.67073 
-0.02026 0.00342 0.90808 5.06098 8.78049 -19.45122 
0.01697 0.02881 0.91418 2.43902 9.14634 -7.74390 
0.01611 0.00403 0.91296 1.52439 7.74390 6.58537 
0.02014 0.02979 0.91492 2.31707 8.78049 13.10976 
0.01672 0.02795 0.91235 1.34146 8.23171 12.37805 
0.01709 0.02942 0.91321 3.04878 9.57317 12.25610 
0.01746 0.02820 0.91052 2.07317 9.81707 12.68293 
0.01831 0.03076 0.91736 3.17073 10.00000 13.04878 
0.01721 0.03101 0.91602 1.76829 8.65854 12.98781 
0.01904 0.03015 0.91431 2.13415 8.84146 12.98781 
0.01978 0.02832 0.91492 5.06098 10.60976 12.68293 
0.01611 0.03125 0.91357 3.65854 9.75610 12.92683 
0.01709 0.02954 0.91516 3.04878 9.93902 12.25610 
0.01855 0.02881 0.91296 2.43902 9.14634 12.01220 
0.01672 0.03076 0.91272 4.93902 10.97561 12.43902 
0.01819 0.02734 0.91296 3.90244 10.30488 12.50000 
0.01917 0.03015 0.91211 3.35366 9.26829 12.37805 
0.01868 -0.10779 0.91394 14.32927 12.80488 58.47561 
0.01746 -0.03613 0.91382 9.39024 14.69512 167.80489 
0.02551 -0.02722 0.91357 5.30488 9.51220 10.24390 
0.04309 -0.03479 0.90918 4.81707 7.01220 -79.63415 
0.00305 -0.01782 0.91614 4.75610 7.25610 -59.14634 
0.01160 -0.02405 0.91235 -0.73171 6.15854 -67.68293 
0.01208 0.06445 0.91284 4.26829 8.35366 -27.56098 
0.01526 0.04663 0.91528 0.91463 7.80488 -17.25610 
0.01013 0.03369 0.91223 3.53659 10.24390 40.00000 
0.02124 0.01990 0.91443 0.36585 8.84146 -5.06098 
0.02515 0.06445 0.91553 -2.31707 7.50000 -26.76829 
0.04053 -0.02246 0.91492 3.53659 10.12195 6.95122 
0.01453 0.02356 0.91870 0.18293 6.64634 -99.87805 
0.02539 0.00879 0.91479 -5.00000 5.30488 -92.56097 
0.00317 0.01672 0.91235 4.39024 8.04878 -36.70732 
0.00659 0.06812 0.90991 5.06098 6.76829 -57.50000 
0.01941 0.02026 0.91614 2.43902 7.19512 -32.92683 
0.02283 0.01392 0.91309 6.09756 8.41463 -28.84146 
0.03662 0.04675 0.90869 1.82927 7.01220 -57.19512 
0.01563 0.04675 0.90991 -2.62195 7.92683 -24.69512 
0.02454 0.03674 0.90710 -3.90244 8.17073 -31.34146 
0.00452 0.05066 0.91516 -1.64634 6.82927 -66.95122 
0.00879 0.03418 0.91174 0.60976 8.35366 -22.19512 
0.01563 0.02979 0.91333 3.59756 8.84146 6.95122 
0.01233 0.01904 0.91174 5.48780 8.23171 -41.76830 
0.01599 0.04761 0.90979 -0.06098 7.98780 10.06098 
0.02515 0.02612 0.91284 4.08537 9.63415 39.26830 
0.01953 0.01538 0.91333 1.82927 8.23171 -38.59756 
0.03198 0.04626 0.91040 0.00000 7.80488 -8.53659 
0.01392 0.04443 0.91272 -0.42683 8.65854 -10.36585 
0.01184 0.07275 0.90955 3.04878 8.96342 -11.70732 
0.00989 0.02722 0.90857 0.60976 8.65854 16.28049 
0.01599 0.09790 0.91162 3.59756 9.87805 20.91463 
0.02307 -0.02759 0.91589 4.81707 10.48781 38.53659 
0.01489 0.01624 0.91528 5.36585 10.85366 41.70732 
0.02344 0.05078 0.91492 2.43902 8.17073 -12.68293 
0.01160 -0.01428 0.91199 9.08537 10.54878 6.52439 
0.01257 0.06531 0.91687 1.89024 9.63415 33.47561 
0.02185 0.04675 0.91028 3.23171 8.90244 -12.56098 
0.01660 0.06470 0.91003 4.87805 10.85366 54.08537 
0.02283 0.07043 0.91174 3.96341 9.63415 12.86585 
0.01721 0.03259 0.91309 5.48780 10.18293 13.17073 
0.01855 0.03003 0.91565 -0.36585 8.96342 13.10976 
0.01855 0.02515 0.91345 5.73171 10.18293 12.43902 
-0.02344 0.04053 0.89075 44.20732 13.71951 -25.54878 
0.01965 0.02527 0.91235 -6.21951 12.25610 172.56097 
0.01416 -0.03369 0.91772 -17.50000 11.28049 215.60976 
0.02209 0.06189 0.91187 -5.12195 15.42683 373.65854 
0.01282 0.07666 0.90906 2.56098 12.37805 119.08537 
0.01880 0.02747 0.91223 2.25610 8.90244 12.50000 
0.01831 0.02539 0.91589 2.56098 9.69512 12.80488 
0.01941 0.02734 0.91296 2.19512 9.69512 12.68293 
0.01917 0.02771 0.91479 2.43902 9.45122 12.68293 
0.01880 0.02808 0.91394 2.56098 9.51220 12.74390 
0.01746 0.02698 0.91797 2.80488 9.14634 12.31707 
0.02051 0.02734 0.91724 2.43902 9.69512 12.74390 
0.01624 0.02783 0.91223 2.31707 9.45122 13.10976 
0.02100 0.02454 0.91528 2.68293 9.26829 12.74390 
0.01855 0.02612 0.91077 2.01220 9.51220 12.31707 
0.01721 0.02637 0.91113 2.62195 9.45122 12.56098 
0.01941 0.02649 0.91162 2.56098 9.69512 12.68293 
0.02173 0.02441 0.91003 2.98780 9.02439 12.86585 
0.01782 0.02832 0.91296 2.80488 9.57317 12.74390 
0.01758 0.02625 0.90991 2.92683 9.26829 12.68293 
0.01819 0.02649 0.91467 2.13415 9.08537 12.98781 
0.02087 0.02673 0.91528 2.92683 9.87805 12.50000 
0.02002 0.02771 0.91394 2.86585 10.12195 12.56098 
0.01904 0.02795 0.91357 2.37805 9.14634 12.98781 
0.01672 0.02893 0.91064 2.86585 9.81707 12.37805 
0.02185 0.02930 0.91187 2.98780 9.63415 12.43902 
0.01868 0.02783 0.91260 2.74390 9.81707 12.86585 
0.01892 0.02771 0.91467 2.92683 9.93902 12.31707 
0.02136 0.02893 0.91272 2.62195 9.63415 12.25610 
0.02100 0.02808 0.91504 2.68293 9.39024 12.98781 
0.02148 0.02612 0.91138 3.23171 9.45122 12.50000 
0.01697 0.02478 0.90918 3.04878 9.08537 12.13415 
0.01697 0.03027 0.91052 2.92683 9.45122 12.68293 
0.01892 0.02405 0.91296 3.04878 9.75610 12.50000 
0.01892 0.02710 0.91248 2.86585 9.26829 12.43902 
0.02051 0.02856 0.91284 2.62195 9.63415 12.19512 
0.01819 0.02686 0.91101 2.56098 9.39024 13.04878 
0.01917 0.02979 0.91211 2.92683 9.45122 12.62195 
0.01892 0.02649 0.91345 2.98780 9.63415 12.92683 
0.01965 0.02808 0.90820 2.31707 8.96342 12.50000 
0.02161 0.02881 0.91382 2.31707 9.63415 12.31707 
0.02051 0.02600 0.91211 2.86585 9.75610 12.50000 
0.01953 0.02734 0.91516 2.62195 9.45122 12.56098 
0.01770 0.02722 0.91516 1.95122 9.81707 12.98781 
0.01978 0.02600 0.91187 3.29268 10.12195 12.43902 
0.01514 0.02551 0.91260 2.62195 9.32927 12.92683 
0.01709 0.02722 0.91272 2.37805 9.32927 12.98781 
0.02100 0.02698 0.90955 2.98780 10.06098 12.62195 
0.01904 0.02527 0.91504 2.80488 9.45122 12.50000 
0.01855 0.02576 0.91235 2.74390 9.45122 12.31707 
0.01709 0.02612 0.91113 2.25610 9.87805 12.50000 
0.01868 0.02551 0.90576 2.37805 9.69512 12.50000 
0.01953 0.02625 0.91235 2.56098 9.32927 12.74390 
0.02075 0.02710 0.91394 2.86585 9.75610 12.13415 
0.01855 0.02747 0.91370 1.89024 9.51220 12.80488 
0.02026 0.02686 0.91357 2.50000 9.26829 12.62195 
0.01929 0.02539 0.91443 2.98780 9.51220 12.86585 
0.01904 0.02698 0.91113 3.10976 9.75610 12.92683 
0.01843 0.02991 0.91138 2.62195 9.63415 12.80488 
0.01819 0.02539 0.91602 2.74390 9.57317 12.25610 
0.02087 0.03040 0.91760 2.62195 9.32927 12.19512 
0.02014 0.02673 0.91479 2.56098 9.57317 12.92683 
0.01990 0.02673 0.91321 2.43902 9.39024 12.68293 
0.01904 0.02747 0.91174 2.74390 9.20732 13.04878 
0.01831 0.02527 0.91162 2.98780 9.14634 12.43902 
0.02161 0.02710 0.91370 2.37805 9.32927 12.50000 
0.02087 0.02576 0.91309 2.74390 9.08537 12.50000 
0.01917 0.02954 0.91357 2.98780 8.90244 13.04878 
0.01770 0.02771 0.91296 2.56098 9.69512 13.35366 
0.01953 0.02954 0.91418 3.10976 9.26829 12.92683 
0.01794 0.03015 0.91382 2.92683 9.26829 12.25610 
0.01855 0.02856 0.91406 2.74390 9.57317 12.62195 
0.01807 0.02710 0.91040 2.50000 9.26829 12.62195 
0.01855 0.02551 0.91309 2.37805 8.90244 12.43902 
0.01965 0.02832 0.91443 2.56098 9.75610 12.80488 
0.02039 0.02625 0.91211 2.80488 9.14634 12.50000 
0.01965 0.02808 0.91357 2.74390 9.32927 13.23171 
0.01941 0.02795 0.91199 2.92683 9.20732 12.68293 
0.01868 0.02600 0.91382 2.50000 9.32927 13.23171 
0.01855 0.02588 0.91162 2.80488 9.63415 12.43902 
0.01746 0.02942 0.91394 2.37805 9.63415 12.80488 
0.01978 0.02625 0.91296 2.43902 9.39024 12.19512 
0.02014 0.02979 0.91394 3.23171 10.06098 12.74390 
0.01868 0.02466 0.91199 2.74390 8.96342 12.80488 
0.01660 0.0