0.01990 0.02747 0.91394 3.23171 9.63415 12.31707 
0.01721 0.03064 0.91150 3.10976 9.51220 12.56098 
0.01904 0.02820 0.90894 2.86585 9.45122 12.31707 
0.01831 0.02844 0.91064 2.74390 10.36585 12.31707 
0.02026 0.03174 0.90918 2.98780 9.51220 12.50000 
0.01819 0.02612 0.91174 2.56098 9.69512 12.80488 
0.01965 0.03210 0.91309 2.98780 9.57317 12.56098 
0.01855 0.02844 0.91174 3.04878 9.75610 12.50000 
0.01501 0.03015 0.90979 2.56098 10.00000 12.62195 
0.01990 0.03113 0.91382 3.29268 9.87805 12.74390 
0.01904 0.02930 0.90894 3.04878 9.45122 12.19512 
0.01843 0.03040 0.91296 3.29268 9.69512 12.74390 
0.01843 0.03040 0.91357 3.17073 10.18293 12.56098 
0.01831 0.03223 0.91211 2.86585 9.69512 12.62195 
0.02014 0.02954 0.90869 3.10976 9.75610 12.50000 
0.01929 0.03015 0.91296 3.35366 9.63415 12.62195 
0.01807 0.02759 0.90979 3.47561 9.32927 12.80488 
0.87622 0.02502 0.90125 2.37805 11.03659 -59.93903 
0.12659 -0.05811 0.91077 4.57317 11.95122 144.45122 
0.03271 -0.09424 0.91699 -0.97561 10.12195 123.41463 
-0.25720 0.15979 0.91687 1.82927 5.06098 -270.48782 
-0.23132 0.02417 0.91382 5.54878 14.45122 153.59756 
-0.00708 0.01331 0.91418 1.28049 7.07317 -64.26830 
0.01831 0.02832 0.91248 4.39024 10.36585 12.74390 
0.01904 0.03076 0.91309 3.90244 10.42683 12.01220 
0.01733 0.02722 0.91650 2.56098 9.08537 12.37805 
0.01990 0.02893 0.91516 1.40244 9.02439 12.56098 
0.02026 0.02917 0.91492 3.29268 10.48781 12.43902 
0.02014 0.02686 0.91199 0.18293 9.02439 12.19512 
-0.05847 0.04126 0.91418 3.65854 7.50000 -149.51219 
-0.21008 0.02295 0.91284 2.13415 8.41463 16.34146 
-0.22290 0.08374 0.90356 6.89024 5.73171 -81.34147 
0.13184 0.02844 0.91284 -1.28049 4.57317 -165.67073 
0.36353 0.03760 0.91077 -0.79268 6.70732 -31.28049 
0.02014 0.02490 0.91003 2.19512 8.59756 12.68293 
0.01624 0.02991 0.91150 1.82927 9.45122 12.68293 
0.02063 0.02795 0.90906 -1.70732 8.90244 12.56098 
0.02063 0.02820 0.91150 2.98780 9.93902 12.50000 
0.01709 0.03015 0.91443 2.74390 10.06098 12.68293 
0.02148 0.02734 0.91284 2.92683 9.69512 12.37805 
0.01770 0.03125 0.91199 2.68293 9.08537 12.50000 
0.01904 0.03027 0.90942 2.92683 9.51220 12.74390 
0.01941 0.03052 0.90784 2.86585 9.51220 12.62195 
0.01782 0.02820 0.91638 3.04878 9.69512 12.13415 
0.01941 0.03125 0.91077 3.47561 9.87805 12.25610 
0.01746 0.03003 0.91479 3.23171 9.51220 12.50000 
0.02087 0.02881 0.91528 2.86585 9.45122 12.74390 
0.01843 0.03174 0.91125 2.86585 9.51220 12.13415 
0.02100 0.02966 0.91638 2.68293 9.02439 12.68293 
0.01794 0.03076 0.91504 2.80488 9.51220 12.86585 
0.01880 0.02844 0.91321 3.71951 9.51220 12.62195 
0.01917 0.02820 0.91077 4.20732 9.51220 12.92683 
0.02197 0.02820 0.91260 3.41463 9.75610 14.08537 
0.02576 0.04517 0.91162 4.57317 11.34146 50.60976 
0.04456 0.02649 0.91431 3.96341 8.84146 17.62195 
0.07532 0.01855 0.91431 3.41463 10.00000 69.87805 
0.04883 -0.00452 0.91504 -0.06098 9.20732 66.52439 
0.04175 0.04028 0.90588 4.69512 10.91463 65.06097 
0.07275 0.01831 0.90906 3.90244 10.85366 57.80488 
0.05664 0.05713 0.91248 5.97561 11.70732 -0.97561 
0.01294 0.02881 0.90820 5.67073 12.92683 87.07317 
0.03064 0.03113 0.91064 2.98780 11.28049 78.41463 
-0.04224 0.05029 0.90527 0.54878 8.84146 -12.07317 
0.01953 0.05151 0.90759 0.60976 11.89024 145.42683 
0.05847 0.04041 0.91064 4.75610 14.45122 170.30489 
-0.05481 0.04199 0.90991 -0.54878 6.89024 -1.15854 
-0.01123 0.04004 0.91284 2.07317 9.14634 0.54878 
-0.01245 0.03381 0.91333 1.95122 8.65854 -3.04878 
0.01880 0.02747 0.91052 0.97561 8.47561 12.62195 
0.01892 0.03076 0.91687 2.13415 9.45122 12.43902 
0.01965 0.02930 0.90881 2.92683 9.69512 12.62195 
0.02014 0.02966 0.91443 2.86585 8.90244 12.56098 
0.02124 0.02881 0.91516 0.73171 8.41463 12.56098 
-0.00366 0.02588 0.91125 3.71951 9.51220 -3.59756 
0.02405 0.03345 0.91479 2.68293 9.39024 -1.09756 
0.01941 0.04016 0.91418 2.62195 9.08537 -16.09756 
-0.02417 0.03711 0.91309 3.35366 8.29268 -31.82927 
-0.01270 0.03613 0.91357 1.40244 7.13415 -28.90244 
-0.00269 0.04297 0.91248 1.95122 7.98780 -24.32927 
-0.01160 0.02124 0.91113 2.31707 8.71951 1.21951 
0.06018 0.02490 0.91052 1.52439 9.20732 39.69512 
0.01465 0.03357 0.91956 2.01220 8.41463 -12.01220 
0.03320 0.05176 0.91199 3.29268 7.92683 -49.08537 
0.06653 0.02441 0.91528 3.53659 10.60976 30.60976 
0.04309 0.04785 0.91089 2.37805 10.42683 -9.02439 
0.04346 0.00415 0.91028 -3.71951 10.54878 24.63415 
0.02686 0.01331 0.90247 5.79268 10.60976 45.67073 
0.05737 0.01563 0.91370 3.65854 10.18293 41.76830 
0.02002 0.03296 0.91724 4.39024 10.79268 12.80488 
0.01892 0.03186 0.91187 3.10976 9.81707 12.50000 
0.02197 0.02783 0.91321 3.10976 9.87805 12.50000 
0.01831 0.03088 0.91040 2.37805 8.90244 12.56098 
0.01831 0.03174 0.91541 2.98780 9.20732 12.56098 
0.01965 0.03064 0.91772 3.47561 9.45122 12.19512 
0.01685 0.02734 0.91602 2.74390 10.12195 12.74390 
0.01990 0.02795 0.91553 2.92683 9.14634 12.62195 
0.01624 0.03040 0.91394 2.86585 9.57317 12.50000 
0.01636 0.02795 0.91565 3.10976 8.84146 12.80488 
0.01538 0.03137 0.91589 3.04878 10.00000 12.50000 
0.01855 0.02832 0.91443 2.68293 9.69512 12.74390 
0.01904 0.02930 0.91016 3.41463 9.51220 12.31707 
0.02014 0.02808 0.91150 2.80488 9.32927 12.80488 
0.01709 0.03040 0.91211 3.04878 9.26829 12.25610 
0.02124 0.03076 0.91138 2.74390 9.63415 12.68293 
0.02075 0.03186 0.91187 2.92683 9.81707 12.68293 
0.01587 0.03333 0.91089 2.98780 9.26829 12.62195 
0.01978 0.02783 0.91553 3.10976 9.39024 12.50000 
0.02014 0.02893 0.91272 3.10976 10.54878 12.62195 
0.01733 0.03223 0.91223 2.62195 9.63415 12.37805 
0.01758 0.03064 0.91699 2.68293 9.51220 12.43902 
0.01758 0.03210 0.91064 3.04878 9.57317 12.62195 
0.01819 0.03003 0.91443 2.37805 9.87805 12.62195 
0.01648 0.03149 0.91089 2.80488 9.39024 12.43902 
0.01733 0.03088 0.91504 3.41463 9.51220 12.31707 
0.01892 0.03027 0.91614 2.80488 9.20732 12.43902 
