-0.03831 -0.02355 1.00139 -1.94733 -1.14363 -0.89572 
-0.03819 -0.02904 1.00493 -1.58092 -2.02912 -0.81939 
-0.02806 -0.03564 1.03277 -3.64199 -0.63981 0.19588 
-0.04356 -0.04650 1.03203 -2.72596 1.75714 1.62336 
-0.04869 -0.04980 1.02129 0.65572 0.99378 2.26458 
-0.04198 -0.04784 1.03289 2.28168 -0.76195 2.63100 
-0.02989 -0.05370 1.03997 -1.02367 2.41362 4.26458 
-0.04637 -0.05065 1.00542 -1.29848 4.83347 5.56229 
-0.04625 -0.04259 0.97576 0.01450 0.68080 6.06611 
-0.02843 -0.03490 0.97637 1.90000 -3.91462 5.19588 
-0.01219 -0.01952 0.97417 3.59465 -4.25813 4.92871 
-0.00731 -0.00561 0.96575 -1.03893 -3.25813 4.13481 
0.00514 -0.00951 0.99309 -6.26794 -1.04439 3.99741 
0.01222 -0.01183 1.00677 -5.47405 2.06248 3.79130 
-0.00816 -0.01439 1.00786 -6.44351 2.47469 2.18825 
-0.01890 -0.02196 1.00310 -5.16107 -0.92225 0.27985 
-0.01463 -0.01525 1.01177 -0.40535 -6.41080 -2.32320 
-0.00938 -0.00597 1.01092 1.13664 -6.30393 -2.69725 
-0.01329 -0.00170 1.01006 -2.47405 -0.86119 -0.84992 
-0.01256 -0.00854 1.01653 -5.00840 4.27622 0.97451 
-0.01622 -0.01122 1.00347 -5.43588 7.23042 1.31039 
-0.02232 -0.02294 1.00262 -5.76413 5.06248 -0.10183 
-0.02147 -0.03527 1.00884 -1.24504 0.24568 -1.45297 
-0.01427 -0.02941 1.00152 1.53358 -1.84592 -1.65908 
-0.00560 -0.01476 0.97637 -0.41298 -3.98332 -1.74305 
-0.00206 -0.01635 0.98333 -3.19924 -4.61691 -1.56748 
0.00820 -0.01647 0.99712 -2.98550 -1.33447 -0.68198 
0.00234 -0.01305 0.97686 -2.53512 0.92507 -1.07129 
-0.00279 -0.02953 0.99346 -4.32901 -0.64745 -2.39190 
-0.03660 -0.10119 1.06475 0.11374 -0.21996 -1.81939 
-0.06322 -0.08910 1.03081 11.06030 0.55103 -1.64381 
-0.04747 -0.01232 1.00115 1.12137 -2.08256 1.80657 
-0.03294 -0.07604 1.01836 -16.90153 0.81057 2.34092 
-0.04600 -0.07104 1.04473 2.73206 4.26095 3.83710 
-0.05052 -0.04442 1.02520 3.18244 4.50523 3.82184 
-0.02745 -0.04418 0.99981 -2.56565 1.41362 3.01268 
-0.00157 -0.02672 1.00872 4.36565 -1.60928 -0.03313 
-0.03880 -0.01366 0.96258 -6.10000 -3.34210 -1.00259 
-0.01109 -0.06103 1.01714 -9.73359 -3.95279 0.42489 
0.04921 -0.00793 1.03484 8.70916 0.69607 -1.02549 
0.05519 0.03944 0.97076 3.69389 1.48233 -4.94916 
-0.01207 -0.00951 0.97051 8.02213 0.18462 -7.01023 
-0.02464 -0.03649 0.99785 -9.58092 -3.18180 -5.94916 
-0.01695 -0.05785 1.01189 -2.03130 -2.37264 -4.94152 
-0.00999 -0.02502 0.99297 3.40381 1.10828 -4.62855 
-0.02476 -0.09447 1.02495 -1.67252 1.89454 -3.09419 
-0.03648 -0.11474 1.04510 13.03740 5.41362 -1.59801 
-0.07908 -0.08007 1.04656 13.83130 6.66553 3.18825 
-0.09324 -0.03307 0.97210 0.62519 5.63500 4.16535 
-0.07115 -0.07177 0.90276 -15.72596 -1.12836 2.31039 
-0.01524 -0.02294 0.92950 -13.22214 -11.12073 -1.17816 
0.01955 -0.01415 1.01739 -1.66489 -9.62454 -3.14000 
0.01589 -0.01806 0.98919 -14.47405 -8.70088 -4.00259 
0.00478 -0.09313 1.02996 -3.86336 -10.47951 -5.73542 
-0.00511 -0.02282 1.02886 26.85419 -6.89935 -5.99496 
-0.01402 0.00831 1.00811 2.37328 -4.98332 -2.78885 
-0.00011 -0.04552 0.97954 -4.49695 -5.42607 -3.38427 
-0.04515 -0.02440 1.09514 10.07557 -7.65508 -3.62091 
0.12148 -0.05968 0.97259 -14.97787 -6.81538 -6.60565 
-0.01634 0.02625 0.98760 -12.50458 -9.63218 -5.14000 
-0.04954 -0.10839 1.01556 -27.48932 -5.81538 -3.26213 
-0.06529 -0.13915 1.01836 -18.68779 -1.00622 0.72260 
-0.06553 -0.11095 0.97845 -5.39008 1.74187 5.27222 
-0.03673 -0.09289 1.00884 -2.72596 2.33729 8.07374 
0.03041 -0.02819 0.96355 -2.94733 -0.20470 5.31802 
0.06447 -0.04821 0.98699 -13.00077 -7.13599 0.39435 
0.01882 -0.06579 1.04302 9.67099 -4.74668 -1.41481 
0.06093 -0.02282 1.01385 29.47252 3.04721 1.21115 
0.01100 -0.02721 1.04571 18.77023 6.26859 2.76840 
-0.00914 -0.03210 1.01739 -1.86336 5.64263 2.68443 
-0.02440 -0.06237 0.96783 -3.35954 -3.20470 1.37145 
-0.00438 -0.07360 0.97332 11.84656 -7.67035 0.04321 
0.02724 -0.02685 1.02764 30.52595 1.67317 2.00504 
0.01869 -0.01903 1.01641 20.28168 8.03958 2.47832 
-0.00780 -0.02074 0.99554 8.09847 8.10828 2.73787 
0.00929 -0.02697 0.94036 15.29694 12.28385 3.54703 
0.04262 -0.00048 1.00616 10.82366 16.74950 4.18061 
-0.03538 -0.01403 1.01165 -15.01603 14.68080 5.40199 
-0.03551 -0.03869 0.98235 -11.40535 4.56630 6.05848 
0.07704 -0.00146 1.04302 2.36565 -5.04439 7.15008 
-0.01951 -0.02379 1.08343 -8.31374 -12.77722 15.13481 
-0.00584 -0.03222 0.99029 -12.64962 -22.54058 16.37145 
-0.02965 -0.05321 0.99346 14.35801 -31.70088 18.40962 
0.01955 -0.02428 0.99822 35.03740 -25.79248 19.12718 
0.09889 0.05201 1.17473 21.22824 -11.75432 13.84474 
0.08595 -0.02428 1.14764 -24.80993 14.42889 10.29512 
0.01711 -0.07689 0.93084 -36.97787 25.90981 7.43252 
-0.01048 -0.06249 0.93255 -7.08474 15.03958 3.55466 
-0.04259 -0.02282 0.96978 -1.48168 6.97851 1.63100 
-0.06785 -0.02160 0.96514 -5.38245 -4.62454 0.20352 
-0.01646 -0.04516 0.98662 0.57939 -9.56348 -1.08656 
0.02651 -0.03161 1.00042 2.18244 -3.79248 -3.86519 
0.01564 -0.02990 0.98272 -5.85573 2.49759 -3.72015 
-0.00731 -0.04394 0.95928 0.80839 1.20752 -0.32320 
0.00661 -0.03454 1.00945 8.84656 -1.43370 1.53939 
0.02565 -0.02453 1.06902 8.02213 4.43652 0.95161 
0.00575 -0.02294 1.02093 -8.19924 12.50523 -1.78885 
-0.00853 -0.03771 0.98162 -6.87863 6.19988 -2.48351 
-0.00609 -0.02001 0.99590 3.31221 -7.57874 0.50886 
-0.00999 -0.01610 1.01800 0.89236 -8.92225 2.72260 
-0.01366 -0.03039 1.00237 -6.58092 -1.36500 1.36382 
-0.00572 -0.03612 0.98601 -3.52748 5.03958 -0.79648 
0.00331 -0.03124 0.98418 3.87710 14.40599 -2.55221 
0.00356 -0.04430 0.99554 3.63282 22.71133 -3.94916 
-0.02403 -0.03490 0.96551 3.41145 33.08538 -4.68198 
-0.05015 -0.03429 0.95367 5.89236 34.98615 -4.12473 
-0.05284 -0.02648 1.01494 10.88473 40.48233 -3.84992 
-0.02012 -0.01183 1.05230 6.43435 54.03958 -5.20870 
-0.09569 -0.03576 0.97869 -9.87863 61.57393 -8.32320 
-0.13292 -0.04076 0.97332 -0.37481 52.37546 -8.65908 
-0.10997 -0.03661 1.03362 8.17481 55.53576 -7.95679 
-0.05101 -0.01745 1.04107 3.86183 85.67316 -6.94916 
-0.14366 -0.05309 0.93584 -8.16107 99.38309 -7.58274 
-0.25548 -0.02917 0.91534 12.51068 92.47469 -4.00259 
-0.23533 -0.04894 1.03765 29.29694 93.77240 -2.47587 
-0.16295 -0.01891 1.13116 25.96870 119.99377 -1.52931 
-0.35728 -0.02807 0.95586 -16.39008 125.51286 -1.45297 
-0.45714 0.00843 0.83770 -3.74886 113.31438 4.69206 
-0.38609 -0.07238 0.97014 22.82366 117.38309 5.08901 
-0.22301 -0.01806 1.14812 61.64809 155.78767 0.34855 
-0.46532 0.08143 1.03643 -9.05420 204.75714 -4.96442 
-0.59813 0.03614 0.73846 -46.96260 189.81058 -13.97206 
-0.60118 -0.01977 0.67742 1.54122 132.24570 -16.28503 
-0.65208 0.02052 0.90935 12.38091 83.45179 -10.66671 
-0.63389 -0.01964 0.90520 2.99923 67.45179 3.92871 
-0.42540 -0.03576 0.92132 13.82366 80.16171 19.37145 
-0.66734 -0.10119 0.95232 -3.07710 122.10828 29.91344 
-0.59642 0.02369 0.73516 -18.09237 181.16936 31.34855 
-0.69749 0.05348 0.52581 -31.96260 186.31439 9.24932 
-0.82091 -0.03490 0.49773 -19.86336 150.49760 -7.11710 
-0.87987 -0.02514 0.54595 39.38091 94.80293 -6.27740 
-0.82017 0.01661 0.61175 61.81603 77.90217 -0.40717 
-0.72191 -0.00841 0.70647 60.37328 105.19988 9.10428 
-0.70067 0.01039 0.69952 39.35801 162.78767 21.45542 
-0.76915 0.07069 0.51165 14.07557 186.95561 27.78367 
-0.97789 0.06556 0.25298 15.57175 175.76477 27.02794 
-0.94591 0.07960 0.26824 59.51832 164.08539 22.15771 
-0.87437 0.12428 0.34551 72.70916 170.54340 14.67680 
-0.92418 0.16029 0.28362 56.73969 180.45180 13.13481 
-0.77647 0.07130 0.22185 42.09847 178.35255 10.66153 
-0.97203 0.10108 0.22368 30.28168 160.26859 9.03558 
-0.94786 0.06935 0.08697 -16.87099 119.10065 -16.78885 
-0.95518 0.07618 0.04009 8.91526 55.03194 -27.53694 
-0.98533 0.09352 0.09368 19.30458 14.03194 -28.97969 
-0.93077 0.05946 0.13763 11.05267 -7.51767 -18.11709 
-0.94273 0.03248 0.16155 5.31221 -6.54821 -9.46824 
-0.98607 0.03443 0.16778 -11.18397 -3.41844 -9.72778 
-1.03990 0.05665 0.12871 -23.10764 -6.24286 -17.68198 
-1.02757 0.04823 0.12420 -21.72596 -7.53294 -21.33847 
-1.04051 0.06263 0.17754 -14.19924 5.00904 -17.22396 
-1.05711 0.12074 0.18865 -21.77939 25.85637 -12.39954 
-1.01012 0.08204 0.00274 -54.43588 33.61210 -16.15526 
-0.98558 0.02564 -0.03718 -12.66489 -0.86119 -10.81175 
-0.99632 0.08900 0.09356 4.09847 -23.71615 -3.79648 
-1.01146 0.03895 0.13653 -14.61145 -20.44897 -10.31557 
-0.96287 0.01051 0.07073 -6.36718 7.89454 -19.69725 
-0.95384 -0.01574 0.05547 9.18244 24.19988 -24.61328 
-0.93358 0.02198 0.15374 14.22824 35.84111 -21.71251 
-0.95946 0.00269 0.11590 -3.56565 40.24569 -11.23160 
-0.99730 -0.02282 0.03924 3.04504 34.44416 3.20352 
-1.00450 0.00611 0.05645 16.75496 24.42889 8.83710 
-1.00609 0.01722 0.09441 12.39618 11.38309 7.02031 
-1.00340 0.02577 0.09868 -1.13817 4.62736 2.37145 
-1.02904 0.01930 0.06609 -10.22977 1.96324 0.11191 
-1.03538 0.01563 0.03643 -7.84046 3.00141 -0.59801 
-1.00914 0.02040 0.03985 3.19771 6.07775 -4.72015 
-0.98216 0.04139 0.04143 1.05267 8.38309 -8.43771 
-0.97801 0.02918 0.02862 -6.75649 7.65026 -8.72015 
-0.98765 0.00575 0.01812 -3.54275 0.52049 -2.35374 
-0.99913 0.01771 0.04558 2.76259 -2.30393 3.61573 
-0.99779 0.01246 0.07110 -0.48168 3.73423 6.09665 
-0.99510 0.00697 0.04778 -3.77939 8.99378 3.18061 
-1.00230 0.00257 0.02520 -2.10000 6.41362 -2.17816 
-0.99547 0.02174 0.04339 0.80076 0.89454 -1.49877 
-1.00926 0.02052 0.04803 -1.35191 -0.04439 4.67680 
-1.00633 0.02040 0.04400 -0.80229 3.53576 8.24168 
-1.00596 0.03761 0.02654 0.22824 5.74187 5.97451 
-1.01182 0.02174 0.02825 0.46488 1.55103 -1.58274 
-1.00255 0.01734 0.04595 1.08320 -3.73141 -3.82702 
-0.98826 0.01759 0.06084 -2.50458 -4.02912 -0.43771 
-0.97984 0.00196 0.04095 -5.34428 0.69607 3.08138 
-0.98997 0.00636 0.02117 0.57175 4.74950 5.30275 
-1.00914 0.02686 0.02849 4.13664 4.16172 4.50886 
-1.01549 0.02699 0.05022 1.99160 2.06248 2.25695 
-1.00975 0.02430 0.05083 -4.70306 2.21515 0.93634 
-1.00194 0.01942 0.02215 -6.24504 2.78767 0.51649 
-1.00987 0.02210 0.00677 0.49542 1.12355 0.36382 
-0.99986 0.02064 0.02654 4.57175 -1.36500 -1.09419 
-1.00157 0.01673 0.05315 4.52595 -1.56348 -1.95679 
-0.99986 0.02076 0.06548 1.51832 2.79530 0.47832 
-0.99559 0.01576 0.04510 -3.24504 7.46706 2.40199 
-1.00218 0.02064 0.00432 -4.10764 9.13881 2.24168 
-0.99376 0.02455 0.01214 0.07557 5.72660 0.95924 
-0.99974 0.01978 0.03545 1.73969 3.84874 0.15771 
-1.00487 0.02918 0.03387 0.56412 3.95561 0.28748 
-1.00377 0.02784 0.03008 -0.13817 3.07775 -0.63618 
-1.00316 0.02711 0.03606 1.46488 3.05485 -0.07129 
-0.99974 0.03431 0.02105 -0.72596 5.03194 0.78367 
-0.99559 0.01917 0.00628 0.85420 7.53576 1.10428 
-0.99693 0.02467 -0.00459 3.43435 8.32202 0.60046 
-1.00413 0.02906 0.01153 5.64045 7.09301 -0.52931 
-1.00780 0.03895 0.01897 2.26641 4.06248 -2.00259 
-1.00975 0.01649 0.02898 -0.50458 2.17698 -2.78122 
-0.99083 0.01429 0.02276 -2.96260 6.42889 -2.01023 
-0.98997 0.01405 -0.00691 -2.16107 11.99378 -1.33847 
-0.99290 0.01661 -0.00984 4.87710 12.32202 -2.26213 
-0.99766 0.02052 0.01446 5.25114 7.00904 -3.75068 
-1.00645 0.02467 0.02154 -1.61145 0.66553 -3.50641 
-1.00548 0.01148 -0.00471 -5.18397 -1.58638 -1.91862 
-0.99229 0.01466 -0.01167 2.29694 -3.83065 -1.22397 
-0.98851 0.02101 0.00530 3.79313 -4.93752 -2.81939 
-0.98375 0.01905 0.01861 -1.51985 -2.18943 -2.18580 
-0.98912 0.01002 0.00738 -3.93206 1.74950 0.19588 
-1.00206 0.01124 -0.01521 -3.18397 3.26095 1.27222 
-1.01671 0.01771 -0.02155 0.48015 -1.34210 0.29512 
-1.03953 0.02113 -0.03352 4.18244 -18.88409 -4.26213 
-1.09068 0.01808 -0.01167 10.70916 -42.54821 -7.22397 
-1.12095 0.04493 0.02788 21.96870 -84.45661 -10.52168 
-1.03880 0.03309 0.04497 22.98397 -136.31157 -16.65145 
-0.98253 0.00868 0.05974 26.71679 -182.83829 -20.49114 
-0.89000 -0.00854 0.14727 19.81603 -243.63217 -19.40717 
-0.89744 -0.02965 0.32122 13.63282 -251.43370 -9.72778 
-0.89537 -0.05553 0.46319 17.71679 -251.43370 4.59283 
-0.81175 -0.04479 0.56035 14.32748 -247.47186 23.56993 
-0.70616 0.00672 0.54583 -0.48168 -205.72377 38.14244 
-0.70799 -0.03258 0.52679 -2.82519 -185.40317 44.05084 
-0.69090 0.01637 0.51934 4.65572 -188.60927 50.11954 
-0.81334 0.02674 0.72100 37.00687 -205.81538 58.03558 
-0.73680 0.07777 0.86883 33.24351 -208.28102 63.68443 
-0.61510 0.09437 0.90264 -18.04657 -195.92989 56.24932 
-0.52110 0.03980 0.84380 -20.87863 -187.00623 50.53939 
-0.47142 0.08436 0.84099 -1.27558 -188.83064 52.51649 
-0.44774 0.11585 0.86639 -21.28321 -200.01385 57.00504 
-0.49107 0.11805 0.88201 -44.50458 -214.31920 52.67680 
-0.32713 0.14198 0.79143 -52.22214 -231.66270 46.44016 
-0.37779 0.05311 0.93804 17.74733 -244.37263 44.98214 
-0.26597 0.17213 0.99541 41.15954 -235.56348 51.27222 
-0.29063 0.18299 1.04912 -1.45115 -207.07492 68.25695 
0.07961 0.17201 1.13531 0.41145 -150.96042 86.06611 
-0.08568 0.17311 1.07622 -32.61145 -117.73905 79.27222 
-0.17808 0.18507 0.92779 -74.46642 -102.73905 54.06611 
-0.17637 0.05177 0.93181 -69.90153 -104.62455 21.15008 
0.04799 0.06202 1.02837 -26.06947 -86.53294 -1.58274 
0.04872 0.05103 0.98296 -26.19924 -49.55584 -22.54458 
0.05824 0.05213 0.91643 -15.25268 -27.87645 -28.04076 
0.09755 0.02149 0.94475 13.75496 -11.60928 -28.33084 
0.13466 0.02003 1.02508 23.83893 1.53576 -24.17053 
0.12795 0.08021 1.06475 30.00687 5.50523 -22.68198 
0.03017 0.11329 1.04082 -2.81756 -9.05203 -23.47587 
0.03725 0.09144 1.03155 -26.48932 -24.09783 -19.79648 
0.15553 0.03004 1.00689 -39.74886 -21.04439 -12.88046 
0.19045 -0.01684 0.93743 -33.94733 -3.09019 -9.56748 
0.12111 -0.02697 0.91485 -8.73359 14.55103 -5.74305 
0.03371 0.04225 0.98723 11.86183 16.17698 -6.62091 
0.03761 0.06788 1.01238 4.17481 14.89454 -11.22397 
0.07106 0.02674 0.98626 -3.15344 14.60446 -16.33084 
0.08803 0.03187 0.99395 2.36565 15.15408 -16.53694 
0.06825 0.03968 1.01812 2.24351 15.68080 -13.24687 
0.04262 0.04225 1.00237 -6.17634 8.97851 -11.42244 
0.05824 0.04322 1.01494 -11.43588 3.16935 -10.14000 
0.07131 0.03053 1.00811 -9.11527 5.47469 -9.84229 
0.08388 0.01429 1.00103 -3.26794 8.10065 -11.83465 
0.09047 0.02284 0.99688 6.47252 6.13881 -12.27740 
0.08803 0.02223 1.01934 4.67099 1.00141 -8.66671 
0.07131 0.04127 1.02349 -8.11527 -3.16653 -1.41481 
0.05470 0.02162 0.99358 -13.80993 -1.92989 1.72260 
0.03627 0.01502 0.96136 -4.92443 1.76477 -1.25450 
0.04006 0.02442 0.97930 2.24351 2.97088 -7.34610 
0.04567 0.03431 0.99651 2.93053 3.76477 -11.77358 
0.04860 0.02271 0.99322 -3.29084 0.99378 -14.24687 
0.07033 0.03224 1.00774 -3.16107 -0.44134 -12.53694 
0.07778 0.02674 1.00225 -1.71069 3.45179 -5.84992 
0.06667 0.01759 1.00408 -0.27558 4.29912 -1.84229 
0.03066 0.01747 0.98882 -4.28321 -1.07493 -3.12473 
0.04140 0.02101 0.99712 -3.71069 -7.06729 -5.01023 
0.07472 0.01588 1.01385 -6.15344 -5.15890 -5.14000 
0.07887 0.01393 0.99871 -5.85573 1.98614 -3.79648 
0.06239 0.00416 0.98931 -2.51985 5.60446 -3.37664 
0.05238 0.02198 1.01165 -2.16107 1.62736 -4.52168 
0.05641 0.02711 1.01519 -5.80229 -2.18180 -4.51404 
0.07460 0.02137 1.00847 -7.41298 -0.90699 -2.78122 
0.07900 0.00416 0.98626 -6.98550 2.78004 -2.45297 
0.06447 0.00636 1.00542 2.29694 3.48233 -1.93389 
0.05202 0.02491 1.03045 3.41145 2.88691 -1.07893 
0.04433 0.00892 1.03252 -3.55038 1.79530 -1.46824 
0.03200 0.01368 0.99566 -7.53512 0.84110 -2.82702 
0.06020 0.00282 1.00286 -3.67252 0.47469 -4.40717 
0.07192 0.00599 1.01018 -1.64962 2.71133 -3.51404 
0.06337 0.00318 1.01421 -2.45878 2.88691 0.08901 
0.05251 0.00392 1.00847 -1.26031 1.36782 1.82947 
0.03261 0.00685 1.00139 -3.42825 -4.04439 -0.19343 
0.03945 0.00794 1.00335 -3.47405 -5.44134 -1.59038 
0.06117 0.00538 1.00054 -4.29848 0.07775 -2.79648 
0.06166 -0.00292 0.98907 -1.88626 4.75714 -3.16290 
0.04799 0.00465 0.98882 1.20534 0.47469 -3.10946 
0.05348 0.01295 1.00445 -2.39771 -4.35737 -1.65145 
0.05910 0.00794 0.99895 -7.39771 -5.03676 0.82184 
0.07387 -0.01378 0.99480 -0.15344 0.21515 1.60810 
0.04970 0.00697 1.00298 5.44198 4.38309 0.43252 
0.02797 0.00648 1.00738 2.87710 4.50523 -1.84992 
0.04140 0.00965 1.02141 -0.31374 0.83347 -4.17053 
0.06069 0.00404 1.01140 -4.74886 -0.83828 -3.78122 
0.06642 -0.00451 0.98968 -6.19161 0.77240 0.32565 
0.05751 -0.01513 0.98235 -0.74122 1.39836 2.89054 
0.04091 0.00538 1.02434 5.22061 1.74950 0.86764 
0.03517 0.00697 1.02288 0.67862 1.39072 -2.97206 
0.05617 0.00465 1.00310 -2.87100 -0.15890 -3.99496 
0.07424 -0.00451 0.99956 -2.00077 0.01668 -0.63618 
0.05495 0.00599 1.00359 -0.40535 2.76477 2.69206 
0.03212 -0.00255 0.99236 -2.91680 5.58920 2.62336 
0.02516 -0.00548 0.98907 0.02977 3.72660 -0.66671 
0.04567 0.00831 1.01153 1.36565 3.06248 -4.24687 
0.05617 0.00318 1.01604 -0.52748 5.02431 -3.66671 
0.05776 -0.00048 1.01214 -2.26031 7.16935 -1.52168 
0.04823 0.00355 1.00103 -4.17634 10.77240 0.88290 
0.02822 -0.00744 0.99163 -4.08474 12.92507 1.56229 
0.01479 -0.00561 0.99920 -3.45115 16.92507 -0.68198 
0.01467 0.00147 0.98882 -5.12290 23.54339 -2.10183 
-0.00230 -0.00316 0.97881 -3.96260 34.04721 -3.94152 
-0.01036 -0.01037 0.97210 -0.86336 40.67317 -5.84229 
0.00270 0.00282 0.99810 1.61755 51.38309 -7.07129 
-0.00474 -0.02489 1.02605 -1.00077 64.40599 -6.26213 
-0.05626 -0.02611 1.00078 -0.17634 74.68079 -5.54458 
-0.09971 -0.00988 1.01665 3.31984 71.56629 -8.45297 
-0.11546 -0.00707 1.03850 -4.02367 63.35256 -14.72778 
-0.10936 0.00062 1.03191 -13.29848 65.49759 -14.86519 
-0.11644 -0.02550 1.00616 -13.50458 74.52049 -11.74305 
-0.14403 -0.04015 0.99761 1.91526 82.30675 -7.91862 
-0.20164 -0.00927 1.02373 -0.00077 75.23804 -11.20870 
-0.22313 -0.00878 1.00249 -14.39008 62.01668 -13.70488 
-0.20738 -0.01415 0.91302 -20.88626 57.45943 -8.42244 
-0.22410 -0.04516 0.88006 -14.51222 57.41362 -1.65908 
-0.24888 -0.04320 0.96014 12.24351 63.87164 1.30275 
-0.28844 -0.00731 0.99065 2.28168 73.04721 -3.33084 
-0.31761 -0.03075 0.94329 -10.01603 72.50523 -3.94152 
-0.35728 -0.01464 0.87957 -3.09237 55.11591 -5.09419 
-0.35716 -0.02611 0.91216 2.48015 40.14645 -7.23923 
-0.31065 -0.03661 0.99151 5.29694 40.58156 -5.43771 
-0.31846 -0.03185 0.97454 0.20534 51.53576 -2.31557 
-0.38231 -0.03820 0.90166 -4.22214 52.10828 1.11191 
-0.41624 -0.03856 0.88348 3.57175 42.48233 0.82184 
-0.41929 -0.02086 0.93047 11.19007 34.61973 -1.62855 
-0.41148 -0.04027 0.95501 6.57175 40.32965 -2.18580 
-0.40831 -0.03918 0.94475 6.15191 54.94798 -2.07129 
-0.45164 -0.01806 0.89776 1.70916 53.88691 -4.17816 
-0.48949 -0.01452 0.85735 0.08320 35.21515 -6.70488 
-0.46983 -0.02489 0.91448 3.19771 23.36019 -3.44534 
-0.45103 -0.02868 0.93401 4.20534 31.66553 1.76840 
-0.47349 -0.03551 0.90056 1.64809 43.69607 0.87527 
-0.50889 -0.01916 0.87993 0.09847 41.37546 -2.88809 
-0.51353 -0.02428 0.88872 -3.29848 34.33729 -4.38427 
-0.49644 -0.03197 0.86443 -7.22214 33.50523 -2.92626 
-0.49657 -0.04564 0.82427 -0.09237 34.82584 0.47832 
-0.52464 -0.02514 0.84368 7.18244 34.65026 2.82184 
-0.54552 -0.02025 0.87676 6.15954 37.25332 3.98214 
-0.56981 -0.00390 0.84173 -1.58092 37.68843 1.98977 
-0.58018 -0.02086 0.80572 -2.28321 32.22279 -2.86519 
-0.57603 -0.02196 0.81536 3.42671 30.39072 -5.30030 
-0.55601 -0.04333 0.83465 6.27404 40.18462 -3.53694 
-0.55931 -0.02770 0.82171 10.76259 51.46706 -0.62855 
-0.61766 -0.01732 0.81597 9.08320 56.78004 -1.91862 
-0.62425 0.00355 0.77337 2.41145 53.39072 -4.39954 
-0.61229 -0.02685 0.73138 0.95343 45.15408 -4.06366 
-0.60972 -0.05688 0.76763 11.16717 43.80294 -0.32320 
-0.62303 -0.01842 0.81829 12.15954 52.71133 3.50886 
-0.66832 0.00477 0.76971 -4.05420 55.71897 1.95924 
-0.69285 -0.01769 0.72405 -9.15344 49.61210 -0.37664 
-0.70054 -0.01867 0.68804 -1.35954 41.71897 -2.76595 
-0.68724 -0.02990 0.70147 7.83129 42.35255 -3.10946 
-0.68468 -0.03600 0.76494 17.83130 51.52813 -0.39190 
-0.72178 0.00208 0.78667 9.67862 60.03194 1.82947 
-0.75560 0.01087 0.71612 -8.22214 65.65790 2.91344 
-0.76146 -0.00170 0.63824 -11.51985 61.58920 -0.65145 
-0.77183 -0.01830 0.62127 -1.28321 48.52813 -5.75832 
-0.77342 -0.00988 0.65056 6.44962 44.10828 -5.91099 
-0.75242 -0.02599 0.68548 5.49542 55.07011 -1.10183 
-0.74522 -0.02990 0.66350 -0.24504 69.93270 2.37909 
-0.80601 -0.02453 0.58343 -5.21451 74.63499 0.52413 
-0.85130 0.01893 0.56707 -3.61145 54.70370 -4.37664 
-0.87559 0.00648 0.56988 -11.84809 34.62737 -9.62855 
-0.82713 -0.01281 0.56743 -12.64199 21.61210 -11.20870 
-0.78721 -0.04394 0.56817 -13.72596 26.19988 -9.14763 
-0.78782 -0.06054 0.53960 -7.45115 40.90218 -1.23160 
-0.82884 -0.03307 0.52398 -2.30611 52.90218 5.75313 
-0.84837 -0.03039 0.51702 -1.29084 60.99378 8.27985 
-0.86803 -0.03039 0.52276 -0.68779 71.64263 7.01268 
-0.88695 -0.00658 0.49468 -5.48168 74.87164 1.90581 
-0.93211 -0.01891 0.45635 -10.24504 64.03957 -6.35374 
-0.91722 -0.01781 0.43535 -8.99313 52.48996 -9.59038 
-0.89476 -0.03271 0.44268 -2.56565 46.24569 -5.51404 
-0.87730 -0.04455 0.42168 -2.13817 52.24569 0.40199 
-0.89342 -0.03576 0.40545 -3.10000 55.35255 1.46306 
-0.90404 -0.03576 0.38714 -3.31374 54.74187 -0.30794 
-0.91832 -0.04552 0.39226 -5.77939 54.34492 -1.31557 
-0.91490 -0.04430 0.36724 -12.02367 58.42126 1.82947 
-0.91771 -0.03124 0.32513 -11.95496 61.91744 6.14245 
-0.91783 -0.04564 0.28167 -7.59619 62.00141 9.00504 
-0.94029 -0.04931 0.27569 1.55649 58.74187 10.80657 
-0.97471 -0.03185 0.31072 7.25878 54.55866 11.21115 
-1.00059 -0.01269 0.31023 -3.58855 52.32202 7.35619 
-0.98216 -0.01623 0.25677 -10.21451 50.73423 3.46306 
-0.96983 -0.03173 0.18438 -8.83283 44.03194 -1.49877 
-0.95921 -0.03466 0.19341 2.59465 38.26859 -0.33084 
-0.97435 -0.03075 0.23626 9.78549 38.65790 5.95161 
-0.99876 -0.01415 0.23235 6.06794 41.55103 8.04321 
-1.04161 0.00440 0.23272 1.55649 44.20752 3.92107 
-1.03160 0.00489 0.18621 -5.54275 45.55103 -2.79648 
-0.99779 -0.03332 0.13286 -0.43588 41.73423 -9.80412 
-0.98497 -0.01403 0.15032 6.13664 39.76477 -8.83465 
-0.97386 -0.03161 0.13592 2.43435 44.95561 -2.39190 
-0.96702 -0.04418 0.12249 4.06030 51.26095 1.53939 
-0.99718 -0.03502 0.12749 3.44962 59.40599 1.19588 
-1.02098 -0.00548 0.09038 -2.22214 61.05485 -2.77358 
-1.00938 -0.02233 0.05364 -6.00077 53.18462 -11.01023 
-0.98729 -0.03551 0.04815 -5.24504 45.14645 -15.38427 
-0.98241 -0.05236 0.04546 -3.39771 44.50523 -12.62091 
-0.95799 -0.04357 0.01446 -2.66489 45.67317 -6.92626 
-0.96788 -0.06017 0.02618 0.70152 43.11591 -2.88045 
-1.00291 -0.03307 0.02300 -5.03130 39.52050 2.05848 
-1.00865 -0.04491 -0.02070 -6.84809 34.43653 5.23405 
-0.99986 -0.04320 -0.03181 -1.19161 29.74950 6.66153 
-0.99669 -0.03380 -0.02522 1.78549 26.11591 9.32565 
-1.00889 -0.03307 -0.02937 0.96107 26.53576 12.18061 
-1.02391 -0.01330 -0.05268 -2.35954 29.20752 10.73787 
-1.02159 -0.03100 -0.07722 -5.13054 28.43652 2.17298 
-1.00462 -0.02709 -0.07417 -2.15344 24.07775 -8.52168 
-1.02293 -0.03271 -0.05232 -1.00077 18.14645 -9.84229 
-1.01646 -0.02843 -0.04560 -2.85573 16.84874 -4.08656 
-1.01976 -0.03124 -0.09333 -6.45878 18.55103 1.78367 
-0.99461 -0.04784 -0.12617 2.58702 17.03958 0.64626 
-0.97850 -0.04406 -0.09492 9.91526 13.18462 0.51649 
-0.98961 -0.04088 -0.06062 4.92290 9.21515 4.17298 
-1.01878 -0.02746 -0.07868 -0.76413 7.74950 7.73787 
-1.01720 -0.02685 -0.11018 -2.89390 4.68080 4.27222 
-1.00584 -0.03771 -0.11079 -0.07710 1.19225 -1.98732 
-0.98704 -0.02807 -0.09406 2.54122 -0.89172 -4.21633 
-0.97532 -0.02978 -0.08784 0.81603 -0.56348 -0.97206 
-0.98985 -0.02209 -0.09736 -1.13817 0.94797 4.75313 
-1.00743 -0.02123 -0.10493 -1.77176 1.17698 4.69970 
-1.00303 -0.03356 -0.10346 0.67099 1.36019 1.92107 
-0.99693 -0.03063 -0.10029 2.67099 1.84874 0.95924 
-1.00291 -0.01330 -0.09052 1.10610 0.76477 1.73787 
-1.00499 -0.01891 -0.09113 -3.71832 0.34492 3.40962 
-1.00657 -0.03112 -0.12007 -3.73359 1.64263 4.63863 
-1.00438 -0.02318 -0.12153 1.83129 3.13881 4.23405 
-1.01378 -0.01793 -0.10566 3.94580 5.85637 2.36382 
-0.99803 -0.02965 -0.10432 3.27404 4.94797 0.08138 
-1.00291 -0.02013 -0.09455 3.35038 0.88691 -0.88809 
-1.00206 -0.02184 -0.10761 -0.84809 -0.80775 0.10428 
-0.99754 -0.02856 -0.12068 0.73969 -3.67035 0.20352 
-0.99718 -0.03380 -0.09675 2.62519 -6.28103 -2.52931 
-0.98863 -0.02624 -0.10005 0.23587 -6.85355 -3.34610 
-0.98607 -0.02343 -0.10420 1.41908 -7.33447 -1.50641 
-0.98778 -0.02611 -0.09052 1.28168 -5.51004 -0.05603 
-0.99669 -0.03576 -0.08991 -0.33664 0.48996 1.41726 
-1.01036 -0.02550 -0.09687 1.60229 1.68080 1.26458 
-1.01195 -0.01757 -0.08894 1.93053 -1.38790 -0.43771 
-0.98887 -0.01281 -0.09968 -2.36718 -3.44134 -1.84992 
-0.99156 -0.01696 -0.09907 -2.93206 -2.80775 -0.62855 
-0.99119 -0.02648 -0.10444 -2.12290 1.97851 2.49359 
-1.00438 -0.02428 -0.11018 2.08320 3.93271 3.22642 
-1.00743 -0.02196 -0.09052 3.17481 1.66553 1.05848 
-1.00743 -0.01769 -0.09712 1.12137 -1.57874 0.04321 
-1.00450 -0.02367 -0.09455 0.12137 -6.83065 -1.23923 
-0.99376 -0.02270 -0.07942 -1.23741 -5.89935 -0.30794 
-0.99803 -0.03210 -0.10053 -2.45878 0.80294 1.63863 
-1.00145 -0.03918 -0.11445 3.94580 2.44416 1.40199 
-1.00011 -0.02050 -0.09712 7.19007 -1.75432 -0.36137 
-0.99156 -0.01720 -0.07539 3.76259 -7.67035 -0.74305 
-0.98961 -0.02868 -0.07685 -1.76413 -8.28867 0.20352 
-0.99058 -0.02099 -0.08625 -0.99313 -5.27340 2.36382 
-0.98936 -0.03075 -0.09480 -0.29084 -1.26577 2.31039 
-0.99937 -0.01793 -0.09236 2.52595 0.45179 1.11955 
-1.00059 -0.01720 -0.08698 2.31984 -0.02149 2.17298 
-0.99949 -0.01269 -0.08784 1.57175 -0.97569 2.95924 
-1.00120 -0.01415 -0.08845 -0.58092 -0.28103 2.87527 
-1.01012 -0.01513 -0.09626 0.09847 0.83347 2.90581 
-1.00523 -0.01501 -0.09028 1.61755 1.23042 2.19588 
-0.99791 -0.01501 -0.07746 1.82366 2.26859 1.89054 
-1.01219 -0.01903 -0.08955 -1.00077 3.16935 1.16535 
-1.00792 -0.01549 -0.09882 -0.55038 1.11591 0.69970 
-1.00194 -0.02453 -0.09321 2.21297 -2.61691 -0.00259 
-0.99998 -0.02001 -0.08674 3.25878 -5.37264 -0.18580 
-1.01134 -0.01439 -0.09150 4.29694 -12.20470 -0.69725 
-1.00999 -0.02416 -0.06049 5.35038 -18.44134 0.09664 
-1.00059 -0.02318 -0.07636 5.75496 -20.76195 0.55466 
-1.01024 -0.03014 -0.08479 7.99160 -26.65508 0.23405 
-1.01915 -0.00573 -0.08332 12.80076 -35.84592 -1.43007 
-1.02623 -0.02172 -0.04756 19.42671 -52.60164 -3.84229 
-1.00438 -0.01488 0.02862 17.14427 -64.70851 0.38672 
-0.96654 -0.02746 0.04241 6.66336 -63.12073 6.04321 
-0.96007 -0.02917 0.01104 -0.96260 -50.50241 12.17298 
-0.97288 -0.03136 0.01568 1.95343 -39.88409 13.98977 
-1.00694 -0.00085 0.02923 4.72442 -30.88409 12.24932 
-1.02037 0.00623 0.02813 3.47252 -30.10546 4.98214 
-1.01744 -0.00426 0.04436 6.02213 -36.09019 1.14245 
-1.01243 -0.00707 0.09429 11.01450 -45.67798 1.85237 
-1.01341 -0.00023 0.12310 8.38091 -48.87645 4.24932 
-1.00572 0.01869 0.12481 2.12900 -50.97569 6.79894 
-0.99486 -0.00927 0.11126 -0.51222 -53.06729 6.08138 
-0.97557 -0.00500 0.12200 7.62519 -57.44134 5.71497 
-0.97313 -0.00731 0.16912 9.29694 -59.64745 5.66153 
-1.00035 0.01917 0.21075 4.67862 -55.28103 8.59283 
-0.98094 0.02210 0.19768 -4.68016 -50.37263 8.16535 
-0.97948 0.01148 0.16228 -4.97023 -52.31157 4.44016 
-0.97679 0.01698 0.17815 4.38091 -57.68561 3.56229 
-0.96556 0.00843 0.24126 13.72442 -63.82302 5.69970 
-0.97691 0.03773 0.27703 6.35801 -69.95279 4.89817 
-0.99461 0.02491 0.30083 -0.71069 -77.77722 1.68443 
-0.94700 0.02918 0.34075 -7.13817 -83.26577 3.77603 
-0.90330 0.00794 0.33660 -14.16107 -77.55585 8.60810 
-0.89403 -0.01110 0.34466 -8.26031 -64.75432 15.66916 
-0.90831 0.00880 0.35833 -4.05420 -58.29630 18.13481 
-0.92418 0.03163 0.36431 -3.00840 -56.28103 14.21115 
-0.93309 0.03724 0.39544 -5.05420 -60.09782 7.63100 
-0.92088 0.03822 0.43255 -5.51222 -63.21233 2.15771 
-0.90001 0.02601 0.44952 -8.26031 -60.67035 -0.17053 
-0.87523 0.02162 0.44732 -7.84046 -56.80012 -1.04839 
-0.84752 0.00392 0.47137 -6.16871 -54.54821 -0.70488 
-0.84898 0.02271 0.49175 -6.96260 -53.76195 2.49359 
-0.89122 0.03871 0.51812 -9.70306 -55.05966 5.77603 
-0.87169 0.05323 0.52654 -12.14580 -57.94515 3.75313 
-0.85850 0.02101 0.51787 -10.74122 -62.21233 -0.49114 
-0.81334 0.01600 0.54693 -8.38245 -65.73905 -1.91099 
-0.78233 0.01087 0.57476 -10.16870 -63.58638 0.81420 
-0.78013 0.00196 0.58050 -10.03130 -59.31157 8.96687 
-0.78758 0.02247 0.58074 -5.45115 -58.82302 13.18825 
-0.82823 0.01600 0.61089 0.41908 -62.80775 10.92871 
-0.80076 0.04786 0.64080 1.78549 -64.57111 7.46306 
-0.75413 0.01039 0.63323 -5.42061 -64.97569 3.96687 
-0.74278 0.02528 0.64898 1.33511 -66.13599 5.79894 
-0.71678 0.04579 0.68816 -0.29084 -61.91462 10.33329 
-0.68724 0.02125 0.67278 -10.74886 -54.60928 13.61573 
-0.70506 -0.00146 0.66460 -4.97787 -56.48714 15.34855 
-0.74718 0.03871 0.73492 18.51832 -66.08257 17.46306 
-0.73143 0.10597 0.79204 13.90000 -71.97569 13.78367 
-0.67650 0.06959 0.80730 -14.95496 -71.52531 5.99741 
-0.63170 0.02760 0.75384 -26.57329 -68.67798 0.96687 
-0.60753 0.01808 0.74932 -21.58092 -67.81538 0.43252 
-0.59654 0.02186 0.80828 -13.73359 -63.40317 2.94397 
-0.60789 0.04005 0.80498 -16.06947 -59.03676 4.75313 
-0.62132 0.03761 0.79449 -17.14581 -59.18943 5.06611 
-0.59605 0.04444 0.78496 -15.58855 -63.76958 3.60046 
-0.53929 0.02284 0.82476 -10.93206 -67.96043 1.32565 
-0.53111 0.00892 0.89849 -7.32901 -61.97569 0.24932 
-0.54075 0.03858 0.91057 -8.74122 -52.31157 0.90581 
-0.51671 0.02003 0.85186 -19.03893 -45.86882 -2.33847 
-0.50291 -0.01049 0.83196 -12.47405 -47.89172 -5.30030 
-0.47191 0.00379 0.84868 3.17481 -52.41844 -5.60565 
-0.47337 0.03004 0.89178 1.66336 -56.23523 -5.35374 
-0.45262 -0.01952 0.92693 -4.21451 -57.31157 -2.99496 
-0.41490 0.00721 0.95708 -4.55802 -53.73905 -0.20870 
-0.41087 0.00160 0.92461 -18.40535 -53.86882 -0.59801 
-0.39696 -0.02587 0.86577 -20.02367 -65.34210 -1.18580 
-0.42967 -0.07006 0.87029 -13.35191 -84.52531 -4.30030 
-0.34715 0.00990 0.98846 3.26641 -87.18180 0.34092 
-0.37498 -0.05773 0.99993 -9.54275 -73.66271 0.43252 
-0.29735 -0.00109 1.01543 -10.03893 -59.30393 3.40199 
-0.32274 -0.07897 0.91985 -18.29084 -48.81538 0.21878 
-0.21483 0.00916 0.96197 0.36565 -45.35737 5.47832 
-0.30577 -0.03478 0.93853 -11.21451 -43.40317 3.55466 
-0.26536 -0.00255 0.93645 -5.31374 -43.96806 4.51649 
-0.26524 -0.02990 0.91814 -3.71832 -47.32683 2.98977 
-0.22740 -0.03673 0.96099 11.41145 -53.76958 0.30275 
-0.20836 -0.02636 0.99847 12.83130 -57.80012 -2.01023 
-0.18797 -0.03441 1.01702 4.95343 -59.49477 -2.07893 
-0.16417 -0.02990 1.02422 -4.68016 -58.71614 -1.68198 
-0.13719 -0.02978 0.98833 -12.76412 -60.19706 -1.65908 
-0.13060 -0.04918 0.95354 -9.68779 -71.67798 -1.23923 
-0.11326 -0.02831 1.02679 0.92290 -77.05202 -0.44534 
-0.06065 -0.07494 1.03741 -4.90916 -70.02149 -1.26977 
-0.04075 -0.02233 1.01665 -5.42825 -58.76195 0.15771 
-0.06236 -0.04467 0.98772 -5.77176 -52.46424 -0.10183 
-0.06590 -0.02306 1.02398 1.75496 -45.16653 -1.78885 
-0.04967 -0.02404 1.00957 -10.86336 -36.70088 -7.58274 
-0.00743 -0.03161 0.98797 -11.52748 -30.60164 -12.02549 
0.02297 -0.06371 0.96014 -2.76413 -23.24287 -13.65908 
0.02638 -0.04980 0.96465 3.99160 -24.60928 -10.56748 
0.00380 -0.04638 0.99590 7.96107 -30.15890 -7.43771 
-0.00426 -0.00146 1.03680 6.70152 -35.12836 -4.72778 
0.03163 -0.02038 1.04888 -2.95496 -33.83828 -4.45297 
0.06716 -0.04308 1.04595 -8.79466 -21.60164 -3.86519 
0.11891 -0.05272 0.99004 -8.24504 -5.86882 -1.82702 
0.10439 -0.07250 0.95550 2.00687 -0.07493 5.34855 
0.05507 -0.05065 0.97552 5.97633 -7.30393 10.78367 
0.01161 -0.03979 1.02618 1.92290 -19.26577 10.64626 
0.03102 -0.03014 1.05291 -3.90916 -20.54058 4.70733 
0.08302 -0.03124 0.99065 -8.58855 -10.76958 -2.52168 
0.10951 -0.05541 0.94890 -5.83283 -8.93752 -0.93389 
0.07118 -0.04296 0.98846 2.67862 -16.38790 9.12718 
0.04799 -0.02941 1.04449 0.86183 -18.21996 12.29512 
0.04640 -0.04845 1.00359 -4.51985 -11.57874 3.92871 
0.06410 -0.03991 0.98052 2.93053 -7.98332 -3.71252 
0.11928 -0.05028 1.01458 6.12900 1.17698 -6.33084 
0.12819 -0.06554 0.98980 6.48015 8.27622 -3.41481 
0.09267 -0.04772 1.01580 8.09084 2.81820 3.42489 
0.05129 -0.02929 1.01324 0.76259 -1.76195 5.02031 
0.06069 -0.03856 1.00030 -0.51222 -2.52531 0.50123 
0.07265 -0.04186 0.99273 2.27404 1.32202 -4.49114 
0.09279 -0.03515 0.98858 6.46488 6.02431 -6.05603 
0.09718 -0.03966 0.97979 6.86946 8.37546 -4.65908 
0.08803 -0.04650 0.99663 7.67862 7.36019 -2.65145 
0.08547 -0.03173 1.00347 6.25114 9.45179 -0.11710 
0.08363 -0.03356 0.96612 6.60992 13.54340 0.34092 
0.06288 -0.03966 0.96306 14.63282 14.46706 -1.04839 
0.05068 -0.01952 0.98638 23.54885 13.58156 -3.07893 
0.04555 -0.00109 1.03069 18.78549 14.18462 -6.78122 
0.05690 0.01686 1.00591 13.36565 17.03958 -7.26213 
0.05373 -0.01562 0.96368 13.96107 13.65026 -6.77358 
0.07228 -0.02135 0.98565 21.86946 8.87927 -6.70488 
0.07631 -0.00133 1.01824 23.88473 6.35255 -4.62091 
0.04250 0.01539 1.03423 14.69389 2.54339 -2.33847 
0.04335 0.01612 1.02801 5.88473 -2.60164 -1.33084 
0.06313 0.02064 1.00738 -1.30611 -6.85355 -0.04076 
0.07204 0.00575 0.98455 -5.99313 -6.22760 2.91344 
0.06313 0.00331 0.99358 5.52595 -2.11309 5.86000 
0.03200 0.02857 1.02044 12.76259 1.40599 5.83710 
0.01991 0.04566 1.05279 15.15191 6.47469 3.15008 
0.04872 0.09937 1.18548 -9.26794 9.64263 1.56229 
0.04250 0.02064 1.06255 -39.90916 8.98614 4.36382 
0.01894 -0.01110 0.97686 -28.88626 -4.05966 -0.07129 
0.03798 -0.00487 1.02410 -17.48932 -6.98332 -3.64381 
0.05812 -0.01488 1.00347 -17.42825 2.89454 -3.84229 
0.06447 -0.02111 0.99920 -14.45115 9.07011 -1.05603 
0.07668 -0.04015 1.00164 -20.64962 17.26859 2.39435 
0.06850 -0.04894 0.99236 -22.03893 14.86401 4.68443 
0.00942 -0.02416 1.02032 -21.15344 6.48996 2.55466 
-0.01622 -0.03942 0.99920 -18.73359 3.55866 -2.01023 
0.03322 -0.03893 0.98235 -7.00077 4.50523 -3.02549 
0.06484 -0.03368 1.04204 -8.08474 12.19225 -1.62091 
0.05898 -0.03905 1.01958 -29.19924 23.49759 1.76077 
-0.00816 -0.06066 0.98638 -32.89390 15.43652 0.67680 
-0.02452 -0.06200 0.96038 -24.07710 3.08538 -4.51404 
0.02748 -0.07836 0.93291 0.19771 -5.59401 -5.07893 
0.05165 -0.08422 0.95232 15.90763 0.67317 1.34855 
0.05983 -0.05175 1.00786 17.49542 12.46706 10.50122 
0.02968 -0.06237 1.01763 6.06030 14.00141 20.41726 
-0.01536 -0.07287 0.97967 6.41145 9.81820 24.17298 
-0.03233 -0.03185 1.01031 8.24351 6.01668 21.27985 
-0.01463 -0.05590 1.02276 6.98397 3.97851 19.68443 
0.00539 -0.05919 0.98919 8.72442 -3.19706 24.38672 
0.01344 -0.04699 0.97845 19.50305 -6.14363 23.97451 
0.01064 -0.02074 1.01079 17.68626 -0.65508 17.88291 
-0.10936 -0.04296 0.94793 29.67862 6.87164 6.27985 
-0.06114 -0.02843 0.98565 49.34275 21.61973 -24.05603 
0.01003 -0.04943 0.95415 73.09084 32.13118 -38.67435 
0.00978 0.01649 0.97869 82.44962 40.03958 -44.30794 
-0.02989 0.11500 1.04876 46.94580 38.21515 -37.31557 
-0.05577 0.07252 1.01275 8.75496 17.81820 -19.52168 
-0.05992 0.06471 1.06536 -9.90153 -11.38790 0.30275 
-0.05345 0.06996 1.07122 -11.91680 -12.70851 0.92107 
-0.04527 0.05506 0.97539 -36.12290 -13.32683 -7.47587 
-0.03941 0.02418 1.00213 -39.40535 -23.28103 -9.19343 
-0.03367 0.00331 1.02471 -39.97787 -22.04439 -9.32320 
-0.00450 0.00428 0.99981 -35.19924 -11.11309 -6.85755 
-0.01927 -0.02257 0.99859 -23.05420 -7.00622 -3.70488 
0.03505 -0.07995 0.99309 -10.55038 -8.67035 -3.22397 
-0.03221 -0.06042 1.02386 -12.07710 -18.18943 -3.33847 
-0.02855 -0.01696 1.02361 -9.62672 -19.02149 -3.47587 
-0.03868 -0.02416 1.01543 -16.70306 -17.70088 -2.65145 
0.00307 -0.02770 1.03863 -15.02367 -11.02149 -2.57511 
0.01723 -0.04906 1.02679 -16.32901 -1.46424 -1.38427 
0.01137 -0.05614 0.99029 -9.32901 4.33729 2.26458 
-0.01585 -0.04943 1.01482 -4.22977 2.68843 2.96687 
-0.03270 -0.05236 1.01201 -4.30611 0.58920 2.50122 
-0.01378 -0.04967 0.95513 -10.49695 -4.62454 1.69206 
0.06960 -0.08556 1.02654 6.78549 -8.92225 -4.91099 
0.00295 -0.04882 1.02532 17.32748 -6.65508 -3.67435 
0.00258 -0.03832 0.99749 12.00687 -2.04439 -0.70488 
0.01381 -0.02074 0.99590 9.58702 2.82584 1.40962 
0.01332 -0.03319 1.01531 9.57175 8.26095 3.37145 
0.01442 -0.00500 0.95733 12.51832 9.75714 2.15771 
0.01845 0.00721 0.93999 10.68626 1.88691 5.50886 
-0.02769 -0.03197 0.97405 -3.86336 -4.70088 1.32565 
-0.02672 -0.02233 1.00725 -3.72596 -3.83828 2.85237 
0.00636 -0.02160 0.98015 -4.40535 -1.82302 2.81420 
-0.00169 -0.04064 0.99016 -14.51222 -5.70851 2.03558 
0.00075 -0.02794 0.97295 6.69389 -6.07493 0.86000 
0.00124 -0.02770 0.96258 4.86183 -8.12073 2.49359 
0.01564 -0.05016 1.05840 -3.87863 -7.31157 2.58519 
0.04360 -0.05602 1.06988 -2.07710 0.36782 3.39435 
0.01991 -0.03087 1.03423 -0.95496 9.03194 7.40962 
0.00807 -0.02672 1.01519 -2.19924 9.57393 8.62336 
0.01491 -0.02099 0.99956 -2.51222 5.12355 7.60810 
0.02895 -0.01684 1.00713 0.70152 -1.02912 2.74550 
0.03627 -0.02379 1.03594 2.52595 -2.24287 0.72260 
0.02260 -0.02550 1.05071 6.60992 1.35255 0.58519 
-0.00059 0.00831 0.98455 6.20534 1.82584 1.05848 
-0.01500 0.01698 0.94805 -0.85573 -2.80012 -0.39954 
0.02736 -0.01037 0.98418 -0.95496 -6.86119 -1.70488 
0.06093 -0.00976 1.01263 3.56412 -3.18180 -2.23923 
0.04115 -0.02111 1.00286 1.16717 0.81820 -3.68198 
-0.02098 -0.03722 0.97430 -2.30611 1.98614 -3.05603 
-0.04893 -0.04503 0.96990 -9.28321 -1.76958 0.55466 
-0.01048 -0.07287 1.01763 -10.20687 -1.74668 4.12718 
0.02162 -0.04809 1.00957 0.08320 2.52049 6.28748 
0.02455 -0.01427 0.97967 -1.10764 1.22278 3.42489 
0.02028 -0.03954 0.99908 -3.59619 -4.43370 -1.84992 
0.01393 -0.02392 1.01238 1.60992 -4.20470 -2.67435 
0.02187 -0.03173 1.00786 -0.12290 0.79530 -0.78885 
0.00783 -0.03319 1.01458 -3.48168 2.59683 2.90581 
0.00685 -0.03051 1.00847 1.64046 1.81057 1.77603 
0.01149 -0.02233 1.01214 2.77786 -1.21233 -0.14763 
0.03017 -0.01439 0.98772 1.95343 -2.01386 -2.50641 
0.02553 -0.00915 0.98955 -1.12290 -2.02149 -2.98732 
0.01674 -0.02990 1.00725 -3.89390 -2.76195 -3.40717 
0.01442 -0.04052 1.01702 -1.13054 -3.19706 -3.94916 
0.02016 -0.02758 0.99358 3.38091 -2.00622 -3.71252 
0.02638 -0.01879 0.99663 4.71679 0.04721 -2.39954 
0.00795 -0.02294 0.99102 2.73206 0.26095 -2.07893 
-0.00023 -0.02563 0.99627 2.42671 -2.96806 -3.17053 
0.01454 -0.02868 1.00066 4.91526 -6.12073 -3.84992 
0.03627 -0.02184 1.01800 7.09847 -6.63981 -4.94916 
0.03151 -0.01745 1.01726 3.59465 -3.90699 -4.52931 
0.01564 -0.02184 1.01153 -0.82519 -0.61691 -2.77358 
0.01979 -0.03148 1.01385 -2.35954 1.05484 -0.15526 
0.04286 -0.04186 1.00042 -3.74122 2.25332 0.16535 
0.03566 -0.04186 1.00982 -1.22977 2.12355 -2.00259 
0.01198 -0.04345 1.00493 0.89236 2.03958 -2.48351 
-0.00120 -0.03808 1.00359 -2.44351 1.91744 -1.90336 
0.01833 -0.04589 1.00628 -4.32138 1.58156 0.21115 
0.02284 -0.04601 1.01031 -4.44351 1.47469 0.05084 
0.00551 -0.04564 0.99285 -3.83283 0.13881 -0.84229 
-0.01158 -0.04418 0.99395 -2.07710 -2.13599 -0.72015 
0.02236 -0.04015 1.00347 0.06030 -3.13599 0.31802 
0.03566 -0.04272 1.01861 -1.42061 -1.18943 0.93634 
0.02870 -0.03551 1.01104 -1.51222 2.53576 1.83710 
0.00563 -0.02770 0.98443 -4.47405 3.43652 2.73787 
0.01198 -0.02575 0.98467 -4.64199 0.74187 1.29512 
0.01589 -0.03307 0.98931 -0.80993 -3.08256 -0.55984 
0.01430 -0.02038 0.98601 2.27404 -4.44134 -0.56748 
0.03273 -0.02270 0.99969 -2.19161 -3.36500 0.71497 
0.03481 -0.03246 1.00555 -6.16871 -1.50241 0.78367 
0.01943 -0.04223 0.99615 -3.96260 -2.51004 -1.09419 
0.00978 -0.04003 1.00274 0.37328 -3.55584 -1.52168 
0.02150 -0.03429 1.00774 -0.03893 -1.49477 1.31802 
0.02895 -0.03039 1.00701 -3.20687 0.47469 2.91344 
0.03810 -0.04149 1.01201 -5.14580 0.44416 2.53939 
0.03810 -0.03783 1.01446 -4.15344 -1.05203 0.68443 
0.03224 -0.04247 1.01348 -1.07710 -2.17416 -1.13236 
0.02590 -0.03991 1.01031 2.21297 -1.45661 -1.63618 
0.01894 -0.03893 1.01104 0.96870 -0.42607 -0.59801 
0.02260 -0.05260 1.02434 -3.04657 -0.05966 -0.83465 
0.01576 -0.05773 1.01348 -2.45878 0.48996 -0.83465 
0.00453 -0.04931 1.01067 0.06794 1.21515 0.50123 
0.02150 -0.05150 1.01604 0.22061 2.27622 1.69970 
0.02529 -0.04784 1.01165 0.02213 4.33729 2.15771 
0.02382 -0.03844 1.00371 -0.61909 4.49759 1.73023 
0.02004 -0.04284 0.99590 -3.07710 3.22278 0.76840 
0.02382 -0.04552 0.99956 -1.13817 1.09301 0.29512 
0.03017 -0.04113 1.00213 0.30458 0.12355 0.40199 
0.03237 -0.04284 1.00066 0.10610 -0.32683 -0.42244 
0.02980 -0.04076 0.99309 1.23587 -0.33447 -1.06366 
0.02321 -0.03478 0.99065 2.00687 0.71897 -0.49877 
0.02651 -0.03429 0.99053 -0.51985 1.79530 0.51649 
0.02101 -0.04406 0.99334 -3.58855 1.88691 0.95161 
0.01821 -0.05517 0.99993 -2.59619 0.66553 0.54703 
0.01930 -0.05285 0.99969 -0.50458 -0.38790 0.24932 
0.01344 -0.05321 1.00884 1.48015 -0.85355 0.91344 
0.02663 -0.04931 1.00957 1.67862 -0.96042 1.21115 
0.03066 -0.03564 1.01031 -0.19924 -1.52531 -0.64381 
0.02419 -0.04296 1.01165 -1.17634 -1.96806 -2.65908 
0.01259 -0.04333 1.01995 -1.03130 -0.56348 -1.75068 
0.01259 -0.04259 1.01250 -0.26031 1.87164 0.06611 
0.01027 -0.03918 1.00530 -0.10000 3.30675 2.11191 
0.01405 -0.03246 1.00445 -0.03130 3.01668 1.69206 
0.01564 -0.03649 1.00493 -2.93206 1.39072 0.20352 
0.02175 -0.05187 1.00933 -0.45878 -0.73141 -1.61328 
0.02468 -0.04552 0.99639 1.64809 -1.18943 -2.10946 
0.01991 -0.04320 0.99273 -0.71832 0.09301 -1.35374 
0.01027 -0.05126 1.00249 -0.64962 2.45942 