-0.04722 0.08766 1.01556 -1.24504 -2.07493 0.64626 
-0.07054 0.08082 0.99981 -0.68016 1.04721 -0.49114 
-0.08970 0.06178 0.98125 0.02213 1.26859 -0.11710 
-0.08262 0.04957 0.99847 -4.09237 0.12355 2.27985 
-0.07506 0.05982 1.02044 -3.38245 0.42889 3.14245 
-0.06798 0.06324 1.01800 -0.44351 2.35255 2.57756 
-0.06468 0.05592 1.00286 0.29694 3.53576 2.44016 
-0.06248 0.05726 0.99224 1.29694 2.69607 2.02031 
-0.07005 0.06776 1.00518 -1.29848 1.33729 1.65390 
-0.07213 0.07069 1.01189 -0.26794 0.99378 1.17298 
-0.08555 0.07777 1.00213 2.10610 2.51286 0.90581 
-0.08824 0.08094 0.97344 4.40381 4.07775 2.63863 
-0.08409 0.06849 0.96807 0.69389 3.18462 3.64626 
-0.08226 0.08045 1.00152 -2.59619 -0.83065 4.86000 
-0.05723 0.08680 1.03728 -0.76413 0.01668 4.60046 
-0.05369 0.09217 1.04070 0.59465 5.78004 2.90581 
-0.04881 0.06983 1.00750 1.70152 9.11591 -0.08656 
-0.04429 0.04286 0.99505 2.14427 7.62736 -2.55221 
-0.04332 0.03407 0.98174 -0.48932 7.46706 -4.06366 
-0.06505 0.04884 0.99090 -1.48932 8.24568 -3.62091 
-0.10252 0.06141 0.98089 1.37328 7.58156 -2.28503 
-0.10521 0.07874 0.94048 4.58702 3.58156 -0.76595 
-0.08580 0.10194 0.94048 -0.61145 -2.51004 -1.03313 
-0.05064 0.06715 1.00738 -4.80229 -6.42607 -4.23160 
-0.04198 0.05042 1.04949 -2.71069 -3.09019 -5.01786 
-0.05125 0.06544 1.02849 0.53358 3.53576 -6.14763 
-0.07335 0.08668 0.98931 3.57175 4.68080 -7.04839 
-0.11351 0.07105 0.96294 -1.22977 2.30675 -8.55984 
-0.13158 0.04798 0.97527 -2.02367 0.27622 -7.11710 
-0.12474 0.04237 0.98077 -2.10764 0.16935 -3.33084 
-0.11888 0.06227 0.97283 -2.03130 -1.25050 -1.04076 
-0.10325 0.08058 0.96831 -3.42061 -5.22760 -0.11710 
-0.09227 0.07252 0.98186 -5.48932 -6.70088 -0.38427 
-0.08275 0.05836 1.02544 -5.01603 -3.87645 -0.48351 
-0.09776 0.04884 1.02740 -2.34428 -0.57111 0.11191 
-0.09849 0.04701 0.99798 0.92290 -0.37264 0.28748 
-0.09178 0.05274 0.97832 0.43435 -2.46424 1.22642 
-0.08848 0.06117 0.97625 -2.60382 -4.67798 2.31039 
-0.08836 0.06739 0.98955 -2.86336 -5.20470 2.62336 
-0.08385 0.05946 1.00628 -4.58092 -4.05203 2.23405 
-0.06785 0.03919 1.01690 -4.56565 -2.46424 2.63863 
-0.05345 0.07508 1.01995 -0.71832 -1.05966 2.24168 
-0.05516 0.06898 1.02288 -1.74122 1.90217 0.05848 
-0.06334 0.04542 1.00042 1.02213 2.45179 -0.76595 
-0.06871 0.05189 0.95672 0.71679 -1.70851 -1.33847 
-0.06895 0.04395 0.97368 -5.63435 -4.61691 -1.48351 
-0.06529 0.03346 1.00408 -5.49695 -5.70088 -0.40717 
-0.06541 0.05763 1.00701 -3.17634 -5.36500 -0.59801 
-0.07493 0.03968 1.00750 -4.22977 -5.11309 -2.04076 
-0.07750 0.03651 1.00542 -1.05420 -4.38790 -1.60565 
-0.07640 0.03431 0.99773 -0.68016 -1.99859 0.36382 
-0.08092 0.04701 0.99187 -0.58092 -2.78485 1.92871 
-0.07554 0.06349 0.98968 2.88473 -3.16653 1.72260 
-0.07799 0.04896 0.96722 -0.78703 -5.78485 1.60810 
-0.05199 0.06410 1.02825 5.02213 -9.40317 0.86764 
-0.03709 0.07411 1.06438 6.70152 -4.39554 -1.13236 
-0.05760 0.04762 1.00432 5.27404 5.29149 -1.58274 
-0.07994 0.03333 0.96514 0.93053 5.71897 0.27222 
-0.07445 0.04286 0.95660 -1.85573 -0.04439 2.07374 
-0.05186 0.05860 0.98540 -3.41298 -7.04439 1.82184 
-0.04722 0.07398 0.97503 -5.39008 -8.80775 0.59283 
-0.04637 0.06300 0.98992 -7.02367 -9.47951 -1.24687 
-0.05601 0.06080 0.93035 -10.22214 -12.67798 -2.07893 
-0.06297 0.03040 1.00432 -12.02367 -20.38790 -3.33847 
-0.06944 0.01747 0.98235 -14.13054 -19.01386 1.62336 
-0.03355 0.04847 1.00188 -16.31374 -15.84592 2.15771 
-0.02586 0.03761 1.03033 -15.35191 -14.15890 1.69970 
-0.03306 0.03443 1.00847 -13.95496 -14.28103 1.04321 
-0.02757 0.01966 1.00164 -13.81756 -14.28867 1.10428 
-0.00780 0.01014 1.02422 -9.88626 -12.70851 1.32565 
-0.01854 0.00208 1.04888 -7.71069 -5.38027 1.82184 
-0.01524 0.00990 1.02349 -4.87100 -3.05966 1.44779 
-0.00267 0.01429 1.00054 -2.51985 -3.64745 0.46306 
-0.00023 0.01490 1.00664 -2.18397 -3.15126 0.37145 
-0.01353 0.00868 1.02007 -1.03130 -0.39554 1.05084 
-0.01720 0.01368 1.01946 -0.26031 1.05484 1.15771 
-0.00584 0.00843 1.00408 -1.35191 1.61210 0.87527 
-0.00719 0.00770 1.01494 0.17481 2.30675 1.09664 
-0.01158 0.01075 1.01494 2.09847 3.92507 1.16535 
-0.00975 0.01930 1.00481 3.40381 4.61210 0.77603 
-0.01854 0.01588 1.01079 3.71679 4.45179 0.14245 
-0.01732 0.01771 1.01067 5.94580 4.56630 -0.78122 
-0.02183 0.01197 1.00323 6.58702 5.37546 -0.96442 
-0.02476 0.02259 0.99981 5.51832 5.45179 -0.91099 
-0.02196 0.01966 0.99981 4.31984 4.45179 -0.97969 
-0.01597 0.01637 1.00982 5.41145 5.52049 -0.62855 
-0.05577 0.02906 0.99920 7.99160 8.68080 -0.05603 
-0.05833 0.01869 1.00286 8.92290 7.16935 -1.11710 
-0.02757 0.01551 1.00481 16.30458 3.68843 -1.92626 
-0.03404 0.02381 1.01848 21.25114 2.52049 -0.88809 
-0.04637 0.04139 1.00555 24.70152 5.10065 0.64626 
-0.02855 0.04762 0.96709 26.64809 3.70370 -0.04839 
-0.00841 0.04298 1.01873 32.41145 -0.38027 1.09664 
-0.03490 0.07618 1.03704 43.92290 1.89454 3.53176 
-0.05321 0.07411 1.00176 60.05267 -3.89172 0.76077 
-0.03880 0.10890 1.03680 109.40382 -24.51004 -1.45297 
-0.00474 0.16615 1.02679 119.11374 -24.92225 -3.26977 
0.04054 0.18897 1.02032 108.68626 -12.65508 -2.46061 
0.03859 0.24378 0.95928 106.17480 3.07011 2.10428 
-0.05125 0.28578 0.87347 145.89235 -1.83828 10.63100 
-0.04649 0.34742 0.95000 173.33510 -34.41844 -8.58274 
0.02797 0.40321 1.07329 181.76259 -38.21233 -10.24687 
0.02944 0.47755 1.01800 163.89999 -8.03676 1.37909 
0.01869 0.48756 0.77569 123.75496 9.77240 9.95161 
0.00221 0.58326 0.88323 131.25877 -3.09019 15.49359 
0.00038 0.44154 0.76592 113.25877 -11.24286 15.34092 
0.05373 0.59608 0.90240 176.99159 -14.23523 13.36382 
0.03053 0.58290 0.76104 169.49541 0.78767 10.69206 
0.03847 0.61195 0.70989 163.35800 -5.73905 15.05084 
0.03407 0.65650 0.75945 149.57175 -11.95279 18.46306 
0.03700 0.69349 0.62408 157.78549 -7.42607 16.40962 
-0.01927 0.77015 0.57305 179.47250 -6.44134 4.65390 
-0.00169 0.82948 0.68731 218.66335 -7.37264 -7.73542 
-0.01243 0.82960 0.73138 209.73969 -8.27340 -14.40717 
0.12331 0.78895 0.48101 157.41144 -1.02912 -3.79648 
0.07192 0.80018 0.45855 157.52594 -1.15890 -4.87282 
0.07814 0.82887 0.40447 150.82365 -2.11309 -4.64381 
0.07057 0.87708 0.38933 141.85419 0.23805 6.19588 
0.07289 0.89173 0.41827 139.04503 8.50523 7.64626 
0.01467 0.87745 0.26604 139.82365 13.00904 1.74550 
-0.02366 0.89417 0.15862 129.20534 10.53576 0.52413 
-0.01073 0.95033 0.20928 117.73206 5.93271 6.25695 
-0.07237 0.93568 0.22405 107.67099 9.66553 4.88290 
-0.04002 0.91224 0.12639 99.33511 7.29912 -4.17816 
0.02577 0.91700 0.09234 84.72443 5.63500 -9.33084 
-0.01756 0.96913 0.11187 68.15954 3.83347 -11.88809 
0.05263 0.98145 0.05169 59.93053 4.77240 -15.39954 
0.05873 0.96937 0.06304 58.94580 2.62736 -14.08656 
0.03896 0.96876 0.09209 66.80076 3.79530 -11.61328 
-0.00267 0.96351 0.00396 62.13664 3.98614 -15.67435 
-0.01610 0.95606 -0.05110 49.73969 4.71133 -16.78885 
0.03847 0.94813 -0.10261 38.83130 4.94797 -7.20106 
0.06166 0.94935 -0.08967 51.63282 -4.20470 -0.53694 
0.07839 0.98768 -0.04426 67.38091 -5.38027 4.10428 
-0.00694 0.98036 -0.07661 52.97633 1.92507 7.25695 
-0.04063 0.95716 -0.11823 36.98397 3.39836 10.30275 
0.01503 0.94459 -0.17011 38.42672 -2.87645 6.05084 
0.06471 0.93092 -0.06733 46.64045 -7.64745 1.84474 
0.00905 0.96327 -0.07295 44.90000 -3.59401 -4.61328 
-0.04185 0.95423 -0.14741 26.54885 1.61210 -2.19343 
-0.02550 0.95374 -0.15363 25.89236 -1.20470 -2.01023 
0.02406 0.95069 -0.17243 26.66335 -5.54057 -3.85755 
-0.00047 0.97633 -0.15559 14.00687 -2.28867 -3.91099 
-0.03746 0.99867 -0.14985 5.46488 3.11591 -3.31557 
-0.05076 0.98292 -0.16682 3.20534 2.09301 -0.48351 
-0.02501 0.96754 -0.15339 9.94580 -0.33447 2.04321 
-0.02074 0.94300 -0.16474 9.82366 0.32965 3.21878 
0.00563 0.90931 -0.20051 3.60992 -1.89935 3.93634 
0.00514 0.91664 -0.17756 2.40381 -3.94516 5.14245 
0.02016 0.92372 -0.16706 3.88473 -3.97569 7.48596 
0.02345 0.91371 -0.17365 4.09084 -5.49477 9.80657 
0.02822 0.91895 -0.16132 2.94580 -5.15126 8.96687 
0.03005 0.93800 -0.15766 3.64809 -2.94516 6.74550 
0.02321 0.94215 -0.20332 4.68626 -2.84592 7.10428 
0.03298 0.94398 -0.19270 2.57939 -5.55584 10.25695 
0.04079 0.94764 -0.17085 -0.01603 -5.27340 10.40199 
0.02113 0.95338 -0.16755 -4.26031 -2.57874 8.78367 
0.02944 0.96363 -0.17304 -5.28321 -1.74668 8.04321 
0.02651 0.97425 -0.16865 -1.77176 -2.34210 8.06611 
0.01894 0.97206 -0.17158 0.37328 -2.04439 8.14245 
0.00441 0.95887 -0.19978 -0.64962 -2.62454 7.16535 
0.02248 0.96217 -0.18257 -1.73359 -5.98332 5.53176 
0.02504 0.97328 -0.17011 -3.37481 -5.51004 3.37909 
0.02577 0.98548 -0.15717 -6.03130 -2.03676 0.34092 
0.03053 0.97560 -0.15449 -5.16107 -1.21233 -2.13236 
0.03981 0.96888 -0.15681 0.07557 -2.04439 -5.01786 
0.02565 0.95924 -0.17585 0.43435 -1.38790 -5.44534 
0.02480 0.94581 -0.17365 0.06030 -1.35737 -3.41481 
0.02541 0.94764 -0.15315 1.38855 -1.02912 -2.52931 
0.01674 0.94679 -0.16706 1.69389 -0.29630 -2.67435 
0.01515 0.94740 -0.16609 -0.92443 0.23805 -3.23160 
0.03200 0.94642 -0.17231 -2.84809 -0.59401 -3.55221 
0.03542 0.94837 -0.16413 -3.60382 -1.32683 -2.25450 
0.03090 0.94776 -0.16181 -5.11527 -1.03676 -0.15526 
0.02638 0.94911 -0.15437 -3.61909 -1.26577 0.97451 
0.01808 0.94679 -0.16084 -2.47405 -1.88409 1.08138 
0.02345 0.94435 -0.15925 -3.63435 -1.67798 0.62336 
0.01784 0.94703 -0.16169 -3.73359 -1.47187 0.47832 
0.02541 0.94227 -0.16425 -4.55802 -1.04439 0.64626 
0.02809 0.94801 -0.15669 -3.48932 -1.49477 0.11191 
0.02553 0.96241 -0.15913 -2.81756 -1.26577 -0.44534 
0.01674 0.97010 -0.14924 -3.75649 -0.06729 0.06611 
0.02406 0.96168 -0.15461 -3.31374 0.32202 1.05848 
0.03078 0.95484 -0.14509 0.31984 -0.54057 2.36382 
0.02052 0.94593 -0.15778 0.80076 0.01668 2.21115 
0.01552 0.94923 -0.16645 -0.89390 -0.04439 1.55466 
0.02651 0.95130 -0.14704 -2.38245 -1.63981 0.18825 
0.03383 0.95326 -0.15644 -2.81756 -1.10546 -0.68198 
0.04140 0.95301 -0.15363 -1.19924 -0.59401 0.54703 
0.03566 0.94874 -0.15229 0.72442 -0.60928 1.75313 
0.01991 0.95082 -0.15388 1.19771 -0.41844 2.87527 
0.01650 0.95350 -0.14985 -0.65725 0.08538 2.99741 
0.01930 0.95387 -0.14985 -0.53512 0.10828 1.81420 
0.03163 0.95350 -0.14936 -0.02367 -0.20470 0.44016 
0.04262 0.95826 -0.15339 -0.26794 -0.17416 -0.09419 
0.02870 0.96632 -0.15034 -1.86336 0.68843 0.18061 
0.01723 0.95875 -0.15351 -2.94733 0.29149 0.03558 
0.02297 0.96534 -0.13752 -5.22977 0.29912 -0.81175 
0.02492 0.96766 -0.13081 -10.38245 2.97851 -1.24687 
0.01015 0.96888 -0.14533 -17.39771 4.14645 -1.26977 
0.01418 0.95814 -0.16328 -27.97787 4.16935 -1.10946 
0.02455 0.95777 -0.14607 -38.28321 -0.72378 0.86000 
0.02089 1.00282 -0.09846 -46.58092 -1.60928 1.93634 
0.01039 0.99244 -0.07966 -61.74886 1.94034 2.11955 
0.04811 0.98438 -0.08125 -74.06947 2.92507 2.73023 
0.03713 0.96473 -0.06721 -98.80229 10.19225 3.41726 
0.03786 0.94068 -0.05195 -104.65726 7.07011 3.55466 
0.06069 0.95082 0.02593 -102.88626 -2.28867 1.02031 
0.05788 0.93385 0.04607 -102.80993 -2.49477 0.94397 
0.03041 0.92213 0.09380 -111.21451 0.61973 4.21878 
0.05422 0.97975 0.07806 -125.96260 7.45942 4.96687 
0.01369 0.94398 0.11553 -137.13818 1.65026 1.40962 
0.04311 0.94276 0.18828 -128.19162 -7.50241 0.79130 
0.05934 0.91175 0.25848 -119.31374 -11.63218 2.50886 
0.06044 0.88941 0.30950 -111.75649 -7.33447 7.76840 
0.05629 0.90663 0.31451 -108.03130 -3.44897 9.12718 
0.04115 0.90614 0.30450 -114.48932 -5.44897 6.98214 
0.02699 0.89234 0.35650 -122.52748 -9.49477 7.09664 
0.05275 0.88612 0.43914 -132.64200 -4.41844 8.55466 
0.07192 0.85182 0.49627 -136.32138 4.00904 8.40962 
0.09206 0.82032 0.53582 -132.82520 12.06248 6.16535 
0.06044 0.84193 0.54912 -138.16872 17.95561 2.90581 
0.01576 0.83338 0.51824 -163.67253 26.58920 -2.72778 
0.03517 0.79798 0.53704 -183.53513 29.61973 -4.47587 
0.04238 0.71900 0.62957 -192.42062 27.77240 -3.62855 
0.01210 0.64796 0.67022 -186.08475 22.55103 -2.61328 
0.01088 0.60267 0.72210 -175.90916 13.81057 -2.83465 
0.04360 0.58387 0.77727 -185.59619 20.07011 -2.59038 
0.04884 0.55128 0.76092 -192.52750 25.59683 -2.77358 
0.03664 0.49171 0.77776 -189.19162 19.90217 -4.33084 
0.04176 0.43360 0.84209 -184.90916 17.58920 -3.46824 
0.00087 0.34950 0.86248 -180.94734 17.07775 -4.10183 
-0.02989 0.28321 0.92437 -168.46642 13.22278 -4.23923 
-0.00792 0.27076 0.96209 -162.97025 9.81820 -3.70488 
0.00514 0.25965 0.95428 -175.96260 15.55866 -1.91862 
0.01027 0.20106 0.93609 -182.75650 20.21515 -1.98732 
-0.03197 0.08314 0.97430 -166.55803 14.34492 -5.59801 
-0.04442 0.05519 1.02447 -139.70306 5.59683 -5.23923 
-0.01854 0.02955 1.03423 -119.53512 -3.05966 -2.96442 
-0.01720 0.01283 1.01214 -113.51221 -1.78485 -0.59038 
-0.01488 -0.01330 0.96844 -106.73359 -3.70088 -3.03313 
-0.03502 -0.05346 1.01836 -81.27557 -14.03676 -5.64381 
-0.01793 -0.10485 1.06219 -57.05420 -18.12836 -4.70488 
-0.00218 -0.11449 1.09087 -45.22977 -12.12073 -1.54458 
-0.01158 -0.11352 1.04827 -33.74886 -0.89935 4.22642 
-0.01366 -0.07995 0.99969 -16.82519 0.72660 3.91344 
-0.01475 -0.07494 1.01629 2.93816 -4.86882 -2.90336 
-0.00535 -0.08434 1.04558 5.47252 -1.54821 -4.75068 
0.01174 -0.10827 1.05193 1.16717 6.67317 -2.91099 
0.00966 -0.09350 1.02141 2.68626 11.85637 -0.65908 
-0.01610 -0.08190 1.01665 6.73206 11.33729 0.58519 
-0.01585 -0.08459 0.99908 10.74732 9.01668 -0.13236 
0.00453 -0.09423 1.05132 18.33511 8.75714 -0.01786 
0.00380 -0.09252 1.04607 14.05267 12.12355 1.04321 
-0.02586 -0.08031 1.03008 9.35038 12.80294 2.60810 
-0.02769 -0.06310 1.00347 9.11374 10.18462 2.82947 
-0.02879 -0.06627 0.98199 11.60992 2.87927 0.86764 
-0.02586 -0.07177 0.99261 16.25878 -0.95279 -0.48351 
-0.01829 -0.05639 0.99785 13.14427 -0.41844 -1.14000 
-0.02244 -0.06579 1.00591 5.95343 0.81820 -1.04839 
-0.02305 -0.07445 0.99773 2.39618 0.33729 0.02031 
-0.03184 -0.06603 0.99456 3.27404 -0.87645 0.32565 
-0.02989 -0.05810 0.98955 5.72442 -1.36500 -0.70488 
-0.02977 -0.06139 0.98785 7.39618 -1.12836 -2.01786 
-0.02244 -0.05102 1.01568 10.32748 -0.14363 -2.60565 
-0.01964 -0.05077 1.00640 4.96107 2.68843 -1.98732 
-0.03538 -0.06957 1.00677 5.58702 3.48996 -0.80412 
-0.04491 -0.05956 0.99981 10.51068 3.00141 0.19588 
-0.04515 -0.04577 1.00201 17.38091 1.95561 -0.12473 
-0.02537 -0.02502 1.01226 16.68626 2.97851 -1.14000 
-0.02135 -0.03966 0.99200 5.75496 6.36019 0.13481 
-0.03465 -0.04247 0.98907 6.61755 5.58920 1.33329 
-0.03868 -0.04650 0.99590 14.72442 0.85637 2.11191 
-0.04161 -0.03039 1.01360 20.60229 -1.42607 1.87527 
-0.02391 0.00184 1.01763 15.19007 -0.33447 0.64626 
-0.02720 -0.01501 1.00823 5.93053 2.19988 0.82947 
-0.03221 -0.02318 1.00188 6.80839 2.18462 1.66153 
-0.04124 -0.02379 1.01128 11.02977 -0.18943 1.83710 
-0.05321 0.00233 1.00042 13.25114 -2.28867 0.31802 
-0.04600 0.00489 1.00359 9.54885 -1.25813 -1.64381 
-0.03416 -0.00011 1.00005 0.58702 2.26095 -2.52168 
-0.03929 -0.00500 0.98821 -2.01603 1.78004 -2.26213 
-0.02537 -0.01085 0.99517 2.74733 -1.28867 -1.46061 
-0.02855 -0.00011 0.99236 3.70152 -2.02149 -0.78122 
-0.03526 -0.00585 1.00188 6.11374 -2.19706 -0.30794 
-0.03050 -0.00133 1.01983 6.04504 -0.28867 0.17298 
-0.03868 0.01124 0.98968 3.21297 0.81057 0.40962 
-0.03905 0.00965 0.99981 3.04504 -0.62454 -0.14000 
-0.02562 0.00404 1.01214 0.86946 -0.29630 -0.09419 
-0.02330 0.00294 1.00335 -0.03130 1.79530 0.79894 
-0.04210 0.00489 1.00078 1.63282 1.48996 0.83710 
-0.04185 0.01063 0.99004 4.96870 -0.72378 -0.56748 
-0.03197 0.01466 0.99920 6.06794 -1.28103 -1.24687 
-0.02550 0.00379 1.00249 1.12137 -0.30393 -1.30030 
-0.02659 0.00514 0.99981 0.51832 -0.41080 -1.26213 
-0.03490 0.00709 1.00371 0.28168 -0.21233 -0.34610 
-0.04246 0.00916 0.99077 -0.26031 -0.55584 -0.48351 
-0.04246 -0.00011 1.00725 0.38855 -1.21233 -0.86519 
-0.02501 0.00025 1.00860 0.06030 -0.77722 -0.44534 
-0.02879 0.00697 1.01714 0.32748 -0.83065 -0.38427 
-0.04246 0.01429 1.01116 0.37328 -1.07493 -0.60565 
-0.03929 0.01124 0.99895 0.31984 -1.91462 -1.24687 
-0.03367 0.00880 1.00310 1.28168 -2.67798 -1.33847 
-0.03136 0.00636 1.00713 1.91526 -2.15890 -0.81939 
-0.03123 0.00404 1.01617 -0.62672 0.94797 -0.17053 
-0.03721 0.00404 1.01165 1.12137 1.65790 0.10428 
-0.03001 0.01539 0.99493 4.89236 -0.16653 0.18825 
-0.03306 0.01356 0.98797 7.67099 -1.78485 0.06611 
-0.03660 0.01869 1.00677 6.41145 0.27622 -0.33084 
-0.03416 0.01771 1.00725 3.08320 2.83347 -0.06366 
-0.02513 0.00929 1.00725 4.38091 3.02431 0.40199 
-0.03026 0.02418 0.99224 6.27404 1.35255 0.37909 
-0.03734 0.01893 1.00530 6.05267 0.26859 0.82947 
-0.03355 0.01490 1.00371 4.49542 0.23805 0.79894 
-0.03123 0.02503 0.99163 4.05267 0.44416 0.39435 
-0.03428 0.02357 1.00811 3.31984 1.01668 0.12718 
-0.03294 0.02674 1.00310 2.13664 1.35255 0.27985 
-0.03245 0.02650 1.00127 4.57939 -0.31157 0.50886 
-0.03074 0.02467 1.00616 5.68626 -0.71615 0.63100 
-0.03660 0.02845 1.01116 4.21297 1.27622 0.57756 
-0.04295 0.03822 0.99383 2.36565 1.82584 0.62336 
-0.03612 0.03443 0.98833 2.15191 -1.70088 -0.32320 
-0.02098 0.03541 1.00445 2.24351 -4.60928 -0.71252 
-0.02159 0.02833 1.00298 -3.13054 -4.49477 0.69970 
-0.02403 0.02247 1.00420 -4.68779 -2.93752 2.05848 
-0.03636 0.02918 0.99834 -4.39771 -0.99096 2.46306 
-0.03563 0.02686 0.99834 -2.87100 -0.65508 1.98977 
-0.03099 0.02638 0.98516 -0.74886 -1.21233 0.64626 
-0.02354 0.02711 0.98565 0.92290 -2.47187 -1.10183 
-0.02598 0.02076 0.99651 0.73206 -1.97569 -0.90336 
-0.03001 0.02479 0.99981 0.55649 -0.08256 -0.29267 
-0.02806 0.02833 1.00091 2.25114 0.01668 -0.43771 
-0.02489 0.03895 1.01299 6.34275 -0.96042 -0.60565 
-0.03136 0.03834 1.01641 6.20534 -1.06729 -0.47587 
-0.02733 0.02833 1.01397 8.23588 -0.13599 -0.29267 
-0.01756 0.04200 1.00579 10.58702 1.13881 -0.36137 
-0.03319 0.04054 0.99847 16.19771 -1.51767 -0.53694 
-0.03721 0.04749 0.99615 21.57175 -5.05966 -0.91862 
-0.02147 0.05006 1.01861 23.43435 -6.30393 -1.18580 
-0.01341 0.06666 1.01458 22.44198 -4.65508 -0.65145 
-0.02025 0.07520 0.99517 21.29694 -2.44897 -0.83465 
-0.02464 0.07679 1.00176 24.22824 -2.49477 -2.07129 
-0.03111 0.08387 1.01067 29.45725 -1.96806 -3.04076 
-0.02708 0.10072 1.00066 33.11374 -1.86882 -2.99496 
-0.02074 0.09815 1.00078 38.76259 -2.53294 -3.60565 
-0.01805 0.12245 1.00555 42.44198 -1.79248 -3.48351 
-0.01622 0.12635 1.01800 39.51832 1.36019 -2.33084 
-0.01890 0.14063 0.99761 37.81603 4.65026 -1.13236 
-0.02598 0.15785 0.97893 39.41908 4.87927 -1.07893 
-0.02611 0.15418 0.98443 44.65572 2.12355 -0.84992 
-0.02281 0.18324 0.97466 54.93053 -2.31920 -1.19343 
-0.01182 0.19605 0.99126 58.08320 -3.80012 -2.17053 
-0.01475 0.21681 0.98186 54.17480 -0.76958 -1.16290 
-0.02501 0.23304 0.96612 50.29694 1.98614 -1.26977 
-0.02733 0.24256 0.95342 54.15954 1.32965 -2.07129 
-0.01854 0.24391 0.94683 58.21297 -0.77722 -2.49878 
-0.00926 0.27113 0.97051 69.71679 -3.80775 -2.20870 
-0.01720 0.29518 0.95660 73.90763 -3.76195 -1.84992 
-0.02342 0.33961 0.92144 73.71679 -0.94516 -1.54458 
-0.02403 0.35072 0.91656 70.02977 1.02431 -2.07893 
-0.01622 0.36231 0.89178 66.43435 2.87164 -3.42244 
-0.01976 0.36817 0.91802 73.28168 2.05484 -3.53694 
-0.02342 0.39857 0.92376 81.92290 -0.02912 -2.17053 
-0.02867 0.43287 0.87578 83.26641 -3.46424 -0.97206 
-0.04014 0.46485 0.88653 78.75496 -3.57874 -0.07129 
-0.02989 0.47291 0.86016 71.25877 0.23042 -0.23923 
-0.02452 0.48670 0.82537 67.55649 0.48996 -1.43007 
-0.02281 0.50440 0.80657 72.00687 -3.63218 -2.19343 
-0.01842 0.52406 0.81743 77.78549 -8.74668 -2.17816 
-0.01585 0.53370 0.82427 81.41145 -8.45661 -1.74305 
-0.01634 0.56788 0.79925 85.16718 -7.55584 -2.17053 
-0.00328 0.55921 0.79681 86.82366 -8.67035 -1.81175 
0.00307 0.58399 0.79229 86.54885 -8.04439 0.90581 
-0.01988 0.63355 0.77520 86.73206 -3.09783 2.36382 
-0.04698 0.66932 0.71355 80.66335 0.27622 0.93634 
-0.03404 0.69520 0.71441 78.63282 -0.93752 -0.88809 
0.00112 0.69569 0.72442 78.40382 -1.62454 -2.51404 
0.00881 0.70887 0.71819 80.53358 -0.00622 -3.05603 
0.00307 0.73292 0.68304 85.14427 1.98614 -2.65908 
-0.01671 0.75868 0.62371 90.02213 -0.56348 -2.83465 
-0.02403 0.72889 0.57928 103.09847 -10.62454 -5.04839 
-0.05882 0.76246 0.58587 97.41145 -13.71615 -2.69725 
0.00441 0.80457 0.62139 76.62519 -3.77722 -1.12473 
0.00856 0.80628 0.57769 66.94580 6.61210 -4.72015 
-0.01988 0.81080 0.49956 70.57938 5.95561 -9.21633 
-0.04173 0.79786 0.48321 77.57175 -2.28103 -8.59801 
-0.06212 0.83668 0.48846 87.67862 -13.70088 -6.97206 
0.01186 0.84242 0.47857 85.27404 -13.49477 -4.72015 
-0.00303 0.84083 0.47405 80.38855 -8.82302 -3.59038 
-0.01121 0.87086 0.45879 77.53358 -3.38027 -4.76595 
-0.02550 0.86830 0.39788 75.48015 -1.09783 -6.75068 
-0.02843 0.90260 0.36504 77.35801 -2.89172 -7.33084 
-0.04014 0.89808 0.33147 78.97633 -5.31920 -5.67435 
-0.05614 0.89076 0.32806 73.49541 -6.12073 -3.81175 
-0.01890 0.89540 0.31402 74.95343 -6.20470 -0.54458 
-0.01109 0.88551 0.31414 73.85419 -6.55584 -0.01786 
-0.03258 0.91505 0.26153 74.36565 -5.60164 4.24932 
-0.02879 0.96009 0.23223 69.00687 -3.31920 6.55466 
-0.03367 0.90614 0.22710 71.70152 -4.19706 7.18061 
-0.03367 0.95387 0.20049 66.94580 -3.05203 8.89054 
-0.01366 0.94679 0.19195 61.68626 -2.11309 6.41726 
-0.01695 0.95216 0.16582 61.02977 -1.46424 5.31802 
-0.01512 0.95069 0.16180 57.32748 0.52813 5.70733 
-0.00950 0.95753 0.13836 53.18244 2.78004 5.20352 
-0.04393 0.97218 0.11907 51.54122 2.35255 5.15008 
-0.02440 0.96522 0.09307 50.71679 1.04721 5.88290 
-0.00096 0.97022 0.07439 52.41908 -2.71615 5.95161 
0.00173 0.97401 0.09222 50.80076 -2.91462 4.85237 
-0.00487 0.98963 0.08758 50.12137 0.49759 3.46306 
-0.02244 0.96937 0.02972 45.31221 4.15408 1.42489 
-0.01146 0.95741 -0.01862 41.84656 2.14645 0.79130 
-0.00242 0.96034 0.02410 40.52595 -3.83065 0.73023 
0.00295 0.98585 0.04681 41.28168 -1.07493 -1.71252 
-0.00731 0.96546 0.01617 41.21297 4.79530 -5.46061 
-0.01341 0.96815 -0.01875 42.62519 4.86401 -6.81175 
-0.01939 0.96058 -0.04682 40.56412 1.72660 -9.36137 
-0.03099 0.96046 -0.06477 36.22061 1.20752 -10.36137 
-0.01036 0.95680 -0.04499 30.98397 2.68843 -8.99496 
-0.01256 0.95777 -0.05451 30.02977 4.21515 -8.15526 
-0.02354 0.95020 -0.09309 28.74733 3.49759 -5.56748 
-0.02244 0.95179 -0.11506 25.04503 1.84110 -2.11710 
-0.02403 0.95521 -0.08979 20.58702 -0.67798 1.11955 
-0.01170 0.95558 -0.08833 23.05267 -1.66271 1.16535 
-0.00645 0.95692 -0.07624 25.69389 -0.63981 1.29512 
-0.04271 0.95155 -0.11042 21.02213 2.05484 0.98977 
-0.03087 0.94251 -0.12348 16.66335 1.23042 2.54703 
-0.01036 0.94630 -0.13606 15.09847 -0.02149 4.16535 
-0.01903 0.94557 -0.12885 14.10610 -2.60928 5.91344 
-0.02769 0.96473 -0.10969 11.58702 -2.84592 5.66153 
-0.02379 0.97218 -0.11665 9.13664 -0.73905 4.97451 
-0.02086 0.95252 -0.14570 5.64045 0.68080 5.28748 
-0.00706 0.95423 -0.14741 3.49542 -0.53294 6.30275 
-0.01280 0.95753 -0.13215 2.36565 -2.22760 6.15771 
-0.02000 0.97962 -0.11250 -0.00077 -1.66271 4.85237 
-0.01890 0.97901 -0.11555 -0.88626 -0.57874 3.69970 
-0.00535 0.97840 -0.13850 -1.74886 1.23805 3.95161 
-0.01854 0.96168 -0.15510 -1.48168 0.23805 4.95924 
-0.00108 0.96974 -0.12531 1.10610 -2.12073 4.64626 
0.00002 0.96278 -0.12458 0.77023 -1.46424 3.24168 
-0.01280 0.95741 -0.13630 -0.64199 0.15408 1.99741 
-0.00487 0.95960 -0.13203 -0.07710 0.13881 1.73023 
-0.00316 0.95985 -0.13093 1.67862 0.47469 -0.18580 
-0.00365 0.96583 -0.13715 2.25878 0.16172 -0.75068 
-0.00584 0.96266 -0.14277 0.90000 0.07011 0.15008 
-0.00023 0.95667 -0.13825 -0.43588 -1.02912 0.86000 
0.00539 0.96217 -0.13191 -1.09237 -0.80775 0.50123 
-0.00780 0.95143 -0.13642 0.09084 -0.76958 0.27222 
-0.01292 0.95765 -0.12898 0.49542 -1.19706 0.44779 
-0.00389 0.96156 -0.12788 -2.00077 -0.13599 0.82184 
0.01137 0.95814 -0.14021 -3.03130 0.12355 1.10428 
0.00929 0.95472 -0.13203 -0.02367 -1.50241 1.13481 
0.00112 0.95887 -0.12568 3.94580 -2.83828 -0.09419 
-0.01317 0.96400 -0.12458 2.09084 -1.28867 -0.87282 
-0.00548 0.95619 -0.13435 -0.70306 0.49759 -0.04839 
-0.00719 0.95533 -0.14411 -0.75649 0.15408 0.45542 
0.00160 0.95570 -0.14021 -0.59619 -0.77722 0.98214 
-0.00108 0.95350 -0.13117 -0.21451 -1.41844 0.81420 
0.00051 0.96803 -0.11884 1.29694 -0.61691 0.15771 
-0.00413 0.95863 -0.13300 0.67099 0.66553 -0.04839 
-0.00206 0.95875 -0.13923 1.39618 0.24568 0.18061 
-0.00816 0.95509 -0.13191 1.44198 -0.86882 0.38672 
-0.00438 0.95655 -0.13484 -1.05420 -0.59401 0.10428 
-0.00413 0.95753 -0.12446 -1.51222 0.33729 0.37909 
0.00429 0.95411 -0.12898 1.41145 0.31439 0.91344 
-0.00023 0.95826 -0.13276 3.22061 0.29149 0.86764 
-0.00303 0.95387 -0.14594 1.33511 0.71133 0.60046 
0.00307 0.95619 -0.13569 1.03740 -0.23523 1.31039 
0.00185 0.95863 -0.13178 0.98397 -0.32683 1.50886 
-0.00596 0.96253 -0.13593 -1.14580 0.49759 1.47832 
-0.01280 0.96412 -0.13630 -4.13817 0.42126 1.24932 
0.00185 0.96058 -0.12629 -4.71832 0.45179 1.41726 
0.00539 0.95826 -0.13227 -5.24504 1.17698 2.14245 
0.00221 0.95985 -0.13007 -7.42825 1.81820 2.49359 
0.00429 0.96278 -0.11604 -9.63435 1.58920 1.64626 
0.00820 0.96241 -0.11689 -9.13817 1.32965 0.22642 
0.00990 0.96192 -0.11176 -9.33664 2.13881 -0.73542 
0.00026 0.96388 -0.11750 -14.40535 4.26095 -0.39954 
-0.00511 0.96559 -0.11347 -22.17634 5.35255 0.76840 
0.00832 0.96925 -0.11054 -34.06184 6.90217 1.34092 
0.00685 0.95765 -0.12251 -33.84809 2.22278 0.01268 
0.01125 0.96424 -0.07270 -28.57329 -4.51004 0.04321 
0.01186 0.96314 -0.05659 -34.03130 -1.69325 -0.85755 
0.01088 0.95606 -0.06684 -45.51222 4.32965 -0.32320 
-0.00377 0.93983 -0.06587 -58.52748 5.94034 2.27985 
-0.00438 0.94727 -0.02705 -56.52748 2.48233 4.63100 
0.00795 0.96864 0.01812 -49.19160 -0.20470 5.02794 
0.01405 0.96473 0.01665 -51.25267 2.95561 5.18061 
0.01174 0.96156 0.02410 -51.64962 4.16172 5.24932 
0.00478 0.97608 0.02654 -54.71832 2.93271 3.87527 
0.01369 0.97791 0.05327 -60.24504 3.72660 3.38672 
0.01711 0.95802 0.08880 -66.95496 7.16935 3.53176 
0.02773 0.96632 0.08965 -68.05420 8.10828 2.60046 
0.02358 0.95753 0.05926 -66.28321 4.20752 0.90581 
-0.00011 0.94850 0.10955 -62.32138 -2.77722 3.20352 
0.01051 0.96449 0.16070 -67.65726 -2.73141 5.08901 
0.01088 0.94972 0.18633 -73.04657 -0.15890 5.76840 
0.02638 0.94422 0.22076 -72.74886 2.15408 6.15008 
0.03237 0.95045 0.22088 -73.72596 7.47469 4.61573 
0.02919 0.92188 0.18865 -75.49695 6.32965 2.13481 
0.02065 0.91834 0.26617 -67.35191 -0.25813 1.08138 
0.02638 0.92640 0.30010 -63.03893 0.10065 -0.82702 
0.01174 0.91297 0.32671 -62.97787 5.09301 -2.30794 
0.02468 0.90431 0.34405 -63.71832 9.07011 -1.79648 
0.02394 0.91651 0.31316 -68.19924 15.30675 -3.45297 
-0.00645 0.88807 0.30474 -70.03893 12.09301 -4.42244 
0.00148 0.88661 0.35454 -68.45115 3.90217 -3.56748 
0.01686 0.87354 0.40423 -66.36718 2.00141 -2.45297 
0.01430 0.85645 0.44414 -61.54275 3.55103 -2.49114 
0.01650 0.85865 0.44378 -59.22214 6.78767 -3.68198 
0.00173 0.84767 0.42742 -59.61145 7.15408 -6.93389 
-0.00133 0.84205 0.45586 -59.55802 5.38309 -7.68198 
-0.00377 0.83570 0.49224 -62.46642 6.40599 -5.33847 
0.00417 0.85145 0.51324 -69.87863 11.16172 -3.33847 
0.00087 0.82472 0.51556 -79.24504 17.00141 -4.01023 
-0.00694 0.80555 0.54229 -77.84809 15.54340 -4.36900 
-0.01182 0.78541 0.56585 -76.66489 11.03958 -2.46061 
-0.00133 0.78993 0.58697 -84.83282 12.83347 -0.18580 
-0.00450 0.79908 0.59075 -102.10764 21.91744 -1.02549 
-0.02733 0.74000 0.59734 -112.32138 22.24568 -2.28503 
-0.02745 0.70838 0.64678 -105.56565 14.13118 -0.94152 
-0.00926 0.69483 0.70525 -94.49695 5.46706 0.63100 
0.00661 0.68202 0.73955 -95.77176 8.51286 1.92107 
-0.00303 0.66236 0.73101 -100.69542 18.44416 1.45542 
-0.04100 0.64320 0.70623 -99.92443 19.41362 -0.75832 
-0.04881 0.61048 0.75408 -89.48932 9.52049 -2.34610 
-0.04527 0.59510 0.78448 -87.28321 4.79530 -1.92626 
-0.02672 0.56141 0.81707 -89.84046 6.29912 -0.02549 
-0.04637 0.52894 0.82427 -88.77940 9.87927 0.53939 
-0.06553 0.52223 0.79998 -82.04657 8.10065 -1.54458 
-0.05394 0.51991 0.81499 -82.18398 4.14645 -2.83465 
-0.03856 0.47840 0.87481 -87.35191 5.73423 -2.84992 
-0.03721 0.45008 0.87176 -86.27557 8.56630 -2.98732 
-0.04539 0.40980 0.85760 -77.87099 5.62736 -3.87282 
-0.05174 0.42298 0.89800 -76.18398 0.60446 -4.65145 
-0.04588 0.38319 0.93853 -81.26794 8.71897 -2.48351 
-0.04893 0.37110 0.91265 -87.06184 16.55103 -2.70488 
-0.07518 0.34779 0.87432 -84.19924 12.81820 -7.17053 
-0.07750 0.30836 0.91436 -71.66489 -2.30393 -10.10183 
-0.03856 0.28517 0.96477 -64.76412 -6.11309 -8.17053 
-0.04625 0.26112 0.98748 -67.31374 -0.04439 -5.42244 
-0.07323 0.25245 0.97356 -68.56565 6.05485 -5.73542 
-0.09056 0.26637 0.93914 -71.41298 7.56630 -9.21633 
-0.06908 0.22938 0.97368 -72.37481 6.23805 -11.73542 
-0.06810 0.19557 0.98846 -73.30611 10.54340 -11.30794 
-0.07359 0.17738 0.92193 -71.67252 10.48996 -13.45297 
-0.08348 0.14894 0.94707 -63.66489 4.36019 -17.60564 
-0.10240 0.13148 0.96477 -54.66489 -0.71615 -22.39190 
-0.05614 0.12220 1.04290 -51.69542 0.96324 -19.42244 
-0.05040 0.11415 1.02984 -57.84809 5.47469 -12.91862 
-0.10264 0.08924 1.03094 -63.38245 3.38309 -10.87282 
-0.09361 0.06642 1.01201 -48.89390 -9.57874 -12.04839 
-0.08165 0.07313 0.97759 -47.32901 -10.62454 -12.84992 
-0.08482 0.02906 0.94768 -41.56565 -7.02149 -14.15526 
-0.06712 0.00123 0.98284 -31.81756 -8.47951 -14.96442 
-0.05504 -0.00683 1.05059 -24.43588 -7.56348 -10.96442 
-0.05040 0.00294 1.03680 -30.64962 -0.45661 -6.05603 
-0.01414 -0.06408 0.99236 -46.27557 5.55103 0.49359 
-0.10081 -0.00377 0.95684 -19.99313 -5.34974 7.50886 
-0.11449 -0.04735 0.95464 -17.90153 -7.77722 3.43252 
-0.08958 -0.02392 0.97344 -19.31374 0.23805 4.82947 
-0.08678 -0.02050 1.00701 -20.41298 6.55103 12.00504 
-0.09007 -0.04418 0.99554 -22.88626 6.33729 15.90580 
-0.09447 -0.03991 1.00738 -15.51985 -2.22760 14.63100 
-0.07811 -0.05138 1.02813 -12.29084 -5.75432 15.87527 
-0.09471 -0.04809 0.98626 -8.70306 0.25332 19.21115 
-0.12108 -0.06237 0.97454 -2.68779 2.81820 12.50122 
-0.11558 -0.04455 1.00493 -0.22977 6.19225 -0.36900 
-0.07713 -0.02355 0.99566 -3.97023 7.90981 -3.74305 
-0.05577 -0.02221 0.99224 2.86183 0.91744 5.25695 
-0.06102 -0.02245 1.02312 7.89236 -5.63218 16.08138 
-0.07347 -0.07384 1.07305 11.12900 -8.41844 19.58520 
-0.06248 -0.05456 1.05657 4.38855 -5.79248 16.59283 
-0.09837 -0.04992 1.00872 2.16717 -3.65508 11.57756 
-0.10899 -0.04479 0.97747 7.11374 -4.13599 6.95161 
-0.07457 -0.06615 1.00286 12.76259 -5.78485 -1.36900 
-0.04588 -0.05578 1.02093 18.52595 -4.80775 -2.03313 
-0.02476 -0.07567 1.03435 17.26641 -4.98332 6.17298 
-0.06566 -0.06310 1.03863 23.02213 -3.34974 6.10428 
-0.10704 0.00611 1.03374 11.69389 0.93271 2.14245 
-0.11534 0.01563 0.99822 11.28931 -2.08256 1.51649 
-0.07628 -0.00939 0.97405 29.81603 -10.87645 -0.71252 
-0.01073 -0.01244 0.99554 41.60992 -4.38027 -0.46824 
0.00124 0.01490 1.01018 40.83893 2.79530 2.21115 
-0.03905 0.03211 1.00017 29.99160 6.45943 3.13481 
-0.08104 0.03993 0.98711 31.06794 2.00141 3.62336 
-0.08751 0.06568 1.01006 36.43435 -2.02149 3.16535 
-0.07164 0.05787 0.98760 31.18244 -1.23523 -0.46824 
-0.06419 0.08131 0.97747 25.20534 -0.73905 -2.91862 
-0.04295 0.07057 0.97198 8.72442 -0.25050 -3.36900 
-0.02952 0.06422 0.95330 8.81603 -4.30393 -2.78885 
-0.01671 0.15565 1.14031 7.80076 -5.73905 -4.29267 
-0.09080 0.01783 0.93194 -13.17634 6.86401 -6.18580 
-0.14464 0.03040 0.96038 -11.61909 -0.61691 1.50886 
-0.02611 0.12415 0.94695 -11.91680 -11.51767 1.90581 
0.00099 0.03492 1.12005 1.05267 -7.44134 -0.70488 
-0.03294 0.11183 1.13750 17.23587 3.26859 -1.38427 
-0.06871 0.09095 1.06438 47.19007 11.21515 -12.03313 
-0.09422 0.07142 0.98736 47.60229 15.11591 -11.62091 
-0.13182 0.06788 0.87871 19.77786 15.87164 -2.60565 
-0.14696 0.08863 0.81402 0.95343 5.82584 4.00504 
-0.09068 0.10084 0.83806 -18.06947 -16.81538 8.53939 
-0.03306 0.09400 0.91155 -31.77939 -27.25050 9.34855 
-0.01988 0.12403 1.05926 -35.29848 -24.25813 5.43252 
-0.00804 0.07716 1.14129 -24.60382 -9.83065 -1.05603 
-0.00804 -0.05639 1.47625 -1.80993 5.02431 -2.26977 
-0.09154 0.07887 1.03863 42.95343 44.71133 3.33329 
-0.09056 0.13343 0.69720 31.34274 33.09301 -1.45297 
-0.08507 0.08058 0.72723 1.07557 -1.05203 0.28748 
-0.08922 0.11988 0.87432 -16.07710 -17.91462 3.22642 
-0.05247 0.09510 1.04314 -31.48168 -21.80775 1.34092 
-0.04124 0.06214 1.09527 -33.26031 -15.28867 1.11191 
-0.02733 0.03907 1.11700 -14.32901 -4.24287 1.05848 
-0.02098 0.06080 1.10552 5.01450 3.72660 0.02031 
-0.04491 0.07948 1.04632 17.56412 14.63500 -3.92626 
-0.07542 0.06056 0.97857 17.29694 17.65790 -4.73542 
-0.09764 0.05787 0.91363 9.35038 12.48996 -1.49877 
-0.09129 0.07130 0.90777 -0.49695 5.41362 1.69206 
-0.07457 0.09132 0.93621 -10.40535 -3.64745 3.76077 
-0.06236 0.09535 0.97393 -11.48168 -9.15126 2.17298 
-0.06016 0.07081 1.02276 -12.10764 -10.73905 -0.79648 
-0.05882 0.06593 1.05718 -7.83283 -6.91462 -1.59038 
-0.05272 0.04823 1.05743 -0.38245 1.77240 -0.46061 
-0.05382 0.07643 1.02703 4.31984 6.90217 0.81420 
-0.05699 0.09437 0.96905 7.74733 6.32965 -0.89572 
-0.06358 0.08094 0.95061 3.86946 2.84110 -2.49878 
-0.07554 0.06373 0.95391 -1.50458 -1.04439 -2.23923 
-0.07506 0.06690 0.99175 -3.96260 -3.84592 -0.90336 
-0.07738 0.06178 1.01238 -3.83283 -2.90699 -0.68961 
-0.06956 0.05421 1.00713 -1.63435 -1.84592 0.44016 
-0.06541 0.06288 1.00518 2.93816 -2.74668 1.05084 
-0.04893 0.07350 1.01556 5.20534 -0.35737 0.14245 
-0.04954 0.08656 1.01421 3.08320 2.29149 -1.06366 
-0.06102 0.07630 1.00042 6.13664 3.26859 -2.90336 
-0.07554 0.07350 0.98174 8.38091 2.89454 -2.39190 
-0.07127 0.07630 0.97600 5.85420 1.69607 -1.33084 
-0.07176 0.07801 0.97893 1.84656 0.88691 -0.60565 
-0.06883 0.07508 0.99175 2.83129 -0.87645 -0.75832 
-0.05211 0.08204 1.00701 4.18244 0.02431 -1.17053 
-0.06590 0.08460 0.99651 1.35801 2.26859 -1.74305 
-0.07323 0.06568 0.97564 0.19771 1.23042 -1.49877 
-0.06981 0.06507 0.98394 -0.20687 -1.15890 -0.04839 
-0.05797 0.08521 1.01116 0.08320 -1.56348 -0.41481 
-0.05772 0.08473 1.01678 0.88473 -0.21233 -1.89572 
-0.05394 0.07813 0.99859 5.10610 1.51286 -2.84229 
-0.06676 0.08692 0.99187 3.89236 2.39072 -2.56748 
-0.07774 0.08570 0.97881 2.29694 1.69607 -2.72778 
-0.07530 0.08216 0.98723 1.64046 -0.29630 -1.74305 
-0.07213 0.08863 0.99273 1.30458 -1.39554 -1.26977 
-0.06553 0.08106 0.99944 0.38855 -1.46424 -1.75832 
-0.07200 0.08314 1.00213 1.04504 -0.70851 -1.75068 
-0.07323 0.07655 0.98455 1.02977 -0.02912 -1.18580 
-0.07530 0.07948 0.99139 1.45725 -0.50241 -0.50641 
-0.07530 0.08375 0.99785 2.43435 -0.41844 0.47832 
-0.06553 0.09730 0.99834 1.61755 0.48996 1.53176 
-0.06236 0.11097 0.99578 0.70152 1.18462 0.82947 
-0.05845 0.08595 0.99224 1.71679 0.12355 -1.37664 
-0.05858 0.08534 0.99456 3.31221 -0.03676 -1.72015 
-0.06175 0.08131 0.99724 0.73969 2.06248 -1.95679 
-0.05919 0.08497 1.00274 0.74733 3.73423 -1.78885 
-0.06822 0.08998 0.98870 2.11374 3.69607 -2.14763 
-0.08604 0.08412 0.98235 2.28168 1.71897 -2.62091 
-0.09141 0.07105 0.98394 1.80076 -0.02149 -2.07893 
-0.08165 0.07618 0.98785 -1.18397 -0.33447 0.91344 
-0.05955 0.09937 0.99322 -0.84046 -0.57874 1.90581 
-0.04735 0.12318 1.00310 1.41145 -0.07493 -0.52931 
-0.05638 0.10511 1.00188 2.82366 0.99378 -3.41481 
-0.07774 0.07997 0.99248 1.42671 2.76477 -3.41481 
-0.08861 0.07655 0.98003 -0.37481 2.42126 -1.93389 
-0.08372 0.08253 0.97906 -0.55038 1.15408 -0.52168 
-0.08067 0.08448 0.97710 -1.39008 -0.01386 0.14245 
-0.07774 0.09010 0.99004 -1.10764 -1.51004 0.33329 
-0.07139 0.08436 1.00335 -0.44351 -2.23523 -0.43007 
-0.06859 0.08509 1.01433 1.28168 -0.16653 -0.53694 
-0.07237 0.08973 0.99785 0.62519 2.74950 -0.14763 
-0.07469 0.09156 0.98125 1.01450 2.19225 0.21878 
-0.07091 0.10047 0.97198 0.75496 -1.14363 0.12718 
-0.06505 0.09974 0.98650 -0.57329 -2.12836 -0.46061 
-0.07152 0.10243 1.00786 -1.61145 0.07011 -1.46824 
-0.08177 0.08485 1.00298 -1.04657 0.87164 -2.02549 
-0.08311 0.07325 0.99419 0.02213 0.84874 -0.61328 
-0.08287 0.08290 0.98211 0.86946 0.97851 0.60046 
-0.06505 0.09376 0.98174 0.25114 0.22278 1.05848 
-0.06993 0.10426 0.99578 -1.50458 -0.41844 -0.22397 
-0.07469 0.08521 1.00249 -1.11527 -1.34974 -0.87282 
-0.07640 0.08363 1.00066 0.71679 -0.66271 -0.31557 
-0.07506 0.08936 0.99859 0.91526 1.26859 0.35619 
-0.07591 0.09254 0.98772 -0.02367 1.77240 0.25695 
-0.07469 0.09034 0.99578 1.07557 0.10828 0.11955 
-0.07347 0.08912 1.00420 2.71679 -0.15126 -0.18580 
-0.07286 0.08998 0.99639 1.38855 1.92507 -0.13236 
-0.07738 0.09034 0.98040 0.31221 2.02431 0.31802 
-0.07970 0.10035 0.96697 -0.61909 -0.63218 1.11955 
-0.06444 0.09718 0.98711 -3.32138 -1.65508 1.06611 
-0.06053 0.10633 1.01861 -5.5