-1.63945 2.56139 -80.28207 

-1.70526 2.48179 -81.86546 

-1.76460 2.44406 -83.45215 

-1.83779 2.39201 -85.03534 

-1.92513 2.33497 -86.63248 

-1.97333 2.27685 -88.22441 

-2.03690 2.22738 -89.82083 

-2.12154 2.17892 -91.42260 

-2.18507 2.13375 -92.99848 

-2.23615 2.05104 -94.60602 

-2.30792 1.98392 -96.20740 

-2.34318 1.91768 -97.79790 

-2.42146 1.82695 -99.45179 

-2.47492 1.75903 -101.02374 

-2.51011 1.70294 -102.58321 

-2.54823 1.63422 -104.13557 

-2.58045 1.58341 -105.71253 

-2.61118 1.54276 -107.25742 

-2.64866 1.47421 -108.79021 

-2.67006 1.40813 -110.32543 

-2.70079 1.33220 -111.84631 

-2.76096 1.25851 -113.38284 

-2.80336 1.16321 -114.90464 

-2.82387 1.08103 -116.42402 

-2.82317 1.03214 -117.94438 

-2.84230 0.91477 -119.49075 

-2.85748 0.86181 -121.00660 

-2.86786 0.85816 -122.53851 

-2.91682 0.76670 -124.05126 

-2.93614 0.65140 -125.58105 

-2.96600 0.56648 -127.12180 

-2.98756 0.49062 -128.64674 

-2.99815 0.41109 -130.18047 

-3.02982 0.33846 -131.70233 

-3.04745 0.21576 -133.22595 

-3.05222 0.10291 -134.73631 

-3.08961 0.03824 -136.30386 

-3.08055 -0.03584 -137.84386 

-3.06525 -0.08883 -139.38309 

-3.06308 -0.20151 -140.92940 

-3.01725 -0.26781 -142.49078 

-3.04118 -0.34814 -144.03456 

-3.03252 -0.43899 -145.56360 

-2.99256 -0.51932 -147.14612 

-2.97749 -0.61319 -148.68462 

-2.94313 -0.68166 -150.23830 

-2.91568 -0.77781 -151.79201 

-2.90592 -0.87023 -153.36832 

-2.89030 -0.94232 -154.92432 

-2.85854 -1.00691 -156.45520 

-2.84368 -1.07713 -158.03679 

-2.81845 -1.16603 -159.59966 

-2.76531 -1.22184 -161.16730 

-2.74865 -1.28061 -162.75807 

-2.69036 -1.35731 -164.31796 

-2.65724 -1.43297 -165.87700 

-2.61525 -1.51643 -167.48872 

-2.57017 -1.61685 -169.06760 

-2.54469 -1.67929 -170.63472 

-2.48488 -1.73628 -172.20581 

-2.42667 -1.81118 -173.76607 

-2.39019 -1.90910 -175.32010 

-2.32881 -1.95149 -176.92203 

-2.27130 -2.00853 -178.49852 

-2.22377 -2.07870 179.95398 

-2.17900 -2.12912 178.37801 

-2.12599 -2.17409 176.83156 

-2.08365 -2.21580 175.26753 

-2.02655 -2.28287 173.72289 

-1.97152 -2.32948 172.13632 

-1.89888 -2.37781 170.57047 

-1.79189 -2.41378 168.98315 

-1.72396 -2.46523 167.39720 

-1.64579 -2.52349 165.81575 

-1.56036 -2.59407 164.22292 

-1.47615 -2.64383 162.63266 

-1.40977 -2.68800 161.04506 

-1.34429 -2.69561 159.46030 

-1.27277 -2.72984 157.87201 

-1.19027 -2.76471 156.28062 

-1.12779 -2.79774 154.69162 

-1.04186 -2.83120 153.06256 

-0.97985 -2.85050 151.46208 

-0.92387 -2.86220 149.85464 

-0.93575 -3.42743 148.54451 

-0.84051 -3.30776 146.92902 

-0.74250 -3.20412 145.33868 

-0.64479 -3.12032 143.73152 

-0.54671 -3.07749 142.13007 

-0.45459 -3.04913 140.52364 

-0.33088 -3.00932 138.90121 

-0.21961 -2.97997 137.28438 

-0.13509 -2.97998 135.65855 

-0.05898 -2.98136 134.04218 

0.02769 -2.95661 132.44812 

0.11650 -2.94177 130.87411 

0.19490 -2.93126 129.29114 

0.27967 -2.91191 127.69705 

0.40210 -2.87568 126.06561 

0.47554 -2.88020 124.49835 

0.52823 -2.87176 122.90642 

0.59308 -2.86634 121.31714 

0.66061 -2.87231 119.74675 

0.72510 -2.87058 118.16185 

0.82532 -2.84875 116.58846 

0.90202 -2.84403 115.02389 

1.01454 -2.82861 113.45349 

1.09792 -2.81424 111.90744 

1.18589 -2.79147 110.33172 

1.26127 -2.75950 108.74747 

1.33521 -2.73824 107.15580 

1.37086 -2.72121 105.56487 

1.47630 -2.68048 103.99250 

1.50923 -2.68361 102.39793 

1.61405 -2.60389 99.96864 

1.68169 -2.55839 98.37328 

1.72345 -2.50274 96.79850 

1.81169 -2.45293 95.22202 

1.88206 -2.38643 93.63410 

1.95367 -2.32922 92.06223 

2.00775 -2.27057 90.49089 

2.11667 -2.20479 88.92129 

2.17926 -2.15948 87.35520 

2.23879 -2.09848 85.78464 

2.29318 -2.03082 84.20250 

2.33323 -1.94923 82.63254 

2.38592 -1.86835 81.07829 

2.41333 -1.82642 79.51668 

2.43574 -1.77099 77.96272 

2.50052 -1.70075 76.39165 

2.54781 -1.61783 74.85746 

2.59966 -1.54735 73.29590 

2.63524 -1.47337 71.72929 

2.70495 -1.46087 70.16028 

2.74113 -1.40295 68.60177 

2.77480 -1.29747 67.04811 

2.79732 -1.20758 65.45122 

2.83198 -1.12452 63.90739 

2.84888 -1.08089 62.35854 

2.86660 -0.96010 60.83176 

2.90118 -0.88002 59.29139 

2.92288 -0.78646 57.73332 

2.94803 -0.70946 56.19275 

2.96016 -0.62761 54.64653 

2.97892 -0.54596 53.13827 

2.99729 -0.44970 51.61766 

3.00219 -0.37891 50.08407 

3.01579 -0.29721 48.56449 

3.01738 -0.26243 47.04276 

3.02459 -0.16399 45.50053 

3.00957 -0.08184 43.98447 

3.01209 0.02307 42.47132 

3.02692 0.10335 40.94623 

3.01880 0.17323 39.41880 

3.02678 0.27809 37.90356 

3.02431 0.36767 36.38479 

2.97689 0.43021 34.83179 

2.95010 0.48881 33.31175 

2.93660 0.55361 31.80600 

2.93852 0.64449 30.29951 

2.89127 0.66350 30.30940 

2.88533 0.71603 28.78091 

2.89030 0.78782 27.27505 

2.88251 0.84918 25.76576 

2.86541 0.91519 24.28869 

2.82329 0.99633 22.82248 

2.79355 1.09819 21.34642 

2.78547 1.16748 19.84909 

2.74653 1.24815 18.37210 

2.73519 1.30247 16.89472 

2.74125 1.36046 15.38998 

2.71408 1.42103 13.88485 

2.68350 1.50271 12.37799 

2.62148 1.59895 10.85434 

2.58979 1.64537 9.35471 

2.54382 1.73492 7.85889 

2.47545 1.80439 6.35840 

2.41509 1.84032 4.87008 

2.38045 1.90657 3.36602 

2.31549 1.96122 1.86724 

2.24830 2.04747 0.37436 

2.20432 2.08963 -1.13319 

2.13487 2.17017 -2.67005 

2.07133 2.22872 -4.15972 

2.00088 2.32983 -5.64094 

1.93717 2.37069 -7.07929 

1.90947 2.41790 -8.55117 

1.83653 2.44232 -10.02457 

1.79088 2.45699 -11.48387 

1.74543 2.49789 -12.93381 

1.66885 2.56588 -14.36509 

1.60117 2.61161 -15.84318 

1.52826 2.66619 -17.29564 

1.47964 2.71790 -18.73665 

1.44206 2.74402 -20.21793 

1.33330 2.76244 -21.68105 

1.27411 2.78351 -23.16346 

1.16918 2.80989 -24.58391 

1.11383 2.83007 -25.99799 

1.04606 2.83166 -27.43371 

0.94918 2.87406 -28.85385 

0.89701 2.87613 -30.27673 

0.85123 2.88537 -31.66730 

0.77613 2.89799 -33.04740 

0.70088 2.91386 -34.42967 

0.62176 2.92330 -35.80261 

0.57359 2.93270 -37.18476 

0.49289 2.94759 -38.56852 

0.39970 2.97259 -39.98526 

0.33308 2.98271 -41.35137 

0.24344 2.99574 -42.75792 

0.15094 3.03860 -44.15654 

0.08417 3.05913 -45.53273 

0.02718 3.04798 -46.89509 

-0.03822 3.04137 -48.26346 

-0.13189 3.05185 -49.64851 

-0.20334 3.04284 -50.99892 

-0.27689 3.02596 -52.39217 

-0.33838 3.01265 -53.77860 

-0.40926 3.00423 -55.15049 

-0.46851 3.00059 -56.54897 

-0.56592 2.99019 -57.92938 

-0.64103 2.98388 -59.32302 

-0.70915 2.97208 -60.72408 

-0.76940 2.95013 -62.09938 

-0.82510 2.93215 -63.48013 

-0.88849 2.92100 -64.90248 

-0.94766 2.89729 -66.30643 

-1.03205 2.85822 -67.70242 

-1.11659 2.83458 -69.09952 

-1.21171 2.82708 -70.52045 

-1.28972 2.78568 -71.93816 

-1.34610 2.75873 -73.33713 

-1.39753 2.71100 -74.74477 

-1.44961 2.67492 -76.15389 

-1.51072 2.63505 -77.57057 

-1.56453 2.59173 -78.97068 

-1.63402 2.54863 -80.37930 

-1.70357 2.51766 -81.78214 

-1.77938 2.48248 -83.20819 

-1.84799 2.41634 -84.64498 

-1.89456 2.36548 -86.04685 

-1.95339 2.33070 -87.46024 

-2.00793 2.29418 -88.86143 

-2.07602 2.23395 -90.28787 

-2.14668 2.16902 -91.70174 

-2.20623 2.11055 -93.09912 

-2.26027 2.07425 -94.53619 

-2.31700 2.01329 -95.94946 

-2.36584 1.94332 -97.36221 

-2.39742 1.89680 -98.76953 

-2.47110 1.84686 -100.20050 

-2.51085 1.78256 -101.60622 

-2.53240 1.72205 -102.99229 

-2.57213 1.66434 -104.36784 

-2.59987 1.59222 -105.74725 

-2.62969 1.53350 -107.13859 

-2.66563 1.44696 -108.51390 

-2.70686 1.38584 -109.89040 

-2.73557 1.30859 -111.28579 

-2.77088 1.23828 -112.65775 

-2.80407 1.19238 -114.04475 

-2.80330 1.14448 -115.44450 

-2.82221 1.07655 -116.83349 

-2.86756 0.99984 -118.24809 

-2.88959 0.92997 -119.63715 

-2.91625 0.86567 -121.04428 

-2.95394 0.78994 -122.44621 

-2.98098 0.74449 -123.84744 

-2.98397 0.66506 -125.21507 

-2.98960 0.60904 -126.60775 

-2.96645 0.53983 -128.01791 

-2.98237 0.47600 -129.39511 

-3.00001 0.39971 -130.81490 

-3.01728 0.32143 -132.21281 

-3.04059 0.26344 -133.61368 

-3.05008 0.17305 -135.01822 

-3.07570 0.10140 -136.44016 

-3.07160 0.02010 -137.86095 

-3.07518 -0.06016 -139.28726 

-3.07141 -0.13169 -140.72874 

-3.07258 -0.23773 -142.15004 

-3.05025 -0.29192 -143.57352 

-3.04598 -0.39281 -145.01123 

-3.03540 -0.47548 -146.43494 

-3.02249 -0.53497 -147.86690 

-2.98932 -0.61492 -149.28581 

-2.99420 -0.67760 -150.72643 

-3.09127 -0.72041 -152.08862 

-3.04649 -0.84343 -153.49889 

-3.00841 -0.93219 -154.93694 

-2.94126 -1.01237 -156.36519 

-2.88181 -1.09346 -157.79279 

-2.83145 -1.15182 -159.20381 

-2.77556 -1.23695 -160.64999 

-2.72664 -1.27874 -162.07396 

-2.67552 -1.34389 -163.48903 

-2.63560 -1.41284 -164.89481 

-2.57324 -1.47809 -166.33191 

-2.53743 -1.55204 -167.75885 

-2.49446 -1.61084 -169.17776 

-2.46778 -1.64524 -170.60451 

-2.42880 -1.69176 -172.04489 

-2.40702 -1.75318 -173.46809 

-2.36747 -1.80217 -174.90137 

-2.33777 -1.85206 -176.32245 

-2.28069 -1.91877 -177.73509 

-2.24349 -1.99913 -179.14644 

-2.20579 -2.04972 179.43466 

-2.15197 -2.09760 178.01094 

-2.09769 -2.15384 176.60509 

-2.04816 -2.17489 175.21753 

-1.97945 -2.23511 173.81058 

-1.92523 -2.28307 172.41190 

-1.88969 -2.31750 170.98192 

-1.83248 -2.36533 169.56856 

-1.78397 -2.41076 168.09116 

-1.72760 -2.46359 166.65770 

-1.64622 -2.50010 165.21288 

-1.55063 -2.53672 163.75729 

-1.45151 -2.59108 162.35246 

-1.41522 -2.64803 160.91571 

-1.35320 -2.68629 159.48346 

-1.27943 -2.73266 158.04805 

-1.23602 -2.77123 156.62579 

-1.15701 -2.80889 155.21400 

-1.09076 -2.84191 153.81372 

-1.02738 -2.86604 152.40273 

-0.95287 -2.89181 150.99797 

-0.90612 -2.90837 149.59103 

-0.81933 -2.93261 148.18690 

-0.73240 -2.94874 146.76228 

-0.65046 -2.95832 145.34773 

-0.58111 -2.98047 143.96301 

-0.51492 -2.98149 142.55934 

-0.44584 -3.00767 141.15346 

-0.37870 -3.00055 139.76279 

-0.30310 -2.98854 138.34399 

-0.23364 -3.00601 136.93120 

-0.15883 -3.02494 135.52267 

-0.08562 -3.02867 134.11609 

-0.03340 -3.02019 132.72226 

0.03552 -3.01090 131.30005 

0.12335 -3.01199 129.90126 

0.19248 -2.99531 128.51659 

0.28272 -2.99832 127.12812 

0.36839 -2.98530 125.74652 

0.43525 -2.95942 124.36779 

0.49355 -2.93134 122.98331 

0.57789 -2.91195 121.59521 

0.65944 -2.88915 120.22961 

0.70879 -2.88333 118.85344 

0.78605 -2.89077 117.47855 

0.85393 -2.88869 116.08711 

0.91447 -2.87176 114.68790 

0.98148 -2.84654 113.29937 

1.04722 -2.83610 111.91505 

1.12373 -2.81053 110.52642 

1.18241 -2.78979 109.13934 

1.23033 -2.77098 107.73021 

1.28775 -2.72455 106.33220 

1.39422 -2.67728 104.91312 

1.45348 -2.66486 103.51367 

1.52297 -2.63520 102.12561 

1.60175 -2.60102 100.73438 

1.67625 -2.56259 99.32713 

1.75689 -2.50273 97.92339 

1.80225 -2.46328 96.46737 

1.83076 -2.40103 95.07330 

1.89361 -2.35287 93.69160 

1.94866 -2.31258 92.32931 

1.99264 -2.27642 90.93345 

2.05578 -2.22396 89.52756 

2.09512 -2.17256 88.13837 

2.17908 -2.09272 86.72366 

2.24283 -2.03767 85.32369 

2.28639 -2.00501 83.92051 

2.30244 -1.93085 82.51513 

2.31842 -1.88031 81.11570 

2.36729 -1.81373 79.71075 

2.43572 -1.76648 78.30005 

2.48972 -1.70618 76.90571 

2.54105 -1.65031 75.47852 

2.57553 -1.57684 74.06953 

2.62130 -1.50843 72.65051 

2.65492 -1.46223 71.23528 

2.69785 -1.41383 69.82857 

2.74686 -1.34158 68.41965 

2.79190 -1.24522 67.01270 

2.81129 -1.16168 65.62380 

2.84051 -1.10845 64.22800 

2.87074 -1.03633 62.80015 

2.90810 -0.97219 61.41790 

2.94506 -0.92604 60.01195 

2.95411 -0.86735 58.60852 

2.96422 -0.78509 57.21447 

2.97053 -0.69941 55.80844 

3.00975 -0.64821 54.38106 

3.00716 -0.57958 53.00800 

3.02156 -0.50837 51.62236 

3.01909 -0.41283 50.20568 

3.02946 -0.35650 48.79126 

3.04965 -0.25517 47.39945 

3.04980 -0.19849 45.97606 

3.03495 -0.11556 44.57226 

3.02914 -0.04777 43.14638 

3.00560 0.03889 41.74071 

3.00497 0.11921 40.34883 

3.00752 0.18772 38.96567 

3.01952 0.27274 37.54747 

3.03369 0.36902 36.13621 

3.03629 0.45142 34.72968 

3.01821 0.50748 33.33293 

3.01497 0.58078 31.92449 

3.00326 0.63973 30.54095 

2.96372 0.73714 29.12544 

2.95300 0.78856 27.74172 

2.93598 0.85776 26.32211 

2.91963 0.93164 24.89159 

2.90916 0.97680 23.47522 

2.88565 1.05820 22.04691 

2.84716 1.11390 20.62510 

2.80045 1.16388 19.21739 

2.76866 1.21397 17.80106 

2.70636 1.29957 16.35737 

2.66810 1.37364 14.93355 

2.62616 1.44099 13.49232 

2.60808 1.50311 12.04490 

2.58881 1.56372 10.58690 

2.53984 1.65059 9.11637 

2.50260 1.71613 7.67278 

2.44743 1.79366 6.21739 

2.40636 1.84539 4.78069 

2.37089 1.90983 3.33077 

2.33068 1.97423 1.89042 

2.28426 2.04269 0.46013 

2.22295 2.08916 -0.97304 

2.15615 2.14159 -2.39978 

2.08699 2.20770 -3.83488 

2.04787 2.26127 -5.29318 

1.99113 2.32237 -6.71436 

1.92670 2.33411 -8.15280 

1.86320 2.40217 -9.57632 

1.77502 2.44836 -10.96677 

1.71273 2.48113 -12.38414 

1.64688 2.52899 -13.81083 

1.59062 2.57302 -15.23367 

1.51859 2.60591 -16.63092 

1.48041 2.61958 -18.02883 

1.42688 2.65480 -19.44011 

1.35469 2.68808 -20.86395 

1.28132 2.73521 -22.28125 

1.20865 2.76398 -23.71659 

1.14230 2.79594 -25.14475 

1.08311 2.84597 -26.56976 

1.02104 2.89458 -28.01378 

0.94062 2.91343 -29.47258 

0.88190 2.93128 -30.91944 

0.79854 2.94065 -32.36332 

0.72025 2.96789 -33.79325 

0.64603 2.98427 -35.25506 

0.55936 2.99890 -36.71846 

0.48631 3.01009 -38.14980 

0.40407 3.02286 -39.59409 

0.33081 3.03492 -41.03098 

0.25187 3.03431 -42.46698 

0.17051 3.05535 -43.90877 

0.10729 3.05902 -45.35622 

0.05018 3.06485 -46.77224 

-0.02032 3.07401 -48.22673 

-0.09113 3.05805 -49.68682 

-0.18615 3.06316 -51.16048 

-0.25887 3.04249 -52.60387 

-0.34204 3.03019 -54.06179 

-0.42344 3.01775 -55.50598 

-0.49738 3.00155 -56.94078 

-0.56343 2.97195 -58.36611 

-0.64768 2.94912 -59.82427 

-0.72417 2.92567 -61.27560 

-0.80152 2.91084 -62.74044 

-0.85455 2.89306 -64.23393 

-0.92224 2.87172 -65.66884 

-1.02935 2.82784 -67.11954 

-1.10841 2.80607 -68.57687 

-1.16216 2.77350 -70.01492 

-1.23941 2.75154 -71.47665 

-1.29852 2.72394 -72.93348 

-1.40807 2.69451 -74.37981 

-1.46680 2.64553 -75.81792 

-1.52926 2.62171 -77.25652 

-1.59710 2.58923 -78.71526 

-1.64185 2.56318 -80.15785 

-1.68797 2.52014 -81.62018 

-1.76875 2.46615 -83.07556 

-1.82310 2.42297 -84.52407 

-1.89020 2.38967 -85.94994 

-1.94000 2.32859 -87.40195 

-2.00284 2.27119 -88.87170 

-2.06140 2.22431 -90.31136 

-2.11900 2.17639 -91.75475 

-2.15656 2.12710 -93.17451 

-2.20658 2.07798 -94.63650 

-2.23374 2.02948 -96.10242 

-2.28324 1.96296 -97.56454 

-2.36261 1.89875 -99.00070 

-2.40714 1.84322 -100.45287 

-2.43519 1.78122 -101.89455 

-2.48548 1.71410 -103.33951 

-2.54802 1.65601 -104.76870 

-2.61519 1.59304 -106.20535 

-2.68607 1.52476 -107.62115 

-2.70464 1.44191 -109.05962 

-2.70797 1.38151 -110.50669 

-2.72901 1.31658 -112.00154 

-2.74571 1.27531 -113.43072 

-2.76346 1.18933 -114.85657 

-2.79822 1.10190 -116.32348 

-2.81605 1.05522 -117.77607 

-2.85918 0.97837 -119.22015 

-2.87671 0.91338 -120.67407 

-2.91922 0.84146 -122.12586 

-2.92730 0.76510 -123.56432 

-2.96366 0.67991 -124.98080 

-2.99609 0.59249 -126.42098 

-3.01751 0.51489 -127.83964 

-3.04875 0.42996 -129.25395 

-3.05620 0.36103 -130.68161 

-3.06434 0.28581 -132.11032 

-3.04390 0.20720 -133.52385 

-3.05901 0.14234 -134.93852 

-3.06378 0.05712 -136.36026 

-3.06105 -0.01618 -137.79192 

-3.06783 -0.08164 -139.21477 

-3.04443 -0.13678 -140.64923 

-3.03879 -0.22770 -142.07651 

-3.02118 -0.30038 -143.49547 

-3.01843 -0.37220 -144.91969 

-2.99672 -0.45701 -146.34232 

-2.98060 -0.54789 -147.74405 

-2.98512 -0.57496 -149.17160 

-2.93398 -0.67192 -150.59738 

-2.89299 -0.73810 -152.04317 

-2.87421 -0.83033 -153.48363 

-2.86208 -0.89557 -154.91762 

-2.85528 -0.97995 -156.34337 

-2.83486 -1.06075 -157.77441 

-2.82425 -1.10839 -159.20435 

-2.79920 -1.16231 -160.61728 

4.52385 2.37458 -169.35454 

2.58325 1.14521 -170.85033 

1.00016 0.11684 -172.29842 

-0.28186 -0.73266 -173.73471 

-1.29115 -1.43441 -175.15057 

-2.04978 -1.98145 -176.54182 

-2.61557 -2.43560 -177.94624 

-3.02147 -2.78268 -179.35770 

-3.27876 -3.05421 179.23270 

-3.39811 -3.24932 177.82237 

-3.44912 -3.39350 176.37764 

-3.44211 -3.49359 174.93712 

-3.35859 -3.56945 173.49072 

-3.22007 -3.61145 172.05542 

-3.00641 -3.61135 170.63074 

-2.89438 -3.61544 169.21683 

-2.73489 -3.56262 167.76485 

-2.53668 -3.57035 166.31564 

-2.36834 -3.54404 164.89751 

-2.18228 -3.47758 163.46510 

-2.16208 -3.34465 161.99702 

-1.93550 -3.25786 160.55771 

-1.74298 -3.23537 159.11902 

-1.54444 -3.21624 157.69861 

-1.40627 -3.18958 156.25943 

-1.25747 -3.14948 154.81927 

-1.15001 -3.11492 153.38907 

