-2.88702 -3.37457 -12.52681 

-3.18893 -3.88899 -16.75802 

-3.24653 -4.18879 -21.02045 

-3.17202 -4.34322 -25.27978 

-2.98988 -4.30422 -29.55879 

-2.73698 -4.17398 -33.83585 

-2.48500 -3.97395 -38.11707 

-2.20410 -3.71782 -42.39624 

-1.95441 -3.42833 -46.68850 

-1.69094 -3.08121 -50.97708 

-1.48809 -2.74624 -55.28114 

-1.33614 -2.43215 -59.54779 

-1.20316 -2.14167 -63.80291 

-1.11367 -1.87261 -68.03996 

-1.08481 -1.64585 -72.31689 

-1.04775 -1.48093 -76.57331 

-1.05252 -1.36602 -80.83408 

-1.07478 -1.34418 -85.06949 

-1.05259 -1.24802 -89.31690 

-1.09817 -1.20339 -93.55764 

-1.09358 -1.17840 -97.81052 

-1.10154 -1.20428 -102.05397 

-1.08015 -1.19408 -106.31094 

-1.10892 -1.33378 -110.56290 

-1.05760 -1.42745 -114.79346 

-0.97353 -1.52432 -119.02402 

-0.87697 -1.63066 -123.27900 

-0.76279 -1.74613 -127.52911 

-0.64608 -1.81935 -131.76678 

-0.48704 -1.90181 -136.04393 

-0.33621 -2.01680 -140.29532 

-0.19330 -2.06854 -144.66393 

-0.02283 -2.11707 -148.89861 

0.13716 -2.12002 -153.12917 

0.33059 -2.13801 -157.38589 

0.53158 -2.15167 -161.65262 

0.71150 -2.11758 -165.89413 

0.89051 -2.11018 -170.11890 

1.09962 -2.03694 -174.38478 

1.24461 -1.99296 -178.65373 

1.40802 -1.91432 177.11415 

1.58884 -1.80086 172.84985 

1.75527 -1.67317 168.63354 

1.91071 -1.54388 164.38429 

2.05968 -1.39810 160.13084 

2.14733 -1.24434 155.87225 

2.25898 -1.11912 151.61038 

2.36282 -0.93229 147.36131 

2.46956 -0.75072 143.09543 

2.53276 -0.55188 138.85706 

2.58178 -0.35303 134.62376 

2.61995 -0.19991 130.37540 

2.64253 -0.03752 126.10360 

2.66742 0.17285 121.86272 

2.61784 0.37076 117.59534 

2.59836 0.54371 113.34666 

2.56780 0.75424 109.08028 

2.55595 0.93372 104.85945 

2.48369 1.09801 100.60815 

2.42270 1.27009 96.37730 

2.32664 1.42148 92.08403 

2.22810 1.59957 87.68803 

2.12216 1.71020 83.41982 

1.99308 1.84951 79.14581 

1.84459 1.98474 74.88434 

1.69061 2.11584 70.61548 

1.54406 2.24276 66.35985 

1.37110 2.30104 62.09044 

1.21188 2.40408 57.82039 

1.03717 2.49425 53.55431 

0.86845 2.56930 49.26797 

0.69566 2.63888 45.00088 

0.52309 2.67273 40.73623 

0.33029 2.69653 36.45721 

0.14942 2.68178 32.20113 

-0.05980 2.70590 27.93941 

-0.25932 2.70754 23.65280 

-0.42025 2.65941 19.40638 

-0.61100 2.61594 15.14982 

-0.76065 2.56774 10.86984 

-0.96034 2.50174 6.60605 

-1.14473 2.44755 2.32728 

-1.31573 2.29842 -1.95130 

-1.44889 2.20000 -6.20375 

-1.55590 2.03175 -10.48389 

-1.69156 1.88990 -14.76239 

-1.85313 1.75673 -19.03160 

-1.94837 1.59758 -23.27989 

-2.00732 1.44253 -27.54747 

-2.09089 1.29220 -31.79373 

-2.15106 1.12329 -36.04472 

-2.21445 0.98808 -40.32187 

-2.26803 0.80304 -44.56659 

-2.30690 0.63710 -48.83390 

-2.31858 0.43864 -53.09562 

-2.30003 0.24515 -57.31689 

-2.28053 0.08250 -61.60007 

-2.27131 -0.15530 -65.88090 

-2.25146 -0.33592 -70.25566 

-2.23190 -0.52880 -74.50572 

-2.19301 -0.68681 -78.77608 

-2.10360 -0.84525 -83.03672 

-2.02059 -1.00382 -87.28380 

-1.94810 -1.15769 -91.53284 

-1.84820 -1.29770 -95.78680 

-1.72676 -1.42023 -100.03530 

-1.58635 -1.54976 -104.28355 

-1.45616 -1.68415 -108.54999 

-1.30166 -1.80508 -112.81188 

-1.11275 -1.88453 -117.07063 

-0.95457 -1.96726 -121.31940 

-0.78496 -2.05092 -125.56545 

-0.54479 -2.16231 -129.80673 

-0.34826 -2.22457 -134.06380 

-0.17855 -2.22744 -138.34224 

0.05927 -2.26599 -142.61850 

0.20533 -2.24504 -146.85690 

0.37804 -2.22995 -151.11964 

0.56795 -2.21883 -155.39453 

0.73945 -2.16140 -159.65883 

0.92887 -2.11540 -163.91385 

1.08466 -2.05066 -168.17363 

1.21337 -1.95950 -172.42390 

1.33586 -1.89995 -176.69101 

1.49983 -1.81711 179.06918 

1.68374 -1.73318 174.79871 

1.80169 -1.64450 170.42599 

1.92373 -1.50532 166.16821 

2.06471 -1.37552 161.91290 

2.13979 -1.23356 157.68903 

