4.22669 -42.26873 

-2.22442 -3.88810 -46.56181 

-1.97580 -3.52065 -50.85006 

-1.77033 -3.14551 -55.12745 

-1.60496 -2.80062 -59.43845 

-1.46043 -2.50075 -63.71022 

-1.40079 -2.22593 -67.98576 

-1.35984 -1.96178 -72.23315 

-1.31688 -1.76694 -76.50416 

-1.32817 -1.64250 -80.76294 

-1.34025 -1.53876 -85.02638 

-1.40308 -1.55995 -89.27802 

-1.42151 -1.55031 -93.52665 

-1.41461 -1.55878 -97.78329 

-1.41334 -1.58222 -102.03252 

-1.40012 -1.62478 -106.28203 

-1.35911 -1.68773 -110.54131 

-1.31151 -1.79173 -114.79451 

-1.19452 -1.88612 -119.04412 

-1.09426 -1.94854 -123.26981 

-0.93543 -2.11706 -127.50404 

-0.81852 -2.24020 -131.74442 

-0.68099 -2.33253 -135.98071 

-0.49906 -2.41348 -140.23413 

-0.32744 -2.50387 -144.51288 

-0.18489 -2.54848 -148.88647 

0.02624 -2.57510 -153.13129 

0.22702 -2.58961 -157.39224 

0.47109 -2.59294 -161.61717 

0.68284 -2.53598 -165.85985 

0.90860 -2.51792 -170.11914 

1.12846 -2.48416 -174.37541 

1.34005 -2.42146 -178.62227 

1.51512 -2.30851 177.15767 

1.71842 -2.17947 172.91344 

1.84944 -2.05105 168.65999 

2.01542 -1.90441 164.41905 

2.15308 -1.76210 160.17201 

2.28464 -1.57749 155.94180 

2.38997 -1.41835 151.69409 

2.51104 -1.22633 147.45442 

2.60377 -1.02959 143.20975 

2.67429 -0.83900 138.96254 

2.72705 -0.64356 134.71892 

2.77748 -0.45417 130.48766 

2.79405 -0.23678 126.27496 

2.76501 -0.04079 122.02258 

2.76160 0.19363 117.79520 

2.73578 0.38934 113.53743 

2.72581 0.59871 109.29517 

2.68202 0.77826 105.04790 

2.60141 0.97732 100.82940 

2.51558 1.17958 96.58699 

2.40784 1.39304 92.32837 

2.30269 1.54635 88.08945 

2.12295 1.68468 83.72407 

2.03114 1.84751 79.43788 

1.86344 1.96160 75.21882 

1.73439 2.09864 70.97154 

1.58251 2.25075 66.71988 

1.38728 2.42217 62.47860 

1.20419 2.52997 58.24020 

1.04078 2.59719 53.99229 

0.85377 2.67651 49.73814 

0.66821 2.69547 45.48224 

0.46108 2.74778 41.21801 

0.27030 2.70796 36.97987 

0.06210 2.73507 32.74858 

-0.15338 2.72580 28.50985 

-0.34580 2.68676 24.26905 

-0.52726 2.63776 20.03582 

-0.73862 2.57911 15.77555 

-0.91308 2.52560 11.53524 

-1.10458 2.45216 7.27954 

-1.28551 2.37620 3.02650 

-1.49447 2.27836 -1.22150 

-1.69577 2.15577 -5.48232 

-1.82679 2.04073 -9.74150 

-1.95098 1.90031 -13.99287 

-2.05950 1.75412 -18.22059 

-2.18302 1.55511 -22.45696 

-2.25373 1.41928 -26.68853 

-2.36949 1.23001 -30.94436 

-2.48275 1.08105 -35.19417 

-2.56466 0.90079 -39.44216 

-2.61107 0.72099 -43.67302 

-2.64758 0.52694 -47.91117 

-2.63752 0.38183 -52.16110 

-2.66872 0.15031 -56.39237 

-2.69805 -0.04785 -60.73985 

-2.67437 -0.24435 -64.97296 

-2.63154 -0.32574 -69.19433 

-2.58214 -0.58874 -73.43566 

-2.54997 -0.84807 -77.65101 

-2.47895 -1.08428 -81.87342 

-2.40527 -1.26430 -86.11683 

-2.29687 -1.48807 -90.36016 

-2.20110 -1.63814 -94.59042 

-2.06859 -1.82752 -98.85439 

-1.92787 -1.97728 -103.09798 

-1.76113 -2.11928 -107.32393 

-1.59773 -2.26873 -111.57497 

-1.43652 -2.36657 -115.82102 

-1.23969 -2.45362 -120.08278 

-1.05210 -2.53947 -124.31268 

-0.88295 -2.58813 -128.52620 

-0.71374 -2.60463 -132.75195 

-0.51483 -2.66660 -137.00015 

-0.33574 -2.71123 -141.24231 

-0.13806 -2.72534 -145.48366 

0.06777 -2.69202 -149.70757 

0.28341 -2.70854 -153.96045 

0.54486 -2.69173 -158.20758 

0.73421 -2.67744 -162.42708 

0.95808 -2.61372 -166.66727 

1.18741 -2.53317 -170.90627 

1.37419 -2.46011 -175.13477 

1.50862 -2.34909 -179.37787 

1.66900 -2.20830 176.38036 

1.81572 -2.08643 172.00540 

1.94507 -1.96208 167.75751 

2.12856 -1.81106 163.52382 

2.25115 -1.64608 159.27917 

2.32239 -1.48789 155.05125 

2.39943 -1.30219 150.79811 

2.52833 -1.12836 146.54456 

2.58119 -0.91022 142.32988 

2.66597 -0.74358 138.09148 

2.73591 -0.49982 133.85794 

2.74768 -0.30773 129.61221 

2.75946 -0.12359 125.37897 

2.75449 0.08116 121.16303 

2.74212 0.29164 116.94604 

2.74083 0.50318 112.71210 

2.70038 0.68401 108.47832 

2.64056 0.87306 104.25077 

2.56538 1.08032 100.00359 

2.48509 1.28624 95.74271 

2.36541 1.44908 91.52512 

2.25500 1.59401 87.29027 

2.12525 1.77970 83.04323 

2.00595 1.89538 78.81550 

1.87614 2.02710 74.57450 

1.71528 2.15772 70.33514 

1.52907 2.30116 66.09760 

1.36317 2.41581 61.86516 

1.17800 2.48885 57.62321 

1.00318 2.54695 53.38974 

0.81797 2.60764 49.16983 

0.61622 2.67201 44.95385 

0.37963 2.70140 40.71373 

0.17607 2.76195 36.49218 

-0.02923 2.75813 32.12783 

-0.26459 2.77616 27.89835 

-0.44022 2.76154 23.64334 

-0.65067 2.73188 19.40494 

-0.82532 2.67725 15.16942 

-1.01935 2.58633 10.89777 

-1.20052 2.49485 6.67246 

-1.39927 2.39715 2.44572 

-1.57381 2.27551 -1.79202 

-1.67562 2.16207 -6.03905 

-1.84897 2.00302 -10.30237 

-2.00435 1.90780 -14.53324 

-2.09844 1.74072 -18.77532 

-2.19883 1.58636 -22.98736 

-2.32954 1.43090 -27.20648 

-2.41238 1.22727 -31.43913 

-2.56569 1.01582 -35.66228 

-2.65468 0.85575 -39.87556 

-2.70055 0.66373 -44.12479 

-2.72703 0.47056 -48.35332 

-2.73450 0.27763 -52.58519 

-2.71844 0.08038 -56.82230 

-2.72594 -0.15055 -61.06528 

-2.70244 -0.31182 -65.30634 

-2.63639 -0.50424 -69.53755 

-2.56406 -0.67146 -73.76483 

