-3.65157 -4.72757 -28.73751 

-3.41807 -4.56380 -32.90923 

-3.14707 -4.31496 -37.09825 

-2.89039 -3.99072 -41.29729 

-2.64471 -3.64987 -45.51838 

-2.41634 -3.30604 -49.72400 

-2.24026 -2.98939 -53.89773 

-2.09705 -2.65313 -58.08280 

-1.96017 -2.35398 -62.25407 

-1.89323 -2.10510 -66.41550 

-1.83077 -1.88987 -70.58563 

-1.80646 -1.71535 -74.74305 

-1.77779 -1.59029 -78.92090 

-1.78132 -1.49772 -83.05650 

-1.77237 -1.46392 -87.21156 

-1.78742 -1.46619 -91.37407 

-1.81375 -1.52528 -95.51849 

-1.82755 -1.61553 -99.65274 

-1.78927 -1.72070 -103.79198 

-1.74796 -1.84227 -107.94741 

-1.66490 -1.97035 -112.09740 

-1.57605 -2.09866 -116.26432 

-1.46538 -2.23370 -120.41379 

-1.33471 -2.37563 -124.59248 

-1.19931 -2.49334 -128.73283 

-1.00946 -2.59749 -132.86746 

-0.82936 -2.70777 -137.02452 

-0.64929 -2.78965 -141.18103 

-0.44228 -2.87755 -145.33716 

-0.24025 -2.93244 -149.49707 

-0.02802 -2.97259 -153.67035 

0.19669 -2.98758 -157.80586 

0.43781 -2.97153 -161.95815 

0.67815 -2.93669 -166.21619 

0.90206 -2.89677 -170.38080 

1.12944 -2.83928 -174.52585 

1.36394 -2.75860 -178.68735 

1.57467 -2.65028 177.16866 

1.78412 -2.54117 172.98906 

1.98038 -2.40726 168.80933 

2.18351 -2.25949 164.67966 

2.35003 -2.10018 160.56218 

2.49823 -1.93085 156.41884 

2.65130 -1.72823 152.29088 

2.78400 -1.51923 148.17102 

2.88232 -1.32442 144.04445 

2.97092 -1.11374 139.90916 

3.05184 -0.87601 135.74492 

3.11053 -0.65884 131.62999 

3.14658 -0.44155 127.48897 

3.16180 -0.21754 123.35001 

3.16746 0.02119 119.22497 

3.13821 0.24706 115.08878 

3.09298 0.48195 110.94477 

3.04411 0.69427 106.81732 

2.98751 0.90944 102.68964 

2.91439 1.11919 98.56323 

2.82457 1.33535 94.42797 

2.71312 1.53056 90.29716 

2.59351 1.72715 86.16233 

2.47761 1.90414 82.03011 

2.34069 2.07878 77.89084 

2.23266 2.26322 73.75177 

2.07820 2.40790 69.62052 

1.90547 2.54991 65.48294 

1.71338 2.68571 61.32436 

1.51616 2.81131 57.19192 

1.31454 2.90939 53.04296 

1.08972 2.99907 48.90813 

0.86195 3.05344 44.76728 

0.63644 3.08391 40.61438 

0.40444 3.12321 36.47178 

0.21167 3.13278 32.33336 

-0.01849 3.11372 28.19939 

-0.27266 3.10138 24.03793 

-0.49328 3.07366 19.89214 

-0.70485 3.04302 15.63049 

-0.93007 2.98835 11.46869 

-1.15619 2.89440 7.31836 

-1.36992 2.80435 3.15347 

-1.56223 2.71215 -0.99483 

-1.73052 2.59445 -5.16075 

-1.91608 2.45349 -9.30371 

-2.10258 2.30911 -13.45452 

-2.29396 2.14989 -17.60899 

-2.44858 1.96761 -21.72965 

-2.56208 1.80923 -25.89622 

-2.67530 1.62092 -30.01678 

-2.79928 1.44520 -34.15015 

-2.87331 1.23047 -38.30772 

-2.95239 1.03153 -42.44929 

-2.99979 0.82457 -46.59532 

-3.03604 0.60739 -50.72105 

-3.05061 0.37807 -54.86589 

-3.07178 0.15089 -58.98657 

-3.07937 -0.06165 -63.12375 

-3.06734 -0.29562 -67.26229 

-3.03884 -0.51386 -71.38049 

-2.98770 -0.73518 -75.51610 

-2.93991 -0.96988 -79.66808 

-2.83936 -1.17956 -83.79797 

-2.77127 -1.39722 -87.96186 

-2.66278 -1.57937 -92.10609 

-2.52123 -1.77100 -96.24885 

-2.38927 -1.94522 -100.40750 

-2.26192 -2.13028 -104.57331 

-2.09503 -2.29190 -108.74445 

-1.91919 -2.44064 -112.88378 

-1.72582 -2.57323 -117.05145 

-1.53730 -2.70955 -121.20895 

-1.32101 -2.81409 -125.35109 

-1.09306 -2.90193 -129.53339 

-0.86822 -2.98157 -133.68213 

-0.66895 -3.04998 -137.85014 

-0.42423 -3.09378 -142.00964 

-0.22519 -3.12482 -146.16673 

-0.00489 -3.12686 -150.30490 

0.20778 -3.12073 -154.45724 

0.42766 -3.09517 -158.61066 

0.62575 -3.04700 -162.87723 

0.84991 -2.99909 -167.03506 

1.07461 -2.89401 -171.16669 

1.28883 -2.81165 -175.30705 

1.47212 -2.69844 -179.44051 

1.66293 -2.58256 176.43797 

1.85117 -2.45259 172.28844 

2.03809 -2.33541 168.14798 

2.19452 -2.18794 163.99893 

2.34038 -2.02154 159.84703 

2.47734 -1.83280 155.70821 

2.60443 -1.65554 151.58098 

2.71905 -1.43368 147.43901 

2.83279 -1.24951 143.28827 

2.92671 -1.02997 139.13905 

3.01477 -0.84814 134.99583 

3.07573 -0.62951 130.86601 

3.12860 -0.38423 126.73448 

3.15019 -0.16756 122.56133 

3.16468 0.04882 118.40818 

3.14725 0.28537 114.28430 

3.11668 0.52347 110.15118 

3.05904 0.74520 105.99248 

3.00567 0.97536 101.82978 

2.92848 1.19624 97.69915 

2.82890 1.40682 93.55649 

2.71140 1.58968 89.38281 

2.59327 1.78375 85.24726 

2.45704 1.96160 81.09667 

2.29538 2.13788 76.93840 

2.14260 2.30166 72.78777 

1.96803 2.44951 68.63595 

1.78788 2.58739 64.46159 

1.61118 2.71667 60.29866 

1.40943 2.82268 56.14836 

1.21836 2.89462 51.99337 

1.02679 2.96663 47.85800 

0.78690 3.00977 43.71365 

0.55682 3.04635 39.57104 

