-3.39095 -3.76843 -12.20632 

-3.73950 -4.31786 -16.31098 

-3.87289 -4.64827 -20.42467 

-3.81599 -4.76522 -24.59830 

-3.63193 -4.73667 -28.77329 

-3.40720 -4.57300 -32.96702 

-3.16461 -4.33878 -37.16838 

-2.88326 -4.02404 -41.37862 

-2.62077 -3.68994 -45.57233 

-2.41109 -3.33928 -49.75566 

-2.22168 -3.01642 -53.94300 

-2.08280 -2.67915 -58.12918 

-1.98468 -2.35882 -62.31656 

-1.90823 -2.09997 -66.47440 

-1.85694 -1.88837 -70.64639 

-1.82311 -1.72261 -74.77818 

-1.81997 -1.62648 -78.94766 

-1.81953 -1.55309 -83.11503 

-1.80927 -1.52707 -87.28088 

-1.83202 -1.52513 -91.44773 

-1.82731 -1.54492 -95.59451 

-1.80921 -1.60298 -99.75189 

-1.79386 -1.69148 -103.89851 

-1.75769 -1.81950 -108.06776 

-1.67109 -1.94386 -112.21983 

-1.60216 -2.08126 -116.36646 

-1.49134 -2.20616 -120.52115 

-1.38832 -2.33773 -124.67406 

-1.23803 -2.47210 -128.83498 

-1.05129 -2.57761 -132.97179 

-0.88387 -2.69193 -137.14587 

-0.67399 -2.80667 -141.29364 

-0.46871 -2.87551 -145.42738 

-0.25649 -2.94351 -149.58163 

-0.02484 -2.97662 -153.73680 

0.21226 -2.98435 -157.88353 

0.44847 -2.98565 -162.03522 

0.70408 -2.97493 -166.30568 

0.92810 -2.92765 -170.48578 

1.15318 -2.88922 -174.62943 

1.32958 -2.79478 -178.79230 

1.55075 -2.65551 177.05925 

1.75876 -2.54454 172.91614 

1.95515 -2.41024 168.75824 

2.14365 -2.28493 164.59517 

2.32819 -2.11454 160.47108 

2.47368 -1.94722 156.33044 

2.60533 -1.74088 152.19472 

2.73582 -1.52497 148.04472 

2.85767 -1.32468 143.89404 

2.94431 -1.09285 139.76277 

3.01651 -0.88477 135.62080 

3.07499 -0.65198 131.48119 

3.09205 -0.41763 127.32740 

3.14031 -0.19482 123.15343 

3.17441 -0.00419 119.01218 

3.15816 0.21447 114.88783 

3.13195 0.44989 110.74952 

3.07799 0.70349 106.61250 

3.03117 0.92356 102.44514 

2.98808 1.15160 98.29984 

2.90313 1.34436 94.16060 

2.78592 1.53379 90.00172 

2.63516 1.72690 85.88412 

2.47863 1.88828 81.74394 

2.32986 2.05051 77.59046 

2.17506 2.23975 73.43253 

2.00394 2.38201 69.28698 

1.84159 2.51715 65.12043 

1.65825 2.64946 60.95797 

1.45923 2.77043 56.79376 

1.27264 2.88821 52.63731 

1.04340 2.97484 48.47915 

0.84185 3.04438 44.32805 

0.60443 3.08027 40.17331 

0.37189 3.11154 36.01527 

0.13034 3.14896 31.86223 

-0.11709 3.15386 27.72962 

-0.33881 3.11609 23.57070 

-0.55272 3.09010 19.29092 

-0.76887 3.03900 15.13929 

-0.97649 2.97646 10.98389 

-1.16647 2.86507 6.84236 

-1.38264 2.77796 2.68697 

-1.56175 2.66984 -1.44522 

-1.74083 2.54270 -5.58936 

-1.91622 2.42361 -9.73092 

-2.09511 2.27486 -13.86428 

-2.27212 2.11589 -18.02266 

-2.42129 1.94989 -22.16681 

-2.56686 1.78756 -26.31950 

-2.66844 1.57006 -30.46361 

-2.77469 1.36364 -34.61858 

-2.87471 1.16608 -38.77751 

-2.93567 0.96074 -42.91758 

-2.98593 0.75132 -47.06834 

-3.05250 0.55536 -51.21317 

-3.07735 0.32467 -55.35826 

-3.09129 0.09278 -59.51812 

-3.08336 -0.13549 -63.65891 

-3.07709 -0.34564 -67.80164 

-3.07349 -0.57732 -71.94768 

-3.03965 -0.79431 -76.10045 

-2.97547 -0.99681 -80.25855 

-2.89976 -1.20529 -84.39037 

-2.80331 -1.40832 -88.52484 

-2.67181 -1.62029 -92.64848 

-2.52417 -1.80238 -96.79359 

-2.39314 -1.97976 -100.96403 

-2.22222 -2.14215 -105.10304 

-2.04933 -2.30902 -109.25332 

-1.88582 -2.45350 -113.40300 

-1.67886 -2.57828 -117.54671 

-1.49024 -2.69127 -121.71043 

-1.30258 -2.82875 -125.86156 

-1.09127 -2.90789 -130.00333 

-0.88959 -2.99333 -134.18102 

-0.67387 -3.03152 -138.32448 

-0.44850 -3.05613 -142.44138 

-0.22470 -3.09229 -146.60117 

-0.00712 -3.10478 -150.75798 

0.23345 -3.10458 -154.93352 

0.46467 -3.07260 -159.19899 

0.68811 -3.02194 -163.35696 

0.90913 -2.95186 -167.50806 

1.12352 -2.86739 -171.68213 

1.31514 -2.80236 -175.81204 

1.52926 -2.70499 -179.96678 

1.73143 -2.57756 175.90384 

1.92182 -2.44279 171.75348 

2.09513 -2.29343 167.58789 

2.26295 -2.13336 163.43095 

2.41628 -1.97002 159.26138 

2.54000 -1.80588 155.12791 

2.64944 -1.62814 151.00455 

2.75526 -1.44127 146.84990 

2.88062 -1.26147 142.73141 

2.98343 -1.05238 138.58125 

3.02546 -0.82631 134.44110 

3.06636 -0.59516 130.30196 

3.10688 -0.37208 126.15376 

3.12007 -0.13309 122.01241 

3.10143 0.07684 117.86236 

3.09195 0.31064 113.70690 

3.07387 0.56014 109.56017 

3.03984 0.77213 105.40986 

2.97683 0.98872 101.27724 

2.89886 1.18935 97.11944 

2.81314 1.38250 92.97556 

2.73218 1.57381 88.82873 

2.60595 1.76690 84.65672 

2.48211 1.94436 80.53158 

2.32387 2.11923 76.37489 

2.16296 2.27039 72.19965 

2.00369 2.43790 68.03925 

1.82420 2.57939 63.89012 

1.61114 2.70580 59.73328 

1.39659 2.79200 55.58229 

1.20144 2.88250 51.41302 

0.98333 2.95599 47.27301 

0.78145 3.01045 43.12868 

0.55424 3.06824 38.99270 

0.32475 3.08754 34.71864 

0.10566 3.11464 30.57915 

-0.11255 3.13420 26.43626 

-0.36388 3.09995 22.31170 

-0.59894 3.04767 18.15079 

-0.84926 3.00399 13.99420 

