-0.47894 -2.89090 -145.34213 

-0.23982 -2.94008 -149.49539 

-0.00048 -2.95652 -153.64815 

0.23335 -2.98316 -157.81248 

0.43752 -3.00211 -161.94606 

0.70348 -2.97867 -166.10243 

0.92283 -2.92718 -170.37405 

1.16102 -2.86439 -174.52179 

1.36639 -2.79119 -178.68037 

1.58281 -2.68417 177.16620 

1.81143 -2.55420 173.02513 

2.00516 -2.40385 168.89462 

2.18560 -2.26257 164.74226 

2.34341 -2.10136 160.59726 

2.50321 -1.94968 156.45137 

2.65827 -1.74108 152.30380 

2.77803 -1.54665 148.14258 

2.85884 -1.36032 143.99916 

2.94314 -1.16739 139.83647 

3.01372 -0.91783 135.70619 

3.06598 -0.68880 131.55711 

3.11708 -0.46508 127.42302 

3.13513 -0.23101 123.31235 

3.14986 -0.00800 119.17461 

3.12435 0.22936 115.03085 

3.11813 0.43672 110.89043 

3.09288 0.65678 106.75689 

3.04505 0.85952 102.62739 

2.97655 1.07971 98.50615 

2.90537 1.28450 94.36984 

2.78822 1.49122 90.24047 

2.68713 1.69220 86.08615 

2.53504 1.88834 81.92975 

2.37080 2.07895 77.78233 

2.19277 2.23372 73.62373 

2.01874 2.39173 69.46133 

1.83496 2.53179 65.31088 

1.63850 2.66338 61.15137 

1.46491 2.76766 57.00050 

1.25687 2.85860 52.83555 

1.02770 2.94929 48.70539 

0.81701 3.01892 44.54503 

0.59091 3.03502 40.39728 

0.37196 3.06923 36.25210 

0.16082 3.10086 32.10109 

-0.06839 3.11945 27.94153 

-0.30239 3.12362 23.80834 

-0.51472 3.09938 19.64881 

-0.73853 3.07364 15.35917 

-0.92287 3.01821 11.21282 

-1.14716 2.95218 7.05824 

-1.35786 2.84576 2.91377 

-1.56182 2.74203 -1.24835 

-1.73409 2.60576 -5.37511 

-1.91513 2.49016 -9.51469 

-2.08749 2.34124 -13.67747 

-2.25948 2.17011 -17.80959 

-2.40763 2.00786 -21.94626 

-2.54361 1.81453 -26.09899 

-2.68562 1.61368 -30.23370 

-2.79881 1.40042 -34.36953 

-2.88509 1.18462 -38.51932 

-2.97037 0.95714 -42.65476 

-3.04577 0.73508 -46.82008 

-3.10569 0.51120 -50.96490 

-3.10428 0.26532 -55.09739 

-3.10566 0.05847 -59.23722 

-3.09357 -0.17251 -63.39406 

-3.07001 -0.38163 -67.56019 

-3.04238 -0.59792 -71.71912 

-2.99073 -0.79542 -75.86122 

-2.93143 -1.01559 -79.99276 

-2.85103 -1.21409 -84.12453 

-2.75343 -1.41296 -88.25425 

-2.65895 -1.61978 -92.41203 

-2.53549 -1.81491 -96.56911 

-2.40778 -1.99741 -100.72977 

-2.25697 -2.17894 -104.87304 

-2.06551 -2.33534 -109.01937 

-1.91702 -2.47989 -113.17161 

-1.73751 -2.60273 -117.33104 

-1.52025 -2.71831 -121.49812 

-1.31224 -2.81567 -125.66274 

-1.08080 -2.89856 -129.82602 

-0.86741 -2.95162 -133.96022 

-0.66611 -3.01140 -138.11806 

-0.44483 -3.04781 -142.28374 

-0.23617 -3.07990 -146.43579 

-0.03216 -3.10337 -150.58609 

0.20187 -3.09231 -154.73418 

0.44260 -3.05536 -158.89339 

0.69039 -3.02358 -163.05106 

0.91673 -2.98356 -167.32570 

1.11242 -2.88064 -171.48055 

1.30775 -2.80873 -175.62299 

1.52293 -2.72228 -179.77338 

1.71611 -2.58097 176.07368 

1.88566 -2.44129 171.93715 

2.04194 -2.31519 167.78676 

2.22237 -2.16377 163.65413 

2.37489 -1.98709 159.52286 

2.51565 -1.80985 155.37271 

2.66319 -1.62630 151.23805 

2.79449 -1.42108 147.08968 

2.88629 -1.22321 142.95142 

2.96097 -1.03645 138.79898 

3.02589 -0.80899 134.66043 

3.04003 -0.58119 130.52322 

3.07503 -0.35482 126.36807 

3.11669 -0.13584 122.23570 

3.13211 0.06956 118.08190 

3.11541 0.29624 113.92723 

3.08090 0.50400 109.78123 

3.05476 0.72779 105.62048 

2.99752 0.94448 101.46950 

2.92309 1.17476 97.31992 

2.83546 1.39760 93.19901 

2.71422 1.58429 89.05169 

2.59979 1.77672 84.90054 

2.44883 1.98440 80.75591 

2.29523 2.15851 76.60545 

2.13675 2.30595 72.48093 

1.96954 2.43974 68.33564 

1.78803 2.58069 64.17489 

1.59901 2.69628 60.01320 

1.38198 2.79902 55.85543 

1.19128 2.89128 51.70192 

1.00601 2.98626 47.53312 

0.81546 3.04522 43.37406 

0.60074 3.10720 39.20630 

0.36537 3.13794 35.05511 

0.12766 3.16522 30.90738 

-0.10345 3.17293 26.61088 

-0.35084 3.13975 22.44498 

-0.57131 3.11226 18.28116 

-0.78868 3.05204 14.11632 

-1.00414 2.96595 9.95684 

-1.22044 2.88924 5.80630 

-1.42149 2.78307 1.65295 

-1.62160 2.70635 -2.50798 

-1.81421 2.55026 -6.65356 

-2.00503 2.41799 -10.81139 

-2.19826 2.25917 -14.97645 

-2.34074 2.06685 -19.13424 

-2.47995 1.90509 -23.29822 

-2.61806 1.73693 -27.45145 

-2.74400 1.54419 -31.60597 

-2.83576 1.33861 -35.73709 

-2.91389 1.14581 -39.88076 

-2.98644 0.95191 -44.00720 

-3.02287 0.73934 -48.16365 

-3.05181 0.52244 -52.30302 

