-1.19693 -1.31192 -20.83859 

-1.08392 -1.32534 -25.08679 

-0.94997 -1.41495 -29.32910 

-0.73460 -1.41280 -33.60689 

-0.65157 -1.17125 -37.86206 

-0.54274 -0.98277 -42.13445 

-0.48397 -0.87408 -46.39773 

-0.29997 -0.67092 -50.67891 

-0.24856 -0.44958 -54.91363 

-0.02845 -0.26072 -59.17773 

0.03977 -0.22712 -63.42342 

-0.01740 -0.10257 -67.68278 

-0.00543 0.12825 -71.93339 

0.04390 0.19522 -76.14928 

0.10539 0.31233 -80.37368 

-0.00176 0.30377 -84.61620 

0.14349 0.34004 -88.84889 

0.04959 0.50621 -93.09421 

-0.06471 0.37518 -97.32042 

0.02313 0.32031 -101.54195 

0.08041 0.35765 -105.78783 

-0.01160 0.34854 -110.02261 

0.07685 0.21267 -114.24550 

0.11666 0.13778 -118.47733 

0.11296 0.15196 -122.70341 

0.29716 0.02607 -126.93472 

0.26396 0.04274 -131.15512 

0.35179 -0.07100 -135.34860 

0.55624 -0.09624 -139.55827 

0.53953 -0.10519 -143.79359 

0.67961 -0.07310 -148.13737 

0.78405 -0.20150 -152.37610 

0.83716 -0.17517 -156.58705 

0.88475 -0.09777 -160.80920 

0.94877 -0.10614 -165.03349 

1.15865 -0.12356 -169.27377 

1.24952 -0.09006 -173.51291 

1.31929 0.00313 -177.75343 

1.39762 -0.09515 178.04391 

1.47971 0.02449 173.80843 

1.60028 0.07193 169.57175 

1.71886 0.18289 165.32048 

1.69890 0.26910 161.07698 

1.81283 0.31713 156.85022 

1.92260 0.41226 152.60899 

1.89116 0.52836 148.38167 

2.12531 0.67591 144.12227 

1.98997 0.65817 139.90192 

2.08951 0.81286 135.64452 

2.10244 0.93496 131.39560 

2.02376 0.95749 127.18448 

2.07352 1.14290 122.96778 

2.03293 1.25552 118.73312 

2.07653 1.33933 114.52982 

2.06631 1.42576 110.31110 

2.02741 1.48547 106.06039 

1.95759 1.66603 101.83994 

1.99487 1.71681 97.59144 

1.95282 1.77744 93.36924 

1.84741 1.89427 89.02583 

1.83723 1.94420 84.79421 

1.73611 2.04020 80.54956 

1.67572 2.03264 76.31447 

1.59036 2.29721 72.06610 

1.47076 2.19127 67.81989 

1.49655 2.29772 63.56221 

1.34549 2.36803 59.32779 

1.23117 2.41548 55.09523 

1.21341 2.52138 50.83702 

1.07086 2.41333 46.58253 

0.95623 2.49626 42.31538 

0.85227 2.37786 38.06030 

0.76215 2.52086 33.81298 

0.61334 2.45884 29.55345 

0.45418 2.53789 25.31373 

0.39891 2.45575 21.07742 

0.39433 2.50063 16.81527 

0.21508 2.42318 12.57081 

0.11969 2.46590 8.34539 

0.04863 2.31538 4.07506 

-0.07516 2.34590 -0.17972 

-0.05210 2.21480 -4.42196 

-0.20767 2.17607 -8.65267 

-0.26954 2.21805 -12.90491 

-0.24783 2.11073 -17.14823 

-0.39040 2.02136 -21.37318 

-0.33018 1.85934 -25.60545 

-0.44106 1.87783 -29.85862 

-0.42840 1.73601 -34.11559 

-0.60970 1.70136 -38.35769 

-0.49490 1.53523 -42.60603 

-0.54176 1.49118 -46.85775 

-0.60223 1.44991 -51.10078 

-0.63362 1.20898 -55.36054 

-0.66844 1.14677 -59.72982 

-0.69731 1.04777 -63.99150 

-0.68434 1.01461 -68.25513 

-0.65744 0.83296 -72.51072 

-0.58167 0.60168 -76.76019 

-0.47745 0.57734 -81.00561 

-0.44818 0.46729 -85.26302 

-0.47641 0.32171 -89.51569 

-0.39315 0.45206 -93.75234 

-0.38048 0.23024 -98.02310 

-0.33226 0.08130 -102.28188 

-0.24401 0.02034 -106.52196 

-0.09281 0.05745 -110.76664 

-0.00363 -0.06485 -114.99660 

0.11080 -0.10489 -119.27112 

0.18648 -0.10244 -123.52033 

0.32503 -0.07105 -127.79339 

0.45034 -0.08667 -132.05283 

0.43399 -0.14255 -136.31667 

0.52259 -0.26909 -140.57750 

0.62971 -0.24148 -144.83638 

0.70361 -0.21213 -149.09291 

0.86722 -0.29968 -153.34384 

0.81805 -0.21409 -157.59351 

0.95206 -0.19210 -161.85699 

1.15356 -0.30522 -166.10330 

1.20720 -0.17889 -170.37106 

1.43113 -0.11989 -174.60219 

1.43416 -0.06060 -178.87007 

1.49353 0.03488 176.76195 

1.52500 0.07037 172.48392 

1.68946 0.10936 168.23137 

1.67536 0.34981 163.99362 

1.85598 0.34013 159.73631 

1.85319 0.41049 155.45784 

1.93130 0.46959 151.20874 

1.96369 0.59514 146.97638 

1.97495 0.72356 142.73874 

2.00525 0.76354 138.48528 

2.04453 0.88575 134.23399 

2.01203 0.95647 129.96558 

1.94505 1.06575 125.71780 

1.98347 1.20729 121.45776 

2.06257 1.29165 117.18943 

1.99310 1.35854 112.93490 

2.02984 1.36646 108.67632 

1.98484 1.57738 104.42322 

1.88214 1.66400 100.16740 

1.98353 1.72719 95.89486 

1.77618 1.83274 91.66400 

1.83102 1.86560 87.43342 

1.71215 1.93894 83.18762 

1.70699 2.04882 78.89294 

1.72999 2.10782 74.62991 

1.55198 2.16205 70.37683 

1.44513 2.18823 66.12571 

1.46492 2.26138 61.88199 

1.29221 2.23267 57.62350 

1.29404 2.33820 53.34716 

1.15068 2.46119 48.98751 

1.04563 2.42328 44.71515 

0.98018 2.54403 40.46625 

0.83736 2.49821 36.18724 

0.72774 2.58123 31.89885 

0.60127 2.60904 27.62979 

0.46169 2.53798 23.37254 

0.38857 2.48399 19.11493 

0.27444 2.43784 14.87258 

0.19338 2.42858 10.61076 

0.18059 2.40733 6.35106 

0.04925 2.33206 2.07701 

-0.03877 2.30773 -2.17690 

-0.03096 2.16487 -6.39613 

-0.21219 2.16021 -10.61984 

-0.26733 1.93103 -14.84750 

-0.28844 2.00385 -19.05620 

-0.39704 1.95855 -23.28378 

-0.44860 1.79982 -27.53286 

-0.57167 1.73265 -31.76196 

-0.49335 1.57452 -35.98814 

-0.62448 1.50934 -40.22586 

-0.61051 1.41758 -44.46129 

-0.51772 1.32349 -48.68991 

-0.64405 1.38662 -52.91844 

-0.61410 1.15814 -57.13420 

-0.68255 0.99109 -61.37078 

-0.63828 0.97333 -65.58438 

-0.62108 0.81962 -69.80558 

-0.57512 0.80371 -74.03036 

-0.47197 0.66690 -78.25892 

-0.49373 0.58641 -82.47658 

-0.52037 0.52494 -86.70860 

-0.39621 0.37511 -90.94097 

-0.15584 0.25034 -95.16602 

-0.30166 0.26825 -99.53593 

-0.34362 0.17921 -103.82010 

-0.14676 0.16047 -108.07137 

-0.05541 0.04315 -112.31503 

