2.73308 -0.27346 127.36589 

2.76490 -0.06556 123.11527 

2.77597 0.14504 118.87058 

2.73944 0.36685 114.61387 

2.70098 0.57041 110.36762 

2.63657 0.77685 106.09317 

2.61227 0.97764 101.87677 

2.54315 1.11724 97.60343 

2.47043 1.30780 93.36851 

2.33501 1.45879 89.09447 

2.20154 1.60617 84.75852 

2.07298 1.76983 80.49020 

1.94739 1.93711 76.24268 

1.79932 2.10544 71.97495 

1.66058 2.21856 67.70367 

1.49930 2.27342 63.45528 

1.31309 2.39611 59.20760 

1.15764 2.48449 54.96710 

0.94522 2.54614 50.71847 

0.75000 2.62912 46.46293 

0.54818 2.65176 42.19655 

0.32602 2.69524 37.95821 

0.08234 2.71919 33.69359 

-0.09439 2.72999 29.44769 

-0.31841 2.72071 25.17164 

-0.50631 2.70336 20.91513 

-0.69796 2.66871 16.65778 

-0.90066 2.61227 12.40935 

-1.08063 2.52971 8.14990 

-1.28378 2.44151 3.88364 

-1.44048 2.35418 -0.38537 

-1.58554 2.21361 -4.65448 

-1.74084 2.10250 -8.89532 

-1.87668 1.96847 -13.15302 

-2.03036 1.82010 -17.41858 

-2.16312 1.68097 -21.66239 

-2.29536 1.50333 -25.93062 

-2.38501 1.32312 -30.19341 

-2.45499 1.12555 -34.44572 

-2.55333 0.95179 -38.67967 

-2.59403 0.73879 -42.92357 

-2.64965 0.51217 -47.17505 

-2.66530 0.29850 -51.42441 

-2.67756 0.06891 -55.68590 

-2.66563 -0.10568 -60.08465 

-2.64753 -0.30087 -64.32513 

-2.59619 -0.50962 -68.55315 

-2.57026 -0.71550 -72.81881 

-2.50410 -0.90135 -77.05727 

-2.42538 -1.08943 -81.30641 

-2.32716 -1.28510 -85.54233 

-2.23887 -1.45010 -89.79501 

-2.11142 -1.61488 -94.05204 

-1.98963 -1.80171 -98.31257 

-1.88714 -1.94186 -102.56184 

-1.74766 -2.06042 -106.80034 

-1.59744 -2.19208 -111.03284 

-1.42762 -2.28908 -115.29019 

-1.25463 -2.37310 -119.55992 

-1.07705 -2.44378 -123.82849 

-0.89787 -2.53513 -128.09337 

-0.69163 -2.56464 -132.34715 

-0.50149 -2.61883 -136.59773 

-0.33668 -2.66000 -140.87112 

-0.12723 -2.68099 -145.13924 

0.05921 -2.68154 -149.39371 

0.22821 -2.67227 -153.64230 

0.43950 -2.67352 -157.90547 

0.65440 -2.63174 -162.16641 

0.87285 -2.58361 -166.43097 

1.06195 -2.51035 -170.68466 

1.21286 -2.38543 -174.95769 

1.37900 -2.28838 -179.32600 

1.57618 -2.19380 176.46667 

1.73261 -2.07730 172.20457 

1.93578 -1.94148 167.94537 

2.06050 -1.79776 163.68759 

2.21066 -1.64409 159.44753 

2.30788 -1.48361 155.19106 

2.44493 -1.31461 150.92140 

2.51677 -1.14200 146.68188 

2.58706 -0.93721 142.43135 

2.61961 -0.75197 138.19708 

2.66408 -0.56129 133.94901 

2.71140 -0.35683 129.71230 

2.71433 -0.16007 125.46194 

2.71958 0.06962 121.21416 

2.67577 0.24970 116.97233 

2.64056 0.43316 112.74149 

2.63516 0.60421 108.49221 

2.58196 0.80378 104.24973 

2.51329 0.99135 99.97261 

2.44270 1.17056 95.70004 

2.35224 1.35125 91.44928 

2.25599 1.51728 87.21326 

2.13913 1.65761 82.94319 

2.00813 1.82309 78.66910 

1.85216 1.97434 74.42032 

1.67824 2.11119 70.16729 

1.52867 2.22712 65.90333 

1.35324 2.32463 61.54052 

1.17672 2.43384 57.28671 

1.01749 2.50034 53.03405 

0.82999 2.55774 48.78721 

0.61831 2.64054 44.53949 

0.41779 2.69065 40.26851 

0.21918 2.69741 36.01648 

-0.00176 2.72698 31.75844 

-0.20623 2.74211 27.47762 

-0.39053 2.69623 23.21587 

-0.60218 2.64830 18.96435 

-0.81206 2.58639 14.70494 

-0.99667 2.53065 10.45089 

-1.18675 2.48406 6.18917 

-1.36226 2.38959 1.93470 

-1.52099 2.28641 -2.34780 

-1.68877 2.15494 -6.60199 

-1.83746 2.01725 -10.85552 

-2.00588 1.86022 -15.10176 

-2.15740 1.70577 -19.33063 

-2.30634 1.54488 -23.55379 

-2.40936 1.37070 -27.80267 

-2.46376 1.18393 -32.04551 

-2.52710 0.99800 -36.29366 

-2.61212 0.80136 -40.53733 

-2.66927 0.59148 -44.74650 

-2.67299 0.40364 -48.99831 

-2.66094 0.18551 -53.25085 

-2.63146 -0.00206 -57.46877 

-2.66423 -0.19848 -61.68671 

-2.64832 -0.38562 -65.94351 

-2.58013 -0.57352 -70.18710 

-2.54389 -0.74874 -74.45036 

-2.48109 -0.91705 -78.82373 

-2.42498 -1.12531 -83.06122 

-2.33399 -1.30229 -87.30096 

-2.23267 -1.47272 -91.54693 

-2.11063 -1.61396 -95.78703 

-2.00036 -1.77256 -100.05546 

-1.85004 -1.89310 -104.30681 

-1.67131 -2.03246 -108.53653 

-1.53047 -2.18751 -112.76566 

-1.38619 -2.31690 -116.98505 

-1.20910 -2.40863 -121.22512 

-1.03450 -2.50662 -125.47111 

-0.84103 -2.56680 -129.69945 

-0.65068 -2.61650 -133.95090 

-0.46712 -2.64323 -138.19919 

-0.24723 -2.66002 -142.44417 

-0.04329 -2.65194 -146.67654 

0.15532 -2.65421 -150.92587 

0.32520 -2.63592 -155.18352 

0.47941 -2.63291 -159.42601 

0.69639 -2.58343 -163.64482 

0.87100 -2.51253 -167.90051 

1.07966 -2.46452 -172.15431 

1.24887 -2.41306 -176.39729 

1.43712 -2.29971 179.36798 

1.60275 -2.17475 175.13492 

1.78058 -2.06032 170.78716 

1.91866 -1.90034 166.54762 

2.07198 -1.73192 162.33040 

2.23239 -1.58979 158.10220 

2.35378 -1.41544 153.89209 

2.35763 -1.27109 149.65985 

2.52319 -1.06216 145.43208 

2.58728 -0.90855 141.20163 

2.66781 -0.70983 136.94667 

2.71419 -0.53063 132.74588 

2.74513 -0.36625 128.52814 

2.76151 -0.17949 124.29876 

2.75660 0.05276 120.08811 

2.71963 0.25664 115.89108 

2.67137 0.48654 111.68137 

2.63608 0.69868 107.48759 

2.56962 0.90543 103.25079 

2.49489 1.09368 99.03211 

2.42558 1.27135 94.81911 

2.32935 1.42536 90.59184 

2.20773 1.58846 86.34274 

2.08001 1.73312 82.10081 

1.91358 1.88239 77.87753 

1.76116 2.01354 73.66270 

1.60747 2.15436 69.45170 

1.43482 2.33731 65.21510 

1.27627 2.45566 60.98293 

1.13218 2.52340 56.76663 

0.99048 2.58106 52.53714 

0.81088 2.60710 48.32993 

0.58495 2.65837 44.09557 

0.40758 2.68509 39.88092 

