-3.62943 -4.83578 -20.89499 

-3.57623 -4.98191 -25.13892 

-3.40921 -4.96176 -29.39932 

-3.19121 -4.81894 -33.66430 

-2.90339 -4.57897 -37.92125 

-2.63175 -4.28478 -42.20757 

-2.33386 -3.93484 -46.47195 

-2.10208 -3.57099 -50.77144 

-1.88001 -3.19458 -55.04971 

-1.70754 -2.82615 -59.31617 

-1.54392 -2.49209 -63.56548 

-1.47507 -2.23129 -67.81532 

-1.41889 -1.99161 -72.07047 

-1.38740 -1.78500 -76.28288 

-1.35083 -1.64513 -80.54167 

-1.32145 -1.57656 -84.79596 

-1.33530 -1.49719 -89.01881 

-1.32992 -1.48628 -93.23899 

-1.35670 -1.51390 -97.45533 

-1.35708 -1.54943 -101.66679 

-1.32006 -1.63634 -105.88737 

-1.28188 -1.70511 -110.11282 

-1.21302 -1.79951 -114.34040 

-1.13851 -1.92362 -118.56458 

-1.03530 -2.04177 -122.78255 

-0.91930 -2.15312 -126.99828 

-0.80606 -2.21354 -131.22420 

-0.69463 -2.34018 -135.44496 

-0.53426 -2.44330 -139.68713 

-0.33969 -2.53667 -144.02550 

-0.14853 -2.58632 -148.25154 

0.04700 -2.62054 -152.47429 

0.24216 -2.64133 -156.67870 

0.45949 -2.66121 -160.89128 

0.67206 -2.63459 -165.11443 

0.88671 -2.61092 -169.31047 

1.11445 -2.52815 -173.51466 

1.30304 -2.45671 -177.71535 

1.47611 -2.34576 178.04918 

1.63653 -2.24289 173.83725 

1.81288 -2.11067 169.59627 

1.96027 -1.96111 165.39917 

2.10872 -1.79531 161.17783 

2.27279 -1.65028 156.94087 

2.40011 -1.47503 152.71986 

2.48329 -1.28924 148.50269 

2.55345 -1.11115 144.28096 

2.64235 -0.85817 140.05838 

2.72426 -0.63801 135.83154 

2.77269 -0.42489 131.64192 

2.80233 -0.22145 127.44996 

2.81970 -0.00960 123.23645 

2.81211 0.18363 119.00721 

2.78761 0.35698 114.79254 

2.75575 0.54282 110.56599 

2.68664 0.72783 106.33691 

2.64265 0.93356 102.10796 

2.58764 1.13375 97.85798 

2.49864 1.32828 93.64884 

2.39304 1.51153 89.45184 

2.25737 1.66331 85.12066 

2.12057 1.83080 80.89548 

1.95466 1.98508 76.66457 

1.81779 2.13055 72.43348 

1.63183 2.24786 68.22801 

1.43599 2.39798 64.01606 

1.29423 2.46828 59.78314 

1.10745 2.56922 55.54315 

0.88946 2.64629 51.29960 

0.71134 2.68163 47.05751 

0.49915 2.73334 42.83469 

0.28686 2.75660 38.60841 

0.08603 2.77114 34.40386 

-0.13100 2.77382 30.13908 

-0.33300 2.74230 25.93611 

-0.51410 2.69009 21.70830 

-0.69642 2.68684 17.48026 

-0.90950 2.60353 13.23530 

-1.10427 2.54685 9.01241 

-1.29343 2.44741 4.78398 

-1.47033 2.33920 0.56085 

-1.61952 2.26442 -3.69184 

-1.80003 2.12823 -7.92681 

-1.94830 2.01315 -12.16545 

-2.07547 1.84984 -16.39088 

-2.21071 1.68020 -20.62525 

-2.33829 1.52707 -24.85365 

-2.44172 1.34132 -29.08222 

-2.51090 1.14293 -33.29312 

-2.58943 0.96742 -37.52880 

-2.64332 0.77004 -41.74179 

-2.68979 0.55293 -45.95636 

-2.74334 0.38128 -50.14523 

-2.75104 0.19790 -54.36962 

-2.76713 -0.02071 -58.59575 

-2.74796 -0.22847 -62.80976 

-2.72041 -0.42647 -67.03837 

-2.67475 -0.60011 -71.37961 

-2.60343 -0.82288 -75.59035 

-2.53802 -1.04355 -79.79694 

-2.47331 -1.22062 -84.02395 

-2.36865 -1.39507 -88.23859 

-2.26992 -1.54645 -92.46628 

-2.14003 -1.72305 -96.66420 

-1.99313 -1.90310 -100.91888 

-1.83413 -2.03860 -105.12917 

-1.68602 -2.15522 -109.34922 

-1.52328 -2.26001 -113.59294 

-1.34959 -2.35389 -117.83247 

-1.14849 -2.47788 -122.06050 

-0.98361 -2.54423 -126.26847 

-0.79657 -2.58332 -130.50514 

-0.61095 -2.65182 -134.72496 

-0.39805 -2.69515 -138.97127 

-0.21200 -2.73064 -143.21321 

0.00255 -2.74674 -147.40324 

0.18391 -2.73993 -151.58911 

0.37999 -2.73090 -155.83432 

0.56002 -2.69152 -160.06548 

0.75522 -2.64856 -164.29781 

0.96500 -2.60396 -168.52988 

1.15236 -2.49970 -172.76718 

1.38133 -2.41682 -176.97179 

1.54040 -2.34254 178.80276 

1.71046 -2.21800 174.60301 

1.86152 -2.07075 170.35596 

2.03855 -1.89127 165.98924 

2.17703 -1.74781 161.76506 

2.30647 -1.60074 157.54646 

2.40792 -1.42201 153.36147 

2.49304 -1.22413 149.11685 

2.59025 -1.02653 144.90883 

2.63337 -0.83240 140.70627 

2.66114 -0.63906 136.48433 

2.70717 -0.43377 132.25305 

2.74885 -0.20114 128.02989 

2.75181 -0.03162 123.79072 

2.77900 0.19210 119.59591 

2.77048 0.43040 115.36636 

2.72540 0.61834 111.13037 

2.68207 0.80852 106.90629 

2.63978 0.98003 102.65388 

2.54564 1.15029 98.46383 

2.44382 1.34077 94.26367 

2.27978 1.42266 90.05616 

2.17987 1.58921 85.85200 

2.05382 1.74855 81.66724 

1.91770 1.91781 77.43938 

1.79641 2.05469 73.24777 

1.64711 2.15973 69.01893 

1.47446 2.27676 64.81522 

1.30674 2.36264 60.59815 

1.12802 2.47549 56.38498 

0.92185 2.55183 52.15548 

0.73475 2.59657 47.91274 

0.54606 2.64395 43.63684 

0.34353 2.68871 39.40987 

0.12823 2.71973 35.16773 

-0.06930 2.71442 30.93245 

-0.26819 2.70898 26.69175 

-0.45389 2.68727 22.35239 

-0.65395 2.66659 18.10567 

-0.82842 2.61295 13.85080 

-1.04933 2.51303 9.61837 

-1.20468 2.43103 5.38745 

-1.38260 2.34922 1.16333 

-1.49612 2.21509 -3.06546 

-1.68071 2.14618 -7.28683 

-1.83116 2.01801 -11.50045 

-1.97516 1.90173 -15.71333 

-2.10209 1.72185 -19.95886 

-2.20724 1.55176 -24.19872 

