-0.54792 -0.29572 -20.70138 

-0.49919 -0.39045 -24.93234 

-0.42285 -0.30427 -29.15098 

-0.31434 -0.26047 -33.35415 

-0.18991 -0.25293 -37.58509 

-0.04030 -0.05175 -41.82291 

-0.10888 0.00674 -46.05503 

0.00183 0.24602 -50.29290 

0.23535 0.30509 -54.53078 

0.15558 0.49699 -58.73062 

0.36124 0.60815 -62.93634 

0.31115 0.71543 -67.12445 

0.24994 0.73422 -71.32893 

0.38862 0.82368 -75.53860 

0.28125 1.01875 -79.73037 

0.24345 1.05433 -83.92117 

0.27440 0.91461 -88.09100 

0.33319 0.99436 -92.27290 

0.28688 0.96671 -96.45642 

0.28749 1.10190 -100.64131 

0.28484 1.01225 -104.81670 

0.22115 0.93094 -109.00571 

0.27048 0.88169 -113.18256 

0.34813 0.77211 -117.34531 

0.33422 0.90644 -121.52123 

0.34609 0.76113 -125.69601 

0.52763 0.64358 -129.88432 

0.46551 0.70164 -134.06407 

0.60447 0.61803 -138.23769 

0.54320 0.51963 -142.54030 

0.61892 0.56250 -146.73874 

0.83093 0.49888 -150.90248 

0.84855 0.52655 -155.08096 

0.74541 0.55317 -159.25674 

0.86586 0.33592 -163.44164 

1.07582 0.50605 -167.62956 

1.14300 0.50282 -171.80099 

1.13278 0.55259 -175.97589 

1.15573 0.61799 179.87465 

1.31314 0.56818 175.71222 

1.38802 0.64433 171.54343 

1.45709 0.70683 167.36964 

1.55246 0.80126 163.20831 

1.66383 0.86224 159.04185 

1.69948 0.87168 154.86847 

1.68112 0.93994 150.67755 

1.80688 0.96105 146.50313 

1.70088 1.08693 142.32628 

1.85481 1.22103 138.16211 

1.80362 1.27690 133.99649 

1.67798 1.36620 129.82507 

1.79016 1.38335 125.65681 

1.84484 1.34909 121.47392 

1.89999 1.55947 117.28802 

1.83721 1.66679 113.10010 

1.81440 1.63813 108.92924 

1.82046 1.82572 104.75116 

1.81595 1.72783 100.47958 

1.78278 1.96017 96.31094 

1.81021 2.11470 92.11480 

1.82172 2.05066 87.95558 

1.70374 2.22932 83.74786 

1.78207 2.11998 79.57974 

1.62748 2.11036 75.37759 

1.44840 2.31002 71.22938 

1.45044 2.38740 67.05087 

1.52081 2.39428 62.88320 

1.31123 2.37959 58.70605 

1.16786 2.37858 54.53518 

1.16002 2.52413 50.33771 

1.20849 2.65826 46.15814 

1.09297 2.46974 41.99180 

1.10611 2.48212 37.82211 

0.99305 2.57410 33.64561 

0.81657 2.49574 29.44331 

0.77606 2.56157 25.27847 

0.68777 2.54482 21.10574 

0.60224 2.54392 16.93209 

0.49642 2.54463 12.77091 

0.48406 2.56396 8.61045 

0.34272 2.49968 4.46495 

0.31515 2.31642 0.27782 

0.29213 2.38180 -3.87818 

0.24358 2.29447 -8.05360 

0.11807 2.31145 -12.22785 

0.11646 2.20242 -16.51984 

0.00709 2.26798 -20.69154 

-0.11819 2.18211 -24.85326 

-0.09897 2.03137 -29.03980 

-0.04269 1.91613 -33.20414 

-0.07300 1.90849 -37.35696 

-0.06296 1.84720 -41.52976 

-0.14382 1.88220 -45.68718 

-0.11298 1.78716 -49.84063 

-0.23497 1.65581 -54.01848 

-0.17438 1.57042 -58.19448 

-0.35361 1.39565 -62.36220 

-0.15968 1.43470 -66.50491 

-0.19278 1.31031 -70.66005 

-0.21497 1.24208 -74.83315 

-0.20602 1.16196 -78.98843 

-0.02629 1.06422 -83.15160 

-0.09721 1.10828 -87.33143 

-0.11189 1.02965 -91.49718 

-0.06928 0.84624 -95.67768 

-0.00161 0.91167 -99.85674 

0.04238 0.86340 -104.01021 

0.11287 0.77841 -108.17619 

0.18605 0.74873 -112.35783 

0.19436 0.62371 -116.52428 

0.27303 0.61942 -120.70215 

0.35358 0.57049 -124.87411 

0.33961 0.54257 -129.03801 

0.51885 0.54483 -133.21526 

0.64259 0.51794 -137.39534 

0.70592 0.47330 -141.56456 

0.67617 0.58051 -145.84256 

0.78546 0.50379 -149.99687 

0.79953 0.49836 -154.17984 

1.04177 0.42920 -158.36183 

1.09066 0.45862 -162.53014 

1.00782 0.53173 -166.70703 

1.19890 0.46631 -170.91154 

1.22330 0.58872 -175.07291 

1.24320 0.65696 -179.24771 

1.41945 0.57770 176.57936 

1.34401 0.64682 172.40826 

1.45939 0.67775 168.24628 

1.57071 0.72408 164.08551 

1.58145 0.77598 159.91461 

1.59171 0.92285 155.73882 

1.66502 0.94987 151.55669 

1.79438 1.06743 147.39569 

1.82193 0.98390 143.21581 

1.65116 1.20780 139.06836 

1.79453 1.15565 134.89357 

1.86658 1.31586 130.72116 

1.85855 1.29311 126.56149 

1.76071 1.40026 122.38853 

1.92614 1.50964 118.22950 

1.91203 1.64750 114.06341 

1.77328 1.67645 109.90380 

1.76821 1.81129 105.74916 

1.84841 1.87325 101.46201 

1.63019 1.83694 97.27811 

1.78967 1.94164 93.10030 

1.73701 2.02537 88.93790 

1.74712 2.08607 84.78098 

1.62996 2.02017 80.60294 

1.64946 2.25565 76.41863 

1.48986 2.28154 72.23387 

1.53980 2.37728 68.03600 

1.41352 2.36368 63.85098 

1.32867 2.44569 59.67263 

1.24413 2.34312 55.50097 

1.18668 2.50008 51.31112 

1.20656 2.47562 47.14572 

1.10989 2.52275 42.96275 

1.04162 2.55696 38.77424 

0.97279 2.58535 34.60574 

0.82204 2.56928 30.41754 

0.72306 2.56196 26.23303 

0.79287 2.58133 22.04189 

0.51738 2.46327 17.87809 

0.51603 2.54398 13.68541 

0.42741 2.55062 9.50605 

0.52416 2.36598 5.30240 

0.36330 2.56012 1.13345 

0.33555 2.37894 -3.03903 

0.15838 2.36355 -7.23731 

0.06598 2.39040 -11.52359 

0.05517 2.20736 -15.68191 

0.08725 2.25194 -19.86863 

0.06340 2.08621 -24.04768 

-0.03359 2.01063 -28.22339 

-0.16902 2.15713 -32.38123 

-0.09975 1.87929 -36.56482 

-0.20603 1.90864 -40.73192 

-0.20748 1.79151 -44.88299 

-0.10691 1.73512 -49.06301 

-0.17422 1.75483 -53.22159 

-0.26986 1.59898 -57.40210 

-0.23662 1.51308 -61.58395 

-0.23934 1.36806 -65.75462 

-0.19035 1.38361 -69.92068 

-0.17820 1.29271 -74.09164 

-0.18409 1.22805 -78.24128 

-0.05772 1.14710 -82.38332 

-0.08042 0.96631 -86.53868 

-0.07539 1.05484 -90.69330 

-0.02857 0.91096 -94.86246 

0.04014 0.84516 -99.03864 

-0.04722 0.77855 -103.20929 

0.06073 0.75619 -107.40751 

0.12333 0.79031 -111.57597 

0.28869 0.69404 -115.74570 

0.36721 0.66830 -119.91846 

0.34857 0.58593 -124.06320 

0.43191 0.50629 -128.23074 

0.51668 0.55668 -132.39235 

0.61175 0.62315 -136.58220 

0.71961 0.57919 -140.86375 

0.71407 0.48694 -145.02400 

0.77530 0.52056 -149.21320 

0.88136 0.47940 -153.40720 

0.93335 0.43025 -157.59528 

