-1.84068 -3.21636 -55.38706 

-1.66390 -2.88722 -59.71474 

-1.50679 -2.61711 -64.00504 

-1.41834 -2.32883 -68.28950 

-1.31447 -2.06941 -72.54537 

-1.24970 -1.84203 -76.80397 

-1.20740 -1.68008 -81.06910 

-1.21597 -1.57351 -85.33138 

-1.20151 -1.47463 -89.57829 

-1.20455 -1.45975 -93.83112 

-1.19578 -1.45780 -98.07120 

-1.15614 -1.51197 -102.31937 

-1.16293 -1.56108 -106.57019 

-1.14129 -1.60973 -110.84753 

-1.07302 -1.70355 -115.09499 

-0.98969 -1.79125 -119.35281 

-0.89096 -1.87805 -123.60930 

-0.80884 -1.96578 -127.84410 

-0.67050 -2.06501 -132.09488 

-0.52175 -2.16361 -136.37303 

-0.36603 -2.22022 -140.62640 

-0.19672 -2.27739 -144.98912 

-0.04741 -2.32521 -149.25139 

0.15675 -2.37152 -153.49365 

0.33328 -2.38666 -157.74921 

0.51253 -2.39358 -161.98996 

0.71230 -2.35173 -166.26973 

0.92706 -2.37366 -170.53943 

1.11152 -2.30603 -174.80756 

1.29571 -2.22003 -179.11087 

1.47679 -2.11592 176.61183 

1.63848 -2.03656 172.34418 

1.77897 -1.93083 168.09174 

1.90235 -1.78746 163.80739 

2.06247 -1.63244 159.54514 

2.19125 -1.47531 155.26772 

2.30254 -1.32224 150.98602 

2.40068 -1.14744 146.70169 

2.51462 -0.96819 142.43370 

2.58089 -0.78542 138.17607 

2.63038 -0.57788 133.89691 

2.67673 -0.38147 129.63979 

2.71100 -0.16496 125.36532 

2.72329 0.03721 121.11980 

2.70878 0.24225 116.86253 

2.68734 0.45946 112.58549 

2.62765 0.67044 108.30984 

2.56754 0.86424 104.02271 

2.50664 1.06678 99.74616 

2.38926 1.27618 95.46424 

2.29946 1.43389 91.20583 

2.18342 1.61571 86.93835 

2.01552 1.71434 82.56319 

1.87996 1.88117 78.30108 

1.72623 1.99200 74.04795 

1.63175 2.13732 69.77533 

1.43879 2.26353 65.49263 

1.24099 2.36648 61.18757 

1.13423 2.44012 56.93007 

0.95597 2.51937 52.65482 

0.77952 2.62640 48.35756 

0.57933 2.70859 44.08019 

0.39376 2.73302 39.81324 

0.17585 2.74019 35.53183 

-0.02828 2.72595 31.27004 

-0.22937 2.70176 26.95944 

-0.43200 2.65086 22.68801 

-0.63559 2.59804 18.39561 

-0.84867 2.55617 14.11587 

-1.04194 2.49150 9.84243 

-1.20277 2.40880 5.55051 

-1.34740 2.32101 1.28148 

-1.51387 2.22264 -2.98221 

-1.63807 2.04594 -7.24668 

-1.78796 1.89951 -11.49595 

-1.91123 1.76464 -15.76143 

-2.07102 1.66402 -20.02405 

-2.20614 1.52140 -24.29897 

-2.30641 1.35047 -28.56126 

-2.39822 1.13547 -32.82329 

-2.47946 0.96704 -37.09195 

-2.53050 0.76831 -41.32507 

-2.55889 0.58083 -45.59363 

-2.59250 0.38282 -49.86798 

-2.55904 0.18963 -54.14125 

-2.54662 0.05280 -58.40533 

-2.50996 -0.10934 -62.67497 

-2.50583 -0.34356 -67.05828 

-2.48109 -0.57278 -71.33105 

-2.42883 -0.74719 -75.59607 

-2.37206 -0.96070 -79.85262 

-2.28843 -1.12064 -84.13718 

-2.18574 -1.32662 -88.42339 

-2.11058 -1.46897 -92.67135 

-1.98196 -1.63390 -96.94292 

-1.87806 -1.71886 -101.21156 

-1.73797 -1.85636 -105.47842 

-1.59035 -1.99228 -109.76292 

-1.42665 -2.08244 -114.02557 

-1.26732 -2.20673 -118.27839 

-1.10582 -2.28454 -122.52927 

-0.92837 -2.41712 -126.79879 

-0.73798 -2.51158 -131.05334 

-0.52491 -2.55829 -135.34134 

-0.28172 -2.59619 -139.62364 

-0.07435 -2.60596 -143.88867 

0.12561 -2.61119 -148.15057 

0.29997 -2.59309 -152.42940 

0.50622 -2.58220 -156.68820 

0.70123 -2.53355 -160.94287 

0.89959 -2.47483 -165.20416 

1.08999 -2.41845 -169.49521 

1.27378 -2.32791 -173.75224 

1.41831 -2.22708 -178.01859 

1.57315 -2.09441 177.69768 

1.73355 -1.94814 173.35909 

1.89124 -1.79313 169.10193 

2.01359 -1.68801 164.84816 

2.14043 -1.51971 160.58754 

2.25194 -1.36497 156.32578 

2.33825 -1.22076 152.06593 

2.40054 -1.04797 147.82257 

2.46685 -0.84360 143.53699 

2.56699 -0.66885 139.25937 

2.58913 -0.48791 135.01959 

2.63295 -0.32056 130.76500 

2.65248 -0.12339 126.50710 

2.65643 0.06100 122.26305 

2.63426 0.24884 118.01505 

2.54977 0.44736 113.75021 

2.55414 0.65046 109.48733 

2.54218 0.86089 105.21422 

2.47277 1.02915 100.97117 

2.39065 1.19723 96.71869 

2.29859 1.38527 92.47121 

2.18970 1.55018 88.20678 

2.05869 1.68952 83.94171 

1.91602 1.81801 79.65574 

1.79663 1.95496 75.39495 

1.62261 2.10130 71.13734 

1.47315 2.22118 66.86060 

1.32364 2.29036 62.57974 

1.14730 2.44436 58.29675 

0.95374 2.47473 54.01460 

0.77588 2.58569 49.63991 

0.61486 2.66149 45.34813 

0.44039 2.63034 41.07706 

0.23356 2.61911 36.79682 

0.02807 2.63217 32.53898 

-0.18505 2.64386 28.28310 

-0.38054 2.67118 24.01832 

-0.55366 2.60521 19.72735 

-0.76238 2.53998 15.45323 

-0.93611 2.46530 11.17112 

-1.09738 2.36995 6.90826 

-1.27220 2.30518 2.64529 

-1.43791 2.20170 -1.62832 

-1.55933 2.08382 -5.90683 

-1.73976 1.96532 -10.19599 

-1.89396 1.82794 -14.45814 

-2.00726 1.64466 -18.72539 

-2.15216 1.50323 -22.99498 

-2.26706 1.35230 -27.26376 

-2.30398 1.18940 -31.56972 

-2.42395 1.01781 -35.82034 

-2.48836 0.85211 -40.12169 

-2.52039 0.64788 -44.40924 

-2.57027 0.46221 -48.69607 

-2.58207 0.26425 -52.96745 

-2.56155 0.02528 -57.22964 

-2.56279 -0.17736 -61.51464 

-2.54108 -0.35504 -65.76443 

-2.50883 -0.54205 -70.03566 

-2.45045 -0.72068 -74.31644 

-2.38373 -0.93273 -78.58131 

-2.29448 -1.11045 -82.88317 

-2.18611 -1.27415 -87.14333 

-2.12714 -1.42140 -91.53916 

-1.99479 -1.54227 -95.80717 

-1.85673 -1.69990 -100.08091 

-1.73143 -1.84726 -104.38497 

-1.56318 -1.99349 -108.65836 

-1.40414 -2.09307 -112.92264 

-1.22834 -2.19065 -117.17054 

-1.06299 -2.30570 -121.42548 

-0.91517 -2.39222 -125.68031 

-0.73100 -2.45652 -129.92148 

-0.54074 -2.52519 -134.19600 

-0.31398 -2.56530 -138.45309 

-0.13725 -2.52961 -142.70605 

0.08316 -2.54781 -146.97012 

0.25058 -2.52926 -151.23273 

0.41430 -2.49748 -155.49178 

0.64462 -2.50143 -159.77339 

0.82601 -2.46709 -164.03896 

1.00108 -2.41596 -168.27747 

1.14096 -2.34748 -172.53415 

1.30705 -2.26857 -176.77402 

1.48356 -2.15094 178.96065 

1.61253 -2.03048 174.67073 

1.79503 -1.93876 170.44556 

1.92824 -1.77882 166.21980 

2.02847 -1.60183 161.85014 

2.15210 -1.44060 157.60190 

2.30486 -1.27100 153.37224 

2.40512 -1.10976 149.13014 

2.50044 -0.93644 144.87338 

2.57361 -0.73982 140.61536 

2.60999 -0.53136 136.38046 

2.63324 -0.37999 132.09822 

2.65242 -0.13938 127.86033 

2.66073 0.08301 123.60198 

2.64099 0.25004 119.33052 

2.61236 0.43476 115.08353 

2.56421 0.63537 110.82086 

2.48692 0.81123 106.57165 

2.42676 0.99987 102.31817 

2.34450 1.14793 98.08192 

2.25725 1.33075 93.83471 

2.15539 1.52416 89.57287 

2.03011 1.66116 85.31320 

1.90825 1.80977 81.03717 

1.79370 1.94626 76.78574 

1.66276 2.07315 72.54694 

1.54671 2.18287 68.30093 

1.38873 2.29304 64.02757 

1.21997 2.38447 59.76650 

1.04078 2.46681 55.51848 

0.86368 2.51111 51.25817 

0.65683 2.57726 46.99372 

0.46310 2.59633 42.75037 

0.28405 2.61780 38.49567 

0.11862 2.64293 34.25988 

-0.06718 2.64545 30.00376 

-0.27141 2.61658 25.59000 

-0.48048 2.59089 21.33259 

-0.64774 2.53030 17.04296 

-0.85284 2.47774 12.76996 

-1.04202 2.44083 8.50036 

-1.23152 2.35253 4.24722 

-1.35940 2.22069 -0.01744 

-1.53808 2.16483 -4.28329 

-1.67841 2.03875 -8.54885 

-1.83478 1.88955 -12.80171 

-1.93669 1.71134 -17.06651 

-2.05388 1.55828 -21.31263 

-2.16508 1.40271 -25.58626 

-2.26276 1.23397 -29.85304 

-2.38614 1.07459 -34.11918 

-2.46255 0.89661 -38.42722 

-2.51253 0.75088 -42.72308 

-2.54230 0.55507 -46.97112 

-2.59747 0.34750 -51.20931 

-2.58062 0.14696 -55.45554 

-2.62466 -0.03870 -59.69503 

-2.58439 -0.22794 -63.93966 

-2.57508 -0.43140 -68.20596 

-2.50318 -0.62783 -72.44974 

-2.44665 -0.82707 -76.72572 

-2.34987 -1.03594 -80.97253 

-2.25167 -1.21711 -85.23450 

-2.12903 -1.40175 -89.47787 

-2.03506 -1.57326 -93.73074 

-1.89605 -1.70764 -98.00735 

-1.76152 -1.81341 -102.26986 

-1.59575 -1.98723 -106.65228 

-1.44092 -2.07918 -110.93510 

-1.28023 -2.15424 -115.21211 

-1.15709 -2.21729 -119.46873 

-0.98214 -2.32737 -123.71642 

-0.80923 -2.41857 -127.97525 

-0.62341 -2.46038 -132.22350 

-0.41880 -2.48882 -136.50636 

-0.24841 -2.48442 -140.78683 

-0.06172 -2.54613 -145.04202 

0.12909 -2.55197 -149.28595 

0.28975 -2.52586 -153.56651 

0.50103 -2.50673 -157.83272 

0.71468 -2.47594 -162.09753 

0.90693 -2.41217 -166.36020 

1.09291 -2.34055 -170.61171 

1.27032 -2.26056 -174.87721 

1.41517 -2.16247 -179.15520 

1.57524 -2.05777 176.57863 

1.73868 -1.93058 172.30171 

1.89066 -1.82402 168.03758 

2.00906 -1.65212 163.77719 

2.12782 -1.49501 159.51465 

2.24140 -1.34899 155.23415 

2.31456 -1.19970 150.87135 

2.39339 -1.02340 146.60844 

2.49100 -0.83391 142.35387 

2.55470 -0.66825 138.06081 

2.59470 -0.43704 133.82121 

2.61511 -0.27896 129.53947 

2.65045 -0.06515 125.26672 

2.66863 0.13479 121.01159 

2.67366 0.32860 116.73326 

2.63501 0.52239 112.44792 

2.57966 0.75354 108.16097 

2.53980 0.95585 103.86165 

2.46523 1.08989 99.58684 

2.38777 1.27211 95.32310 

2.31454 1.41651 91.04318 

2.18984 1.56534 86.74432 

2.04601 1.73520 82.44816 

1.93166 1.83375 78.17934 

1.80119 1.98853 73.90086 

1.60645 2.13075 69.63628 

1.42998 2.22840 65.39257 

1.24384 2.33282 61.12516 

1.08363 2.43207 56.84444 

0.89921 2.53303 52.55919 

0.70033 2.58419 48.30427 

0.51552 2.63655 44.04847 

0.31406 2.65009 39.77369 

0.11277 2.66471 35.49453 

-0.08024 2.63687 31.21979 

-0.25348 2.61858 26.95531 

-0.43462 2.57652 22.67881 

-0.60190 2.53754 18.39615 

-0.81124 2.47621 14.10659 

