-3.40624 -4.93501 -29.66525 

-3.15333 -4.79125 -33.97916 

-2.85710 -4.57336 -38.28177 

-2.56378 -4.27677 -42.59547 

-2.28150 -3.96354 -46.90875 

-2.03813 -3.59473 -51.22300 

-1.82525 -3.22216 -55.51735 

-1.63619 -2.89650 -59.81810 

-1.48579 -2.54680 -64.14257 

-1.43661 -2.23606 -68.44886 

-1.35588 -1.99754 -72.74002 

-1.29455 -1.82079 -77.01533 

-1.26674 -1.69605 -81.30401 

-1.25780 -1.58726 -85.58569 

-1.28037 -1.51779 -89.87332 

-1.28883 -1.49407 -94.12972 

-1.30513 -1.48093 -98.40041 

-1.28749 -1.52615 -102.64973 

-1.24855 -1.61036 -106.92363 

-1.19437 -1.67305 -111.18064 

-1.14675 -1.75152 -115.47440 

-1.04946 -1.89444 -119.73394 

-1.23407 -2.19500 -121.38954 

-1.08507 -2.24152 -125.66676 

-0.95447 -2.30800 -129.93964 

-0.81185 -2.37804 -134.19234 

-0.63074 -2.43780 -138.61089 

-0.45992 -2.48114 -142.88507 

-0.25856 -2.51904 -147.17831 

-0.07206 -2.53953 -151.45389 

0.13224 -2.55786 -155.72906 

0.34545 -2.52562 -159.99040 

0.56413 -2.47384 -164.23363 

0.79823 -2.46247 -168.48569 

1.02564 -2.40415 -172.73181 

1.22105 -2.32352 -176.97041 

1.38814 -2.22106 178.78322 

1.57234 -2.14192 174.52606 

1.76601 -2.04269 170.28296 

1.91887 -1.88332 166.02315 

2.07203 -1.70519 161.77269 

2.16420 -1.53322 157.50725 

2.27542 -1.36064 153.24654 

2.40337 -1.20596 148.98779 

2.53215 -1.05623 144.74335 

2.59336 -0.86256 140.49883 

2.64199 -0.64692 136.25835 

2.72738 -0.43734 131.98994 

2.74950 -0.22567 127.74258 

2.73899 -0.04410 123.48611 

2.72565 0.14164 119.25027 

2.69700 0.33976 115.04395 

2.67658 0.52450 110.78606 

2.61144 0.69546 106.53915 

2.52567 0.89535 102.30256 

2.40642 1.09213 97.92807 

2.31374 1.27961 93.66039 

2.22705 1.47134 89.41209 

2.13105 1.63101 85.12806 

2.00589 1.78362 80.88389 

1.86955 1.91642 76.64113 

1.71360 2.07684 72.39339 

1.58869 2.19318 68.15339 

1.42369 2.32955 63.91354 

1.26221 2.40694 59.66680 

1.07502 2.49554 55.39944 

0.90168 2.56505 51.13806 

0.70508 2.63129 46.88249 

0.51416 2.67759 42.63531 

0.32197 2.68339 38.36519 

0.12052 2.69099 34.09966 

-0.04538 2.69519 29.83619 

-0.22883 2.67492 25.59949 

-0.43830 2.64898 21.32065 

-0.63017 2.63344 17.03786 

-0.81911 2.56490 12.79298 

-1.00943 2.48754 8.54555 

-1.22053 2.38244 4.30473 

-1.40273 2.31092 0.05190 

-1.54739 2.20305 -4.19472 

-1.69712 2.10293 -8.45293 

-1.85645 1.96996 -12.69315 

-1.99214 1.81544 -16.98808 

-2.13133 1.64657 -21.24018 

-2.24076 1.48307 -25.60991 

-2.38414 1.26835 -29.88050 

-2.48915 1.06301 -34.14689 

-2.55332 0.88439 -38.40525 

-2.63576 0.64129 -42.69131 

-2.66771 0.46444 -46.93586 

-2.66444 0.27677 -51.19008 

-2.62942 0.16528 -55.45529 

-2.64119 -0.07662 -59.70686 

-2.62054 -0.21357 -63.94405 

-2.58080 -0.49325 -68.19162 

-2.55634 -0.68276 -72.45149 

-2.52135 -0.86278 -76.70415 

-2.47448 -1.15753 -80.98412 

-2.37005 -1.32499 -85.24695 

-2.27363 -1.44905 -89.51960 

-2.13555 -1.57712 -93.75344 

-1.99123 -1.80378 -97.99554 

-1.87019 -1.93948 -102.24146 

-1.71413 -2.11483 -106.48769 

-1.60143 -2.16398 -110.76192 

-1.45682 -2.26219 -115.01793 

-1.26182 -2.42597 -119.26092 

-1.08940 -2.50091 -123.51048 

-0.90951 -2.52508 -127.78494 

-0.72570 -2.58219 -132.03790 

-0.56088 -2.63272 -136.28607 

-0.37968 -2.67302 -140.54648 

-0.19081 -2.70480 -144.82433 

0.01382 -2.71820 -149.09679 

0.19309 -2.71213 -153.36063 

0.40472 -2.65719 -157.62460 

0.56337 -2.60039 -161.88422 

0.78941 -2.56761 -166.15733 

1.00757 -2.49587 -170.53323 

1.16573 -2.40979 -174.77217 

1.30317 -2.30029 -179.04492 

1.45702 -2.18318 176.66525 

1.63798 -2.04663 172.41487 

1.78928 -1.91340 168.14101 

1.96179 -1.76663 163.89641 

2.10263 -1.63909 159.60747 

2.21302 -1.45943 155.33665 

2.33171 -1.30356 151.09964 

2.44359 -1.14176 146.83339 

2.51474 -0.95611 142.55994 

2.56316 -0.78023 138.30939 

2.61316 -0.57552 134.04039 

2.66787 -0.38199 129.76233 

2.68122 -0.18390 125.51878 

2.68638 0.02801 121.27326 

2.71363 0.25444 117.04646 

2.68739 0.43405 112.80055 

2.65379 0.63482 108.52578 

2.56731 0.83512 104.26768 

2.51695 1.05307 100.00797 

2.44025 1.22030 95.73952 

2.35799 1.36271 91.47250 

2.25996 1.53177 87.21466 

2.11613 1.66863 82.93351 

2.00330 1.84219 78.66496 

1.86125 1.96261 74.35134 

1.67505 2.10602 70.07684 

1.50796 2.22565 65.82317 

1.31839 2.33781 61.43259 

1.14523 2.44271 57.17684 

0.90456 2.56372 52.90843 

0.75690 2.59627 48.64803 

0.54458 2.63275 44.39501 

0.42573 2.65603 40.15849 

0.15476 2.71908 35.89826 

-0.03717 2.71424 31.62905 

-0.30946 2.69956 27.38666 

