-2.94173 -3.47183 -12.51849 

-3.23327 -4.03609 -16.72960 

-3.31975 -4.35456 -20.97687 

-3.21225 -4.52062 -25.23033 

-3.07506 -4.47102 -29.49489 

-2.83274 -4.34447 -33.77254 

-2.59657 -4.16532 -38.04206 

-2.31655 -3.88708 -42.30706 

-2.02399 -3.56557 -46.57639 

-1.77321 -3.22253 -50.86313 

-1.55637 -2.89397 -55.11419 

-1.40685 -2.54889 -59.36634 

-1.26656 -2.25081 -63.64069 

-1.18614 -1.98936 -67.88712 

-1.16319 -1.77419 -72.11028 

-1.13141 -1.57321 -76.33195 

-1.11492 -1.40790 -80.56940 

-1.12313 -1.30294 -84.79926 

-1.15020 -1.24415 -89.01535 

-1.17609 -1.21076 -93.25156 

-1.22105 -1.24319 -97.50665 

-1.22130 -1.24839 -101.73719 

-1.19353 -1.28195 -105.99624 

-1.16210 -1.38098 -110.22767 

-1.09669 -1.48529 -114.45502 

-1.01772 -1.59611 -118.69741 

-0.93851 -1.72471 -122.91367 

-0.83390 -1.84568 -127.15173 

-0.71915 -1.92507 -131.38248 

-0.57024 -2.00635 -135.60219 

-0.42678 -2.08697 -139.82581 

-0.26501 -2.15503 -144.17860 

-0.06726 -2.19498 -148.40932 

0.14144 -2.22277 -152.61278 

0.35408 -2.25454 -156.82956 

0.51591 -2.26858 -161.09802 

0.70070 -2.26055 -165.31116 

0.87792 -2.21408 -169.53307 

1.05111 -2.16251 -173.78430 

1.22284 -2.08046 -178.00146 

1.39912 -2.00287 177.82782 

1.58420 -1.84752 173.59004 

1.74165 -1.73158 169.35643 

1.90343 -1.61571 165.16225 

2.05810 -1.48055 160.92188 

2.17262 -1.35037 156.69504 

2.26192 -1.19534 152.51144 

2.37898 -1.02340 148.29498 

2.44123 -0.84565 144.07610 

2.52752 -0.67468 139.86172 

2.57735 -0.47878 135.66373 

2.61245 -0.28008 131.43733 

2.61999 -0.11399 127.21767 

2.61304 0.07666 122.98862 

2.60144 0.29052 118.77025 

2.57261 0.46198 114.57770 

2.57493 0.71460 110.37202 

2.54010 0.91085 106.14878 

2.46925 1.07681 101.91517 

2.37408 1.26086 97.68039 

2.31100 1.41173 93.33185 

2.22754 1.52279 89.12626 

2.11011 1.65437 84.90079 

2.04524 1.81098 80.69190 

1.92683 1.94761 76.47514 

1.80046 2.05849 72.25611 

1.65023 2.19824 68.03300 

1.50515 2.33171 63.77357 

1.31325 2.39403 59.55423 

1.12397 2.48351 55.32731 

0.97227 2.54447 51.10181 

0.77745 2.60054 46.84723 

0.58519 2.63929 42.61830 

0.40309 2.66935 38.38373 

0.20341 2.65304 34.16383 

-0.00890 2.65957 29.94422 

-0.21420 2.69808 25.70473 

-0.37747 2.67707 21.47186 

-0.54735 2.61460 17.23157 

-0.72449 2.56638 13.00293 

-0.91140 2.52321 8.76162 

-1.08148 2.42226 4.51564 

-1.25902 2.33228 0.27414 

-1.41524 2.23660 -3.95291 

-1.59262 2.13668 -8.20182 

-1.69827 1.97680 -12.43012 

-1.84647 1.86153 -16.65140 

-1.94080 1.71157 -20.89762 

-2.05986 1.55718 -25.11650 

-2.16995 1.36365 -29.33328 

-2.26519 1.21609 -33.57150 

-2.32879 1.05743 -37.80143 

-2.35440 0.81171 -42.13894 

-2.39725 0.65682 -46.39557 

-2.41900 0.47087 -50.60404 

-2.44582 0.27677 -54.80540 

-2.48226 0.11900 -59.04044 

-2.44247 -0.08860 -63.24903 

-2.43735 -0.28318 -67.48006 

-2.38723 -0.44405 -71.70113 

-2.35548 -0.62692 -75.95830 

-2.30576 -0.79542 -80.19144 

-2.23175 -0.98565 -84.43578 

-2.13209 -1.15481 -88.67719 

-2.02566 -1.30553 -92.91171 

-1.92407 -1.44439 -97.13420 

-1.76519 -1.61031 -101.37150 

-1.61585 -1.74195 -105.60338 

-1.48037 -1.84183 -109.84235 

-1.32958 -1.96011 -114.07861 

-1.13278 -2.04918 -118.30692 

-0.99279 -2.16307 -122.54697 

-0.81790 -2.20191 -126.77854 

-0.64546 -2.28835 -131.00560 

-0.43562 -2.31825 -135.24429 

-0.29572 -2.36919 -139.47989 

-0.07502 -2.39408 -143.73351 

0.08957 -2.41297 -147.96561 

0.27678 -2.41940 -152.19722 

0.48569 -2.38977 -156.44926 

0.69445 -2.34578 -160.70403 

0.85414 -2.28225 -164.94366 

1.06225 -2.26296 -169.18085 

1.24927 -2.17694 -173.54770 

1.39817 -2.05567 -177.80725 

1.54261 -1.93058 177.97438 

1.69628 -1.85712 173.75066 

1.86989 -1.73015 169.49318 

1.96177 -1.61010 165.27228 

2.08586 -1.46782 161.03723 

2.19782 -1.29880 156.81564 

2.28481 -1.16225 152.58907 

2.36485 -0.94812 148.36423 

2.43735 -0.78700 144.14412 

2.52471 -0.60901 139.93864 

2.60367 -0.43914 135.71449 

2.64018 -0.26374 131.49767 

2.68512 -0.02544 127.27689 

2.72360 0.14763 123.04287 

2.73004 0.34375 118.82845 

2.67203 0.51564 114.62965 

2.60706 0.71072 110.42077 

2.54321 0.91558 106.20544 

2.47395 1.07947 101.99329 

2.35266 1.24458 97.76439 

2.28012 1.36981 93.53860 

2.17091 1.51300 89.33144 

2.06524 1.66534 85.12953 

1.95235 1.81123 80.90768 

