-3.37962 -4.83645 -29.70986 

-3.08531 -4.67221 -34.01535 

-2.77590 -4.46988 -38.32915 

-2.49916 -4.19925 -42.62043 

-2.20095 -3.87719 -46.93208 

-1.97352 -3.52852 -51.28708 

-1.76127 -3.12111 -55.63231 

-1.61878 -2.86430 -59.93914 

-1.46110 -2.54623 -64.26373 

-1.35856 -2.27808 -68.57275 

-1.31121 -2.05560 -72.87296 

-1.22472 -1.88527 -77.17635 

-1.19495 -1.71211 -81.46289 

-1.21187 -1.63105 -85.74235 

-1.17751 -1.52733 -90.02677 

-1.18615 -1.52106 -94.26849 

-1.19363 -1.53924 -98.53538 

-1.18821 -1.59719 -102.80112 

-1.12134 -1.60698 -107.09092 

-1.09200 -1.67952 -111.37795 

-1.03671 -1.75691 -115.65356 

-0.96215 -1.86965 -119.91503 

-0.88033 -1.96627 -124.19373 

-0.77301 -2.03901 -128.46352 

-0.62511 -2.08948 -132.70178 

-0.48711 -2.18644 -136.95837 

-0.35011 -2.26389 -141.20432 

-0.19277 -2.30519 -145.60060 

-0.00509 -2.36195 -149.88451 

0.18706 -2.42486 -154.13377 

0.37544 -2.45233 -158.41591 

0.55988 -2.42844 -162.68663 

0.72763 -2.38192 -166.93700 

0.89015 -2.31348 -171.17130 

1.12314 -2.28293 -175.41881 

1.32355 -2.20258 -179.71117 

1.50886 -2.09366 176.03813 

1.66124 -1.97810 171.75664 

1.80582 -1.83734 167.50513 

1.98866 -1.71294 163.22334 

2.15659 -1.53732 158.98495 

2.28925 -1.37216 154.73878 

2.39411 -1.20389 150.48389 

2.49337 -1.04592 146.24557 

2.56600 -0.87204 141.97160 

2.61283 -0.66579 137.72287 

2.64824 -0.43750 133.47130 

2.63648 -0.22110 129.18602 

2.65880 0.00978 124.91903 

2.68047 0.20867 120.66091 

2.64503 0.37666 116.39010 

2.63153 0.59813 112.12390 

2.57303 0.77380 107.86711 

2.51979 0.95849 103.60332 

2.44510 1.15360 99.37562 

2.36915 1.34249 95.10576 

2.27240 1.49269 90.72064 

2.17592 1.61770 86.46719 

2.03684 1.75040 82.23145 

1.89449 1.88182 77.99323 

1.72845 2.00452 73.75449 

1.58837 2.13797 69.51079 

1.42642 2.24550 65.28642 

1.23734 2.39756 61.03102 

1.05713 2.44451 56.77420 

0.90853 2.53578 52.53033 

0.74893 2.60441 48.30268 

0.53881 2.65308 44.03783 

0.37187 2.68474 39.79317 

0.16224 2.69638 35.55938 

-0.05190 2.68743 31.32439 

-0.23457 2.64180 27.06430 

-0.45070 2.59798 22.80230 

-0.62731 2.54567 18.55432 

-0.83771 2.49488 14.30491 

-0.99918 2.42061 10.04212 

-1.34650 2.31626 5.76150 

-1.42564 2.23712 1.48752 

-1.51704 2.14300 -2.73969 

-1.64676 2.04272 -6.98596 

-1.79485 1.93933 -11.23639 

-1.91265 1.80578 -15.49159 

-2.03504 1.65602 -19.72970 

-2.15323 1.50462 -23.97136 

-2.15774 1.30766 -28.23249 

-2.23494 1.18515 -32.47757 

-2.35242 0.95769 -36.74591 

-2.46843 0.74502 -41.12802 

-2.50807 0.57015 -45.37672 

-2.52051 0.34829 -49.62012 

-2.58512 0.14712 -53.85723 

-2.59870 -0.04350 -58.10878 

-2.56690 -0.23499 -62.35244 

-2.53679 -0.44870 -66.58008 

-2.51084 -0.62223 -70.84657 

-2.45355 -0.80927 -75.09659 

-2.40230 -0.96189 -79.32067 

-2.29788 -1.14930 -83.56001 

-2.19784 -1.31741 -87.83176 

-2.08977 -1.49690 -92.07653 

-1.98447 -1.66401 -96.35091 

-1.86955 -1.80044 -100.63628 

-1.72435 -1.94056 -104.92305 

-1.63713 -2.02776 -109.20287 

-1.45613 -2.13458 -113.48640 

-1.27162 -2.22035 -117.77932 

-1.11233 -2.30672 -122.04972 

-0.90290 -2.40797 -126.32182 

-0.72711 -2.47419 -130.61020 

-0.54546 -2.55863 -134.90746 

-0.29161 -2.62826 -139.20729 

-0.07700 -2.64939 -143.47896 

0.09886 -2.63493 -147.74179 

0.28593 -2.63022 -151.99060 

0.46830 -2.56204 -156.24500 

0.64311 -2.54697 -160.48804 

0.87108 -2.44183 -164.76904 

0.90328 -2.36644 -169.00824 

1.08770 -2.25965 -173.39645 

1.28452 -2.16243 -177.64209 

1.44969 -2.07064 178.11710 

1.64356 -1.94791 173.86589 

1.82211 -1.83026 169.62032 

1.97073 -1.70200 165.35294 

2.08676 -1.57086 161.10471 

2.12597 -1.61061 163.76691 

2.22144 -1.48360 159.53471 

2.27723 -1.29560 155.29205 

2.37362 -1.16099 151.05061 

2.44171 -1.02642 146.79228 

2.47069 -0.85366 144.33086 

2.50346 -0.71427 140.08836 

2.56611 -0.55358 135.86513 

2.61967 -0.38956 131.64319 

2.70039 -0.19614 127.40190 

2.71069 -0.03006 123.16615 

2.69598 0.17807 118.90074 

2.60432 0.35187 114.65933 

2.65652 0.55983 110.60732 

2.60052 0.75167 106.36320 

2.55145 0.91360 102.10204 

2.50318 1.14854 97.88015 

2.38729 1.34945 93.64783 

2.30637 1.50644 89.39423 

2.15154 1.65732 85.13425 

2.01413 1.80108 80.89654 

1.88311 1.96081 76.51675 

1.71984 2.09233 72.25731 

1.56934 2.19716 68.01656 

1.41942 2.33252 63.78518 

1.22764 2.34875 59.52547 

1.09415 2.47987 56.27607 

0.90109 2.55200 52.00579 

0.75100 2.59927 48.84030 

0.68834 2.62200 47.13009 

0.48894 2.65738 42.86978 

0.30011 2.69783 38.61349 

0.08829 2.69111 34.37997 

-0.11059 2.70623 30.09964 

-0.22361 2.68559 25.87137 

-0.43430 2.68300 21.59850 

-0.62359 2.62111 17.37393 

-0.82708 2.57127 13.13525 

-1.01994 2.49051 8.89780 

-1.19316 2.39003 4.64826 

-1.38301 2.29349 0.39489 

-1.53746 2.18621 -3.84356 

-1.66950 2.05589 -8.10783 

-1.73440 1.88575 -12.29455 

-1.90379 1.78396 -16.55895 

-2.03335 1.62253 -20.77446 

