-3.52219 -4.96375 -25.02998 

-3.30111 -4.95309 -29.28513 

-3.05462 -4.82596 -33.56107 

-2.76159 -4.57401 -37.85376 

-2.48991 -4.25675 -42.13844 

-2.14333 -3.80171 -46.41489 

-1.89151 -3.42893 -50.68786 

-1.68927 -3.10953 -54.96273 

-1.54282 -2.78402 -59.20885 

-1.46163 -2.53580 -63.46394 

-1.37322 -2.26971 -67.71416 

-1.33150 -2.02188 -71.95687 

-1.33134 -1.83744 -76.17318 

-1.32026 -1.69259 -80.40855 

-1.35922 -1.59525 -84.61238 

-1.33860 -1.54107 -88.82877 

-1.36314 -1.49414 -93.05401 

-1.36805 -1.51561 -97.27338 

-1.32375 -1.57553 -101.50771 

-1.30229 -1.65976 -105.75114 

-1.27489 -1.72780 -109.95475 

-1.21161 -1.80974 -114.14647 

-1.17530 -1.88804 -118.33962 

-1.09946 -2.02651 -122.54001 

-0.96615 -2.12827 -126.76752 

-0.83002 -2.23238 -131.11008 

-0.68700 -2.30991 -135.30894 

-0.53290 -2.37973 -139.53302 

-0.36274 -2.43638 -143.74055 

-0.17097 -2.49860 -147.97021 

0.01845 -2.54319 -152.18362 

0.23794 -2.56417 -156.38812 

0.43612 -2.56269 -160.57793 

0.64641 -2.55772 -164.80075 

0.82087 -2.52172 -169.00874 

1.04285 -2.44234 -173.21786 

1.21980 -2.37492 -177.44154 

1.39495 -2.29586 178.37177 

1.57770 -2.21073 174.14870 

1.75798 -2.09973 169.94237 

1.94662 -1.94764 165.70833 

2.07946 -1.76386 161.50235 

2.20375 -1.63918 157.28773 

2.33076 -1.46715 153.07561 

2.46174 -1.24144 148.87483 

2.52857 -1.04073 144.64301 

2.61451 -0.81948 140.45930 

2.65006 -0.62867 136.27094 

2.67400 -0.46525 132.07932 

2.70388 -0.28719 127.84464 

2.71246 -0.10501 123.64643 

2.70688 0.10652 119.42099 

2.71187 0.32483 115.21295 

2.68994 0.53348 110.99840 

2.65520 0.72676 106.79102 

2.60426 0.93517 102.45177 

2.53856 1.12192 98.23592 

2.44337 1.29102 94.02647 

2.35138 1.43843 89.78938 

2.23917 1.61537 85.58785 

2.12938 1.76687 81.40388 

1.99218 1.91912 77.18689 

1.85133 2.03814 72.96702 

1.70301 2.15200 68.74139 

1.52586 2.27982 64.50734 

1.32481 2.37491 60.27811 

1.14150 2.50121 56.04605 

0.95084 2.59351 51.84509 

0.75333 2.66273 47.62778 

0.55530 2.66447 43.43133 

0.33537 2.67588 39.22153 

0.16418 2.67527 34.99053 

-0.06428 2.66785 30.77494 

-0.26593 2.66454 26.53569 

-0.46013 2.63145 22.34667 

-0.65476 2.56371 18.13504 

-0.86444 2.54211 13.92419 

-1.05649 2.48491 9.70448 

-1.23798 2.42153 5.49961 

-1.43080 2.35367 1.28947 

-1.62394 2.23014 -2.91956 

-1.73846 2.11150 -7.15160 

-1.88904 1.97127 -11.36365 

-2.06082 1.83104 -15.57274 

-2.19992 1.67563 -19.77272 

-2.30282 1.50384 -24.10333 

-2.39419 1.31957 -28.29946 

-2.47648 1.13614 -32.51234 

-2.55989 0.96793 -36.74284 

-2.63050 0.78717 -40.94410 

-2.69515 0.60929 -45.16184 

-2.73096 0.42666 -49.37426 

-2.74189 0.25048 -53.57674 

-2.72803 0.04696 -57.76099 

-2.68599 -0.14076 -61.96568 

-2.70159 -0.33836 -66.19190 

-2.65373 -0.53468 -70.40723 

-2.60723 -0.73239 -74.62155 

-2.54319 -0.96034 -78.83506 

-2.45897 -1.13355 -83.05554 

-2.34891 -1.31077 -87.27518 

-2.24715 -1.46920 -91.48505 

-2.13706 -1.66229 -95.69096 

-2.01861 -1.79397 -99.87797 

-1.86087 -1.92993 -104.10403 

-1.68589 -2.05309 -108.32838 

-1.52197 -2.16395 -112.54752 

-1.35264 -2.29269 -116.77343 

-1.18573 -2.42207 -120.99582 

-1.01865 -2.48438 -125.21051 

-0.81163 -2.55831 -129.44005 

-0.63816 -2.60044 -133.65778 

-0.45129 -2.64957 -137.87808 

-0.27569 -2.69214 -142.09485 

-0.07833 -2.68958 -146.29807 

0.14856 -2.69292 -150.52917 

0.35093 -2.68029 -154.75325 

0.56127 -2.63898 -158.97200 

0.76405 -2.58534 -163.31465 

0.94334 -2.54475 -167.53671 

1.09842 -2.51657 -171.75246 

1.26830 -2.41167 -175.95714 

1.47972 -2.29168 179.85533 

1.64065 -2.16248 175.64305 

1.77876 -2.05304 171.43016 

1.94137 -1.95328 167.22290 

2.06679 -1.80967 163.01451 

2.18821 -1.66357 158.80887 

2.30717 -1.46482 154.59669 

2.38943 -1.23690 150.37892 

2.47971 -1.05596 146.16504 

2.56245 -0.88955 141.93849 

2.61103 -0.70186 137.74414 

2.65674 -0.50492 133.52296 

2.68217 -0.34377 129.33205 

2.70099 -0.16281 125.11342 

2.69877 0.03706 120.89745 

2.66238 0.23830 116.69936 

2.63447 0.43301 112.49413 

2.59883 0.66261 108.28065 

2.54388 0.85632 104.07282 

2.50507 1.03093 99.85267 

2.42168 1.21796 95.65261 

2.32360 1.37461 91.43597 

2.23897 1.54949 87.22769 

2.11223 1.71593 82.90131 

1.96516 1.87631 78.68919 

1.85337 2.02195 74.47591 

1.72332 2.15128 70.29202 

1.57270 2.26015 66.07217 

1.41639 2.36375 61.84537 

1.25914 2.43177 57.62578 

1.06118 2.52188 53.42627 

0.87794 2.59990 49.19800 

0.65038 2.65554 44.98701 

0.48018 2.71359 40.78996 

0.25539 2.74176 36.57112 

0.03612 2.73313 32.36795 

-0.17226 2.75479 28.13615 

-0.36760 2.73525 23.91502 

-0.56795 2.73892 19.72634 

-0.76956 2.67264 15.52796 

-0.94580 2.59054 11.32271 

-1.14748 2.50909 7.09388 

-1.32688 2.38940 2.86292 

-1.51075 2.27042 -1.33751 

-1.65029 2.16033 -5.52400 

-1.79614 2.01207 -9.72713 

-1.93506 1.87870 -13.94870 

-2.06153 1.73421 -18.15469 

-2.20273 1.58178 -22.35478 

-2.32563 1.43384 -26.56323 

-2.44975 1.23901 -30.78742 

-2.47126 1.05692 -34.99538 

-2.56516 0.87951 -39.21112 

-2.62959 0.70016 -43.40240 

-2.64013 0.52355 -47.61521 

-2.67914 0.33232 -51.82407 

-2.69024 0.12632 -56.06056 

-2.69245 -0.07533 -60.25023 

-2.65530 -0.25129 -64.45787 

-2.60365 -0.49460 -68.77695 

