-1.11230 -1.44414 -107.03008 

-1.04042 -1.42682 -111.31280 

-0.99089 -1.51117 -115.59113 

-0.93758 -1.63477 -119.87380 

-0.85226 -1.71908 -124.12308 

-0.77712 -1.80965 -128.39847 

-0.64967 -1.92264 -132.80315 

-0.51168 -2.01441 -137.06938 

-0.35601 -2.07243 -141.35320 

-0.21526 -2.14573 -145.61844 

-0.01928 -2.20150 -149.86903 

0.13814 -2.23910 -154.17522 

0.31471 -2.23273 -158.43628 

0.49350 -2.21686 -162.69917 

0.68393 -2.21902 -166.98430 

0.86126 -2.19422 -171.22787 

1.07745 -2.16484 -175.52057 

1.26783 -2.06886 -179.79114 

1.43872 -1.98597 175.93118 

1.59772 -1.89403 171.69177 

1.77530 -1.78540 167.42574 

1.94552 -1.64578 163.16528 

2.05918 -1.48655 158.87921 

2.16552 -1.31122 154.59901 

2.26111 -1.15125 150.34691 

2.38185 -0.97409 146.08409 

2.44927 -0.76917 141.82515 

2.50681 -0.60205 137.56235 

2.55611 -0.41747 133.30916 

2.56984 -0.24020 129.05165 

2.58033 -0.02815 124.78653 

2.58779 0.17633 120.50120 

2.57823 0.34400 116.25360 

2.55729 0.52499 111.98028 

2.53278 0.71098 107.59428 

2.48305 0.89584 103.33341 

2.41938 1.08801 99.06682 

2.33918 1.26668 94.80001 

2.22538 1.43897 90.53429 

2.13586 1.60670 86.25688 

2.03043 1.75519 81.99042 

1.88152 1.88061 77.72663 

1.75598 2.00214 73.45578 

1.61332 2.13094 69.18483 

1.44516 2.21947 64.91885 

1.30189 2.30533 60.66500 

1.11283 2.39628 56.40923 

0.95700 2.47488 52.14197 

0.78907 2.53851 47.88883 

0.58429 2.58909 43.59506 

0.39252 2.60333 39.33777 

0.20339 2.60781 35.05561 

0.01606 2.61153 30.76357 

-0.18319 2.59620 26.50739 

-0.38044 2.57162 22.21634 

-0.58900 2.52500 17.94617 

-0.74482 2.47691 13.67637 

-0.91365 2.42240 9.42869 

-1.07446 2.33207 5.16440 

-1.22475 2.25551 0.91571 

-1.37079 2.13824 -3.48155 

-1.53397 2.01122 -7.74614 

-1.68469 1.89263 -12.01460 

-1.83735 1.76663 -16.29358 

-1.96204 1.62519 -20.54367 

-2.07476 1.49426 -24.79863 

-2.17232 1.35612 -29.04193 

-2.24689 1.18440 -33.29822 

-2.32417 0.99979 -37.53683 

-2.37339 0.80852 -41.80039 

-2.41745 0.61533 -46.05250 

-2.45582 0.44896 -50.29488 

-2.47482 0.26240 -54.55641 

-2.45148 0.08387 -58.81522 

-2.45389 -0.10948 -63.06576 

-2.42259 -0.31233 -67.31034 

-2.36730 -0.49472 -71.59162 

-2.32435 -0.66526 -75.82899 

-2.25550 -0.84369 -80.08589 

-2.17277 -0.99994 -84.33250 

-2.09929 -1.17304 -88.58693 

-2.00818 -1.32367 -92.86351 

-1.86875 -1.46704 -97.10772 

-1.75386 -1.60091 -101.37508 

-1.61349 -1.75464 -105.64363 

-1.44656 -1.85339 -109.90835 

-1.30884 -1.96684 -114.17840 

-1.16831 -2.07762 -118.44417 

-1.00450 -2.15911 -122.82917 

-0.84180 -2.24820 -127.09790 

-0.62690 -2.30665 -131.36357 

-0.46589 -2.35970 -135.63734 

-0.26055 -2.38648 -139.88383 

-0.08898 -2.39654 -144.15291 

0.09017 -2.42085 -148.41147 

0.26533 -2.43147 -152.68005 

0.43687 -2.38493 -156.96109 

0.65561 -2.33313 -161.21945 

0.83898 -2.29568 -165.47916 

1.01997 -2.24754 -169.74049 

1.19721 -2.15926 -174.00317 

1.34729 -2.05113 -178.27568 

1.49065 -1.92904 177.45886 

1.66265 -1.82102 173.18420 

1.79683 -1.69120 168.90918 

1.90638 -1.53294 164.64435 

2.04211 -1.40477 160.36429 

2.11936 -1.26225 156.11569 

2.19432 -1.11297 151.86696 

2.28882 -0.95530 147.61420 

2.35774 -0.78406 143.36102 

2.43239 -0.62606 139.08028 

2.48403 -0.44353 134.78616 

2.54018 -0.26437 130.50502 

2.56864 -0.08536 126.09196 

2.57263 0.09174 121.82552 

2.57286 0.29429 117.55223 

2.55412 0.47552 113.25669 

2.52694 0.68009 108.96963 

2.47795 0.87622 104.68886 

2.43702 1.04229 100.42992 

2.39328 1.19676 96.13200 

2.30044 1.34915 91.85542 

2.19793 1.50423 87.57223 

2.07203 1.69360 83.30793 

1.95468 1.82738 79.04633 

1.82383 1.98788 74.75635 

1.65601 2.10006 70.47551 

1.52020 2.20794 66.18487 

1.34461 2.29255 61.91479 

1.19602 2.38636 57.63552 

1.00893 2.45143 53.34002 

0.82553 2.51539 49.06683 

0.64961 2.56676 44.76822 

0.44898 2.60060 40.46349 

0.24987 2.63849 36.18409 

0.07785 2.63471 31.89098 

-0.11281 2.63617 27.60863 

-0.30409 2.61215 23.32990 

-0.49757 2.57614 19.05896 

-0.66245 2.52991 14.76722 

-0.86544 2.46198 10.48368 

-1.05097 2.37180 6.09875 

-1.21733 2.28165 1.81303 

-1.37903 2.18560 -2.47094 

-1.54678 2.06459 -6.76565 

-1.69825 1.93539 -11.03996 

-1.81929 1.79964 -15.31397 

-1.96054 1.67757 -19.56195 

-2.04784 1.51104 -23.83966 

-2.16017 1.34708 -28.10184 

-2.22125 1.17872 -32.39108 

-2.27618 1.01801 -36.64560 

-2.33930 0.85393 -40.93259 

-2.41577 0.67139 -45.21118 

-2.45596 0.48667 -49.48071 

-2.46097 0.29665 -53.76081 

-2.45150 0.10961 -58.04394 

-2.45233 -0.05416 -62.31247 

-2.40952 -0.23619 -66.58766 

-2.38726 -0.42147 -70.86680 

-2.32802 -0.60757 -75.13708 

-2.28228 -0.78145 -79.40269 

-2.21844 -0.95469 -83.69363 

-2.12396 -1.11231 -87.97253 

-2.01821 -1.27947 -92.26140 

-1.92881 -1.43071 -96.53953 

-1.80484 -1.57094 -100.82536 

-1.67457 -1.71835 -105.10694 

-1.54076 -1.84349 -109.38711 

-1.38629 -1.96041 -113.79665 

-1.25765 -2.05480 -118.04881 

-1.06854 -2.15939 -122.33346 

-0.89411 -2.22969 -126.60820 

-0.70445 -2.28425 -130.88657 

-0.52573 -2.34619 -135.18652 

-0.34218 -2.39737 -139.46173 

-0.16242 -2.41036 -143.74011 

0.02882 -2.40196 -148.02118 

0.22168 -2.38755 -152.32030 

0.44062 -2.36141 -156.59109 

0.65418 -2.32321 -160.88214 

0.83715 -2.27132 -165.15514 

0.99459 -2.17904 -169.43076 

1.18434 -2.09392 -173.70358 

1.37849 -2.00549 -177.97597 

1.54216 -1.92266 177.75404 

1.68147 -1.84515 173.48944 

1.82242 -1.71179 169.22742 

1.94530 -1.56175 164.94530 

2.04925 -1.43477 160.66769 

2.13759 -1.31483 156.38150 

2.24271 -1.18228 152.08110 

2.32194 -0.98793 147.68582 

2.40290 -0.83562 143.40108 

2.47910 -0.64411 139.11383 

2.49623 -0.45974 134.85611 

2.55976 -0.29142 130.60861 

2.55552 -0.09558 126.32442 

2.58570 0.06894 122.04784 

2.57687 0.24568 117.77311 

2.54916 0.45824 113.51246 

2.54493 0.64194 109.24652 

2.49815 0.82103 104.97399 

2.42021 0.98989 100.71613 

2.36215 1.18356 96.44604 

2.25751 1.36961 92.17111 

2.13193 1.54153 87.87083 

2.03921 1.67292 83.59293 

1.90703 1.82991 79.29553 

1.79604 1.98770 75.04543 

1.64916 2.11482 70.76109 

1.46576 2.22218 66.47205 

1.30198 2.32603 62.17426 

1.10493 2.41783 57.88466 

0.93931 2.48563 53.58315 

0.77020 2.55326 49.30233 

0.59098 2.57181 45.02960 

0.42562 2.57567 40.73796 

0.23201 2.61136 36.45379 

0.08500 2.60544 32.17499 

-0.10093 2.58488 27.90428 

-0.28944 2.56016 23.60914 

-0.46778 2.52378 19.30276 

-0.65731 2.49577 14.90509 

-0.83616 2.44995 10.61843 

-1.00473 2.38907 6.33910 

-1.18569 2.30353 2.06839 

-1.35447 2.21142 -2.21686 

-1.51895 2.08306 -6.49759 

-1.65062 1.96282 -10.77848 

-1.79970 1.83286 -15.04675 

-1.92061 1.66336 -19.31587 

-2.05304 1.50779 -23.60125 

-2.15566 1.34785 -27.86542 

-2.22795 1.18838 -32.13955 

-2.29715 1.00764 -36.41474 

-2.35157 0.84685 -40.68315 

-2.40324 0.65693 -44.93467 

-2.43434 0.47020 -49.19910 

-2.45175 0.28486 -53.46646 

-2.45179 0.09157 -57.72364 

-2.44408 -0.10320 -62.01883 

-2.40638 -0.28020 -66.28442 

-2.37104 -0.43895 -70.56187 

-2.31884 -0.61340 -74.85447 

-2.22399 -0.81564 -79.12462 

-2.16940 -0.98357 -83.39361 

-2.10636 -1.14771 -87.65839 

-2.00638 -1.30558 -91.94926 

-1.91072 -1.45889 -96.24110 

-1.78733 -1.63206 -100.53191 

-1.64542 -1.77062 -104.80216 

-1.49823 -1.86255 -109.20713 

-1.34038 -1.99002 -113.50118 

-1.17347 -2.08093 -117.79754 

-1.01489 -2.15997 -122.06952 

-0.85253 -2.21496 -126.34545 

-0.65498 -2.28177 -130.63260 

-0.46701 -2.35894 -134.89844 

-0.29793 -2.39749 -139.17258 

-0.09795 -2.43988 -143.45389 

0.07433 -2.42451 -147.73561 

0.26438 -2.40874 -152.02196 

0.44918 -2.37017 -156.31494 

0.62261 -2.35136 -160.61774 

0.81431 -2.31210 -164.92047 

1.01580 -2.25138 -169.17554 

1.18645 -2.17588 -173.44180 

1.36587 -2.06697 -177.72855 

1.51521 -1.94595 178.00426 

1.65049 -1.86233 173.74330 

1.81909 -1.73858 169.46266 

1.96301 -1.58985 165.18381 

2.06392 -1.45063 160.90363 

2.15244 -1.29484 156.62347 

2.25029 -1.14251 152.21313 

2.32270 -0.98365 147.92317 

2.37936 -0.81728 143.63596 

2.43495 -0.66678 139.37624 

2.49743 -0.46420 135.13664 

2.54560 -0.28106 130.88428 

2.56923 -0.07940 126.59637 

2.57036 0.11863 122.31828 

2.56270 0.29209 118.04795 

2.53376 0.47388 113.76779 

2.52857 0.66322 109.48765 

2.48281 0.83187 105.23392 

2.42666 1.02185 100.95888 

2.33136 1.20281 96.70058 

2.24073 1.38086 92.41115 

2.15596 1.53085 88.14557 

2.02335 1.68024 83.85880 

1.89371 1.82085 79.56762 

1.75495 1.95510 75.28159 

1.63308 2.06646 71.00258 

1.47440 2.19272 66.71492 

1.32713 2.26488 62.43149 

1.15472 2.36602 58.16056 

0.97379 2.42155 53.86220 

0.79998 2.49554 49.57318 

0.61278 2.54752 45.29400 

0.41149 2.58371 41.02473 

0.24613 2.59761 36.75356 

0.05071 2.62098 32.48911 

-0.13963 2.61371 28.20516 

-0.31635 2.60623 23.93252 

-0.51630 2.58473 19.54001 

-0.69049 2.52357 15.27152 

-0.84730 2.46628 11.00176 

-1.01006 2.40583 6.71341 

-1.18215 2.29727 2.41722 

-1.36200 2.19194 -1.85305 

-1.50231 2.07314 -6.12216 

-1.65064 1.96644 -10.38545 

-1.80918 1.81398 -14.67288 

-1.94147 1.66853 -18.95962 

-2.04923 1.50484 -23.25148 

-2.21623 1.33436 -27.52410 

-2.49932 0.98798 -31.79497 

-2.53515 0.85801 -36.08735 

