-1.41156 -1.34674 -12.31947 

-1.57440 -1.64015 -16.44250 

-1.58983 -1.87850 -20.60141 

-1.56398 -2.00668 -24.79430 

-1.41232 -1.91033 -28.97266 

-1.24131 -1.78930 -33.19238 

-1.12603 -1.66014 -37.41687 

-0.97406 -1.40462 -41.63797 

-0.74085 -1.20371 -45.86671 

-0.55628 -1.00489 -50.09284 

-0.48457 -0.81793 -54.30950 

-0.43863 -0.61143 -58.51531 

-0.29699 -0.40132 -62.70672 

-0.26760 -0.26985 -66.92900 

-0.28138 -0.12972 -71.11236 

-0.28702 0.02967 -75.28954 

-0.27049 0.10825 -79.47626 

-0.30649 0.18207 -83.67125 

-0.28377 0.22286 -87.84854 

-0.29707 0.26458 -92.03836 

-0.31299 0.22484 -96.18970 

-0.33657 0.29226 -100.34787 

-0.28623 0.11936 -104.52958 

-0.30540 0.13648 -108.72321 

-0.27594 0.13433 -112.89562 

-0.23725 -0.06266 -117.06625 

-0.23418 -0.09998 -121.24391 

-0.12085 -0.19887 -125.41779 

-0.03990 -0.22168 -129.60361 

-0.01027 -0.34455 -133.79391 

0.03499 -0.40523 -138.07602 

0.22278 -0.45846 -142.24649 

0.21683 -0.48081 -146.40117 

0.39983 -0.46243 -150.57156 

0.48025 -0.45646 -154.74954 

0.67185 -0.52996 -158.93123 

0.76836 -0.50602 -163.12177 

0.89222 -0.49592 -167.29683 

0.98794 -0.47503 -171.45897 

1.14501 -0.39716 -175.64139 

1.20559 -0.46021 -179.80936 

1.32485 -0.32392 176.03050 

1.41891 -0.28203 171.84222 

1.59857 -0.27625 167.68144 

1.66951 -0.21770 163.48187 

1.80592 -0.12768 159.29829 

1.79068 -0.02444 155.10898 

1.92687 0.14900 150.91681 

2.04902 0.26058 146.72701 

2.12766 0.35288 142.55699 

2.02620 0.42980 138.38150 

2.10850 0.58131 134.22565 

2.12937 0.66803 130.05887 

2.25794 0.73698 125.88052 

2.16287 0.90418 121.72121 

2.16529 1.01169 117.55196 

2.16075 1.22917 113.39494 

2.14493 1.27859 109.23415 

2.12691 1.40284 104.96496 

2.06679 1.53939 100.78806 

2.10214 1.66399 96.62391 

1.96677 1.75549 92.44627 

1.95296 1.77907 88.27016 

1.77608 1.94540 84.10598 

1.81332 2.04604 79.93565 

1.71087 2.07828 75.72701 

1.65890 2.19905 71.56284 

1.60558 2.26023 67.38702 

1.45925 2.34992 63.19967 

1.34931 2.26761 59.04010 

1.23317 2.43459 54.85560 

1.11989 2.45342 50.68524 

1.00564 2.45466 46.52651 

0.89993 2.54698 42.33627 

0.79539 2.53932 38.16963 

0.72250 2.61689 33.97808 

0.55761 2.59654 29.79386 

0.46086 2.61194 25.60957 

0.43810 2.56960 21.42039 

0.17684 2.58313 17.25023 

0.07367 2.53394 13.06336 

-0.03261 2.50559 8.85914 

-0.11429 2.49173 4.68265 

-0.19082 2.43627 0.48854 

-0.31014 2.31200 -3.68829 

-0.35767 2.23049 -7.96768 

-0.52224 2.24180 -12.14938 

-0.58417 2.09737 -16.32028 

-0.58783 2.01107 -20.48463 

-0.76029 2.00428 -24.65040 

-0.83096 1.90553 -28.82241 

-0.86613 1.81331 -33.00013 

-1.00391 1.77064 -37.18886 

-0.92499 1.51185 -41.35590 

-0.99235 1.42945 -45.52859 

-0.97414 1.28431 -49.69955 

-1.02966 1.22831 -53.87347 

-1.04135 1.12716 -58.07597 

-1.05536 1.04508 -62.25780 

-1.02039 0.95528 -66.41806 

-1.08510 0.78642 -70.61128 

-1.03038 0.75524 -74.78961 

-0.99374 0.54117 -78.95486 

-0.93962 0.47059 -83.13120 

-0.94635 0.41893 -87.29829 

-0.93403 0.18077 -91.49124 

-0.78664 0.14061 -95.67884 

-0.80994 0.00258 -99.86607 

-0.58778 -0.06179 -104.04211 

-0.60947 -0.15135 -108.21626 

-0.47729 -0.32560 -112.38804 

-0.40685 -0.34675 -116.57550 

-0.31138 -0.37448 -120.76356 

-0.22573 -0.42860 -124.93385 

-0.10265 -0.53154 -129.11481 

0.09234 -0.56590 -133.31166 

0.17790 -0.56546 -137.60516 

0.29291 -0.61414 -141.78616 

0.41131 -0.60608 -145.94255 

0.50836 -0.54614 -150.10924 

0.57573 -0.56323 -154.28629 

0.76433 -0.62430 -158.45720 

0.87103 -0.56981 -162.63051 

0.99375 -0.54621 -166.81853 

1.08934 -0.48445 -171.00600 

1.14864 -0.45116 -175.17656 

1.37159 -0.39154 -179.36055 

1.41536 -0.30396 176.45508 

1.53707 -0.36390 172.26979 

1.57108 -0.26010 168.10179 

1.66487 -0.06802 163.91812 

1.77273 -0.07234 159.74152 

1.78657 0.07586 155.58499 

1.88891 0.19073 151.40782 

1.95862 0.21729 147.23706 

2.03716 0.35655 143.07338 

2.03742 0.43887 138.88971 

2.12767 0.55876 134.71800 

2.14960 0.66996 130.53375 

2.20958 0.79113 126.36980 

2.20540 0.94660 122.22124 

2.16093 1.03760 118.05083 

2.18990 1.15620 113.76698 

2.16070 1.25641 109.59743 

2.13840 1.35066 105.41398 

2.11264 1.47913 101.24104 

2.05047 1.62262 97.03439 

1.99685 1.72353 92.86996 

1.92634 1.69654 88.69353 

1.81420 1.90089 84.52306 

1.83579 1.98941 80.34789 

1.72835 2.03923 76.17928 

1.63253 2.15692 72.01120 

1.59570 2.18579 67.83650 

1.53521 2.32745 63.66032 

1.32614 2.37307 59.46655 

1.29906 2.39205 55.28138 

1.18235 2.45035 51.09198 

1.04664 2.44794 46.90622 

0.96211 2.55362 42.72450 

0.86849 2.58901 38.54829 

0.69283 2.64793 34.36787 

0.54502 2.61319 30.18433 

0.50988 2.62480 26.00584 

0.39551 2.63781 21.81272 

0.18909 2.56052 17.63426 

0.12571 2.62292 13.44717 

0.00348 2.55934 9.25317 

-0.07208 2.46355 5.07807 

-0.18112 2.37228 0.20391 

-0.35926 2.32144 -3.41345 

-0.40585 2.28404 -7.56529 

-0.51909 2.26393 -11.74620 

-0.57061 2.11771 -15.92559 

-0.67033 2.08228 -20.10540 

-0.68480 1.99675 -24.28569 

-0.82419 1.90166 -28.45167 

-0.90737 1.83074 -32.62242 

-0.88634 1.66179 -36.80941 

-0.93461 1.52217 -41.00094 

-1.03026 1.50999 -45.19229 

-1.02844 1.41715 -49.37895 

-1.05027 1.25354 -53.54899 

-1.00244 1.10590 -57.72755 

-0.98449 1.01837 -61.92112 

-1.08741 0.86635 -66.08582 

-1.06651 0.80170 -70.25840 

-0.99187 0.64946 -74.43620 

