-2.77271 -3.03021 -8.29267 

-3.41906 -3.91655 -12.43322 

-3.77316 -4.52481 -16.57864 

-3.87148 -4.86373 -20.78143 

-3.76653 -5.01241 -25.00226 

-3.57286 -4.99381 -29.22268 

-3.31131 -4.83268 -33.45861 

-3.04191 -4.62833 -37.71320 

-2.81725 -4.26865 -41.99419 

-2.59793 -4.11520 -46.21801 

-2.30147 -3.75791 -50.45726 

-2.03971 -3.30066 -54.65303 

-1.84233 -3.06188 -58.89958 

-1.65535 -2.66350 -63.11512 

-1.52967 -2.32559 -67.35500 

-1.40625 -2.01618 -71.56804 

-1.45403 -1.82023 -75.80249 

-1.44334 -1.64426 -80.02849 

-1.43487 -1.50828 -84.27289 

-1.41575 -1.42687 -88.51527 

-1.43127 -1.38674 -92.76167 

-1.43818 -1.38160 -97.00158 

-1.44899 -1.41560 -101.24435 

-1.46164 -1.45967 -105.47138 

-1.42635 -1.51537 -109.69398 

-1.39138 -1.60436 -113.91433 

-1.30197 -1.74960 -118.12321 

-1.21839 -1.89890 -122.36437 

-1.10270 -2.03089 -126.60123 

-0.97712 -2.14077 -130.82031 

-0.80354 -2.26788 -135.04970 

-0.63173 -2.38368 -139.26227 

-0.45350 -2.47098 -143.48189 

-0.23644 -2.54888 -147.70581 

-0.02656 -2.61290 -152.07054 

0.18098 -2.64647 -156.29784 

0.38868 -2.63780 -160.52814 

0.62387 -2.63372 -164.77744 

0.82310 -2.60074 -168.98109 

1.04180 -2.53584 -173.20511 

1.23337 -2.45720 -177.40938 

1.43509 -2.36132 178.38423 

1.63802 -2.24360 174.14516 

1.82503 -2.11156 169.93517 

1.99459 -1.96467 165.72319 

2.15336 -1.80963 161.51764 

2.27222 -1.63310 157.29866 

2.39485 -1.43438 153.08720 

2.51901 -1.25802 148.84485 

2.60512 -1.08405 144.62437 

2.69603 -0.87932 140.41269 

2.72965 -0.67706 136.19597 

2.76018 -0.46647 131.96126 

2.82555 -0.26113 127.73022 

2.85437 -0.05409 123.51089 

2.83741 0.16701 119.28719 

2.81340 0.38105 115.07317 

2.77293 0.57529 110.84801 

2.72398 0.77224 106.63913 

2.64490 0.97196 102.42300 

2.58967 1.17558 98.20277 

2.51342 1.35571 93.96367 

2.40168 1.49823 89.73299 

2.25842 1.66747 85.48370 

2.11753 1.82499 81.24751 

2.00711 1.96097 77.00215 

1.84047 2.09951 72.60851 

1.65793 2.20774 68.34616 

1.52678 2.35917 64.12608 

1.34615 2.48462 59.86422 

1.17216 2.56237 55.60365 

0.99715 2.64564 51.35098 

0.78625 2.70666 47.08674 

0.59182 2.73573 42.83101 

0.37031 2.77167 38.58291 

0.17810 2.79348 34.29999 

-0.04518 2.81644 30.03771 

-0.23636 2.81529 25.77276 

-0.45358 2.76803 21.51273 

-0.68466 2.71646 17.27026 

-0.90096 2.65612 13.02965 

-1.08562 2.58474 8.79472 

-1.25565 2.48243 4.52499 

-1.44561 2.39813 0.27430 

-1.62039 2.29237 -3.96999 

-1.75569 2.16782 -8.20655 

-1.91573 2.01228 -12.43515 

-2.04655 1.87926 -16.68411 

-2.17304 1.67068 -20.93399 

-2.28704 1.51965 -25.17945 

-2.40409 1.33645 -29.42238 

-2.51670 1.13395 -33.67598 

-2.63079 0.96197 -37.90980 

-2.68335 0.77320 -42.17792 

-2.74974 0.58083 -46.40211 

-2.80193 0.37854 -50.64016 

-2.80471 0.15924 -54.89098 

-2.79952 -0.07306 -59.12817 

-2.75425 -0.28554 -63.39371 

-2.69471 -0.48128 -67.61974 

-2.66170 -0.67300 -71.86647 

-2.60582 -0.88119 -76.08781 

-2.52173 -1.07619 -80.31669 

-2.40557 -1.26231 -84.54581 

-2.32900 -1.43522 -88.90405 

-2.20653 -1.62095 -93.13414 

-2.11341 -1.76463 -97.35590 

-1.95763 -1.93800 -101.60469 

-1.82653 -2.07191 -105.83900 

-1.67149 -2.20373 -110.07883 

-1.50970 -2.32275 -114.33192 

-1.33246 -2.42957 -118.56408 

-1.15498 -2.50872 -122.81908 

-0.96197 -2.60711 -127.06969 

-0.78101 -2.65405 -131.33701 

-0.59694 -2.70005 -135.56206 

-0.39988 -2.73352 -139.79494 

-0.18844 -2.71467 -144.05394 

0.03641 -2.72609 -148.28674 

0.23540 -2.70171 -152.52446 

0.48946 -2.68770 -156.76410 

0.69127 -2.66693 -161.02370 

0.89481 -2.60126 -165.26265 

1.06590 -2.53676 -169.50142 

1.27676 -2.46217 -173.76291 

1.45501 -2.37504 -178.00267 

1.64245 -2.27197 177.77048 

1.78379 -2.12583 173.53381 

1.93336 -1.98462 169.30498 

2.08546 -1.84952 165.05046 

2.21547 -1.69654 160.82756 

2.33317 -1.52992 156.49466 

2.43033 -1.37779 152.26379 

2.51609 -1.20434 148.02463 

2.57473 -0.98094 143.77454 

2.64690 -0.78305 139.53310 

2.70729 -0.60296 135.31059 

2.78593 -0.39869 131.06845 

2.79471 -0.21856 126.81055 

2.81059 -0.02424 122.57314 

2.79349 0.20113 118.35382 

2.77578 0.38033 114.11828 

2.73317 0.59698 109.89591 

2.69274 0.78015 105.70039 

2.63963 0.99778 101.47939 

2.56710 1.23422 97.25551 

2.46881 1.40628 93.01379 

2.34071 1.57920 88.77395 

2.20503 1.74654 84.54948 

2.08883 1.91654 80.33244 

1.92762 2.04245 76.10051 

1.76982 2.19562 71.88497 

1.61112 2.31532 67.64086 

1.42876 2.41941 63.37534 

1.24142 2.51131 59.13038 

1.05374 2.60064 54.89702 

0.88783 2.68058 50.66341 

0.68676 2.74552 46.41903 

0.48444 2.77571 42.17365 

0.27647 2.79742 37.92480 

0.05603 2.81466 33.68538 

-0.16350 2.79775 29.44109 

-0.36082 2.76980 25.23855 

-0.54114 2.76020 20.99284 

-0.73718 2.68369 16.76056 

-0.91946 2.59839 12.53622 

-1.12638 2.51551 8.18579 

-1.31219 2.40745 3.94389 

-1.49433 2.30297 -0.30068 

-1.68055 2.20066 -4.50189 

-1.86153 2.08203 -8.72822 

-2.00826 1.91831 -12.93882 

-2.13816 1.78229 -17.16408 

-2.23319 1.65181 -21.40146 

-2.33727 1.50274 -25.63319 

-2.41593 1.31244 -29.88890 

-2.48924 1.12825 -34.11102 

-2.58462 0.95529 -38.35330 

-2.67497 0.76819 -42.63429 

-2.71009 0.55330 -46.85555 

-2.73420 0.32727 -51.11773 

-2.76568 0.13865 -55.32497 

-2.75457 -0.05602 -59.55458 

-2.76996 -0.26163 -63.79492 

-2.75268 -0.47793 -68.02486 

-2.69677 -0.67549 -72.26618 

-2.62833 -0.83959 -76.48453 

-2.54485 -1.00208 -80.71897 

-2.44687 -1.22283 -84.94962 

-2.34096 -1.41514 -89.20683 

-2.21523 -1.58525 -93.43960 

-2.08871 -1.77382 -97.65778 

-1.96086 -1.90827 -101.86089 

-1.81019 -2.07072 -106.08856 

-1.62385 -2.17279 -110.31228 

-1.46476 -2.24760 -114.55132 

-1.28611 -2.36522 -118.78629 

-1.06976 -2.48112 -123.00479 

-0.89651 -2.57427 -127.25610 

-0.70546 -2.66758 -131.50635 

-0.52499 -2.71593 -135.85811 

-0.32263 -2.75389 -140.09714 

-0.09789 -2.79451 -144.35762 

0.07276 -2.80481 -148.59328 

0.27926 -2.77877 -152.84146 

0.47050 -2.73143 -157.07275 

0.66885 -2.69197 -161.33344 

0.82938 -2.63430 -165.59146 

1.02759 -2.57119 -169.82176 

1.23130 -2.48153 -174.06841 

1.39582 -2.36424 -178.34006 

1.56906 -2.25770 177.44131 

1.74549 -2.12327 173.21338 

1.89096 -1.99882 168.98582 

2.02362 -1.87573 164.70912 

2.16736 -1.70471 160.46063 

2.29892 -1.52088 156.22098 

2.40464 -1.33862 152.00336 

2.53788 -1.17456 147.76617 

2.60203 -1.00812 143.52760 

2.65568 -0.81128 139.27592 

2.71388 -0.62157 135.04597 

2.74445 -0.39230 130.77229 

2.78465 -0.15490 126.54816 

2.76112 0.05715 122.32205 

2.75752 0.25214 118.08544 

2.74827 0.44657 113.82648 

2.67554 0.62903 109.56978 

2.62671 0.82068 105.33613 

2.57147 0.99509 101.08827 

2.50668 1.20608 96.82826 

2.41867 1.39452 92.48232 

2.32196 1.54243 88.21378 

2.20216 1.66325 83.96492 

2.10211 1.83553 79.70956 

1.97958 2.01979 75.44765 

1.81155 2.14526 71.17811 

1.62669 2.27702 66.92238 

1.45391 2.39760 62.65874 

1.28063 2.50617 58.41153 

1.10622 2.59534 54.15242 

0.91975 2.67219 49.86434 

0.71910 2.74470 45.60894 

0.49723 2.76758 41.33525 

0.24310 2.80970 37.05241 

0.02603 2.82672 32.79093 

-0.19292 2.79937 28.54348 

-0.39398 2.76654 24.28882 

-0.58099 2.73273 20.02710 

-0.78804 2.66967 15.75740 

-0.99816 2.61887 11.48721 

-1.18587 2.52372 7.22484 

-1.38640 2.38751 2.94900 

-1.54032 2.29438 -1.30777 

-1.70986 2.14295 -5.57751 

-1.84504 2.02730 -9.86278 

-1.99609 1.89829 -14.12114 

-2.14402 1.73086 -18.38801 

-2.23122 1.57160 -22.63969 

-2.33583 1.43530 -26.89940 

-2.43954 1.25273 -31.15054 

-2.51957 1.07214 -35.39002 

-2.60106 0.89966 -39.67506 

-2.68899 0.69537 -43.90771 

-2.69455 0.46443 -48.14722 

-2.74280 0.24791 -52.43133 

-2.74533 0.03485 -56.66954 

-2.73688 -0.18740 -60.92057 

-2.73130 -0.36886 -65.28592 

-2.68340 -0.58893 -69.54733 

-2.62093 -0.73902 -73.80032 

-2.57355 -0.92350 -78.04471 

-2.51902 -1.13063 -82.32430 

-2.42071 -1.31440 -86.59455 

-2.28543 -1.46882 -90.84402 

-2.17409 -1.63391 -95.10526 

-2.04057 -1.79633 -99.35371 

-1.87641 -1.95831 -103.62268 

-1.73140 -2.10914 -107.89175 

-1.56626 -2.22442 -112.15955 

-1.38420 -2.32999 -116.44101 

-1.23320 -2.44492 -120.71229 

-1.05313 -2.55619 -124.97003 

-0.84190 -2.60219 -129.21953 

-0.65840 -2.65777 -133.50105 

-0.48586 -2.70019 -137.75153 

-0.25336 -2.72881 -142.03494 

-0.06052 -2.74763 -146.30704 

0.13211 -2.73853 -150.56088 

0.34716 -2.72514 -154.82539 

0.53357 -2.70182 -159.08839 

0.74590 -2.66290 -163.33072 

0.94236 -2.60966 -167.60118 

1.13327 -2.51855 -171.87483 

1.33836 -2.43712 -176.14061 

1.50425 -2.34650 179.58789 

1.70615 -2.22924 175.32710 

1.86774 -2.10198 170.93442 

2.04769 -1.95173 166.66478 

2.17057 -1.79530 162.42253 

2.29820 -1.64089 158.18523 

2.39271 -1.42683 153.93282 

2.47912 -1.20845 149.65892 

2.56759 -1.01013 145.36258 

2.64918 -0.80364 141.10410 

2.67344 -0.63445 136.84602 

2.72836 -0.43893 132.59305 

2.75071 -0.25171 128.32668 

2.75751 -0.05209 124.06047 

2.74773 0.16260 119.82652 

2.71329 0.34775 115.56546 

2.68518 0.55844 111.30199 

2.63161 0.76247 107.04792 

2.57403 0.93293 102.79373 

2.50657 1.11681 98.53866 

2.43440 1.27871 94.29786 

2.34571 1.44731 90.07827 

2.23322 1.61707 85.81707 

2.11147 1.80788 81.57497 

2.01685 1.98213 77.32442 

1.86034 2.12590 73.07260 

1.68189 2.23956 68.79742 

1.49414 2.36702 64.52812 

1.30165 2.47888 60.25741 

1.10954 2.57897 55.99905 

0.89849 2.65754 51.72038 

0.71106 2.71871 47.43447 

0.50345 2.76716 43.20145 

0.30904 2.80936 38.95692 

0.11623 2.81966 34.69758 

-0.08219 2.81113 30.43671 

-0.30084 2.76929 26.16747 

-0.51891 2.71403 21.78416 

-0.73670 2.66470 17.53458 

-0.92593 2.60788 13.28908 

-1.11381 2.50996 9.02689 

-1.31040 2.42464 4.76991 

-1.49184 2.32930 0.50570 

-1.63500 2.20131 -3.75883 

-1.80169 2.08677 -8.00539 

-1.92905 1.97206 -12.25260 

-2.07409 1.82746 -16.48299 

-2.20149 1.67419 -20.75503 

-2.31024 1.52607 -25.02943 

-2.40097 1.34463 -29.28059 

-2.50854 1.15778 -33.51295 

-2.59151 0.96146 -37.75455 

-2.65665 0.76255 -41.99041 

-2.69041 0.57592 -46.22583 

-2.73419 0.37074 -50.42424 

-2.75347 0.19359 -54.68228 

-2.74500 -0.01735 -58.94627 

-2.72993 -0.23744 -63.21986 

-2.68907 -0.44658 -67.45694 

-2.66190 -0.66471 -71.71703 

-2.59887 -0.84457 -75.97968 

-2.51757 -1.02666 -80.23212 

-2.42119 -1.22821 -84.45580 

-2.33201 -1.39424 -88.70288 

-2.20875 -1.57040 -92.95310 

-2.07017 -1.75329 -97.22305 

-1.95824 -1.89785 -101.47619 

-1.82302 -2.06375 -105.72129 

-1.65612 -2.19789 -109.95605 

-1.48876 -2.29242 -114.21811 

-1.31144 -2.37660 -118.58189 

-1.15506 -2.45747 -122.83344 

-0.95554 -2.53539 -127.06873 

-0.74386 -2.60041 -131.32552 

-0.56005 -2.66647 -135.56119 

-0.34654 -2.69511 -139.81087 

-0.15633 -2.75150 -144.04503 

0.04400 -2.78588 -148.32248 

0.26061 -2.76657 -152.59985 

0.47843 -2.71274 -156.83864 

0.66215 -2.67956 -161.09506 

0.85975 -2.59923 -165.37202 

1.06870 -2.53252 -169.63954 

1.27528 -2.43386 -173.91478 

1.45242 -2.34429 -178.16635 

1.61732 -2.23244 177.60001 

1.78252 -2.11624 173.35387 

1.91865 -1.97797 169.09227 

2.06247 -1.83122 164.86302 

2.17039 -1.66487 160.60559 

2.30684 -1.48377 156.34178 

2.38218 -1.33029 152.07637 

2.41710 -1.14606 147.82550 

2.46157 -0.92290 143.58427 

2.56507 -0.75191 139.34224 

