-3.59125 -4.37188 -16.86086 

-3.67391 -4.69451 -21.12413 

-3.58233 -4.83668 -25.42233 

-3.37748 -4.84780 -29.71866 

-3.11196 -4.73187 -34.03313 

-2.80568 -4.50649 -38.34325 

-2.49701 -4.21534 -42.65933 

-2.20994 -3.86798 -46.98180 

-1.99074 -3.57994 -51.28760 

-1.78347 -3.20980 -55.59494 

-1.59694 -2.88815 -59.90546 

-1.48360 -2.60799 -64.20641 

-1.36394 -2.23778 -68.52148 

-1.30491 -1.99767 -72.76463 

-1.27865 -1.81379 -77.05391 

-1.24080 -1.68766 -81.32494 

-1.22843 -1.62120 -85.61576 

-1.22011 -1.56760 -89.87957 

-1.21710 -1.53618 -94.15973 

-1.24880 -1.54159 -98.41280 

-1.27411 -1.55246 -102.71908 

-1.25990 -1.60663 -106.97678 

-1.22082 -1.62934 -111.22753 

-1.15577 -1.75969 -115.47810 

-1.02835 -1.91268 -119.75755 

-0.92017 -2.03718 -124.00729 

-0.81903 -2.12158 -128.22260 

-0.70795 -2.23486 -132.47493 

-0.54990 -2.31949 -136.69644 

-0.40131 -2.37804 -141.09663 

-0.24130 -2.42007 -145.32689 

-0.07615 -2.42163 -149.56119 

0.09840 -2.47049 -153.82353 

0.31134 -2.46555 -158.08725 

0.50297 -2.45591 -162.32327 

0.71114 -2.46968 -166.58844 

0.91307 -2.40618 -170.84087 

1.14340 -2.34855 -175.08566 

1.32116 -2.28295 -179.34013 

1.51612 -2.16939 176.41388 

1.68200 -2.06392 172.16150 

1.85275 -1.95023 167.88533 

2.01901 -1.80778 163.65207 

2.18021 -1.63769 159.39551 

2.27877 -1.46274 155.15544 

2.38286 -1.31521 150.91385 

2.48401 -1.13970 146.64503 

2.54701 -0.92421 142.41029 

2.60457 -0.72237 138.16348 

2.67063 -0.50171 133.88594 

2.71904 -0.31416 129.64056 

2.74919 -0.12546 125.40958 

2.75234 0.07950 121.14905 

2.75594 0.29374 116.87733 

2.69766 0.48353 112.61132 

2.63257 0.68220 108.35571 

2.57675 0.88737 104.07304 

2.49906 1.06902 99.81968 

2.43696 1.24416 95.57845 

2.35053 1.44038 91.20650 

2.25909 1.62054 86.93059 

2.11083 1.76721 82.65964 

1.98681 1.90675 78.41507 

1.87826 2.06198 74.13622 

1.71153 2.18185 69.86004 

1.55253 2.26223 65.59398 

1.36967 2.36576 61.30494 

1.16019 2.45871 57.00541 

0.96078 2.55760 52.73063 

0.78215 2.62721 48.45261 

0.58917 2.66103 44.18650 

0.36847 2.69865 39.91037 

0.17202 2.70711 35.63312 

-0.05026 2.72405 31.36759 

-0.27546 2.69080 27.10364 

-0.46962 2.67966 22.82650 

-0.66051 2.64760 18.54708 

-0.83542 2.59385 14.29636 

-1.03801 2.52760 10.02205 

-1.20673 2.45334 5.75849 

-1.38881 2.34877 1.49613 

-1.54560 2.23750 -2.78768 

-1.70896 2.11492 -7.06225 

-1.87064 1.98823 -11.31520 

-2.01286 1.82072 -15.57725 

-2.12996 1.64697 -19.84356 

-2.24125 1.48657 -24.10246 

-2.37110 1.31689 -28.37495 

-2.45464 1.12071 -32.63921 

-2.50412 0.95730 -36.91500 

-2.57720 0.77992 -41.17374 

-2.62493 0.58929 -45.44345 

-2.67433 0.40962 -49.69797 

-2.70608 0.23824 -54.09890 

-2.69859 0.04486 -58.35230 

-2.68024 -0.17900 -62.62886 

-2.64004 -0.41052 -66.90748 

-2.59276 -0.60698 -71.16946 

-2.53259 -0.82320 -75.42529 

-2.48448 -1.00664 -79.69500 

-2.38016 -1.17852 -83.95992 

-2.26862 -1.34150 -88.22022 

-2.16729 -1.53115 -92.49123 

-2.05138 -1.68569 -96.76176 

-1.90665 -1.83740 -101.02214 

-1.75370 -1.96488 -105.28240 

-1.63496 -2.08389 -109.56014 

-1.46389 -2.22100 -113.85972 

-1.30973 -2.31861 -118.13473 

-1.14822 -2.38747 -122.42117 

-0.93804 -2.46227 -126.72263 

-0.75564 -2.52436 -131.00760 

-0.56609 -2.58937 -135.28162 

-0.35882 -2.64612 -139.56178 

-0.14126 -2.67543 -143.84286 

0.03799 -2.69424 -148.12425 

0.23360 -2.69347 -152.41838 

0.45242 -2.67040 -156.67528 

0.66931 -2.62860 -160.95517 

0.87093 -2.57615 -165.24794 

1.06790 -2.47837 -169.53545 

1.25049 -2.40442 -173.81306 

1.42585 -2.31441 -178.06400 

1.61856 -2.20225 177.54997 

1.79674 -2.07625 173.29398 

1.96580 -1.93766 169.02748 

2.09976 -1.78103 164.75200 

2.20045 -1.61395 160.48581 

2.28334 -1.43694 156.19867 

2.35456 -1.24548 151.94858 

2.44627 -1.08185 147.66658 

2.50858 -0.89478 143.40935 

2.59189 -0.70142 139.16322 

2.61292 -0.53946 134.90878 

2.66211 -0.35000 130.63826 

2.67580 -0.15251 126.38618 

2.68216 0.03483 122.13274 

2.68342 0.23821 117.87294 

2.65861 0.46461 113.59907 

2.65355 0.67277 109.32310 

2.61349 0.85996 105.04025 

2.56250 1.06041 100.77142 

2.46243 1.23005 96.50135 

2.35113 1.40433 92.23469 

2.25175 1.59219 87.97211 

2.06958 1.71826 83.71279 

1.95627 1.88617 79.42803 

1.81675 2.01491 75.16009 

1.65992 2.12785 70.89046 

1.51233 2.24603 66.62162 

1.35243 2.36246 62.36711 

1.17954 2.38282 58.09711 

1.00550 2.49927 53.81934 

0.79278 2.57382 49.42857 

0.58972 2.58241 45.14891 

0.38629 2.71091 40.89322 

0.18619 2.73829 36.64157 

-0.01231 2.75504 32.36474 

-0.20901 2.72885 28.09377 

-0.37972 2.65149 23.80696 

-0.58767 2.62200 19.53665 

-0.76278 2.57267 15.25866 

-0.94920 2.51821 11.00172 

-1.12337 2.45448 6.71639 

-1.29837 2.36979 2.45197 

