-3.39835 -3.75097 -12.26175 

-3.76323 -4.30118 -16.38058 

-3.88813 -4.61288 -20.50639 

-3.83288 -4.73214 -24.67812 

-3.66673 -4.68285 -28.87508 

-3.42628 -4.52025 -33.08118 

-3.18143 -4.28604 -37.26206 

-2.90844 -3.99392 -41.49934 

-2.67395 -3.64963 -45.68954 

-2.43423 -3.31825 -49.90429 

-2.25263 -2.98511 -54.08943 

-2.07065 -2.64990 -58.26995 

-1.96675 -2.36731 -62.44927 

-1.85854 -2.10443 -66.61853 

-1.82861 -1.88801 -70.77026 

-1.79354 -1.75490 -74.92559 

-1.77896 -1.62230 -79.09924 

-1.79088 -1.51488 -83.25469 

-1.80406 -1.48195 -87.40682 

-1.82168 -1.48083 -91.57079 

-1.83650 -1.50193 -95.72386 

-1.81726 -1.56189 -99.86487 

-1.78135 -1.67346 -104.00192 

-1.73194 -1.79715 -108.17786 

-1.63851 -1.90403 -112.35107 

-1.55277 -2.04838 -116.50438 

-1.44324 -2.19298 -120.66718 

-1.33804 -2.34835 -124.81572 

-1.19665 -2.48146 -128.99030 

-1.04348 -2.61439 -133.15289 

-0.83907 -2.70995 -137.33797 

-0.64697 -2.81185 -141.50507 

-0.43016 -2.88813 -145.67198 

-0.20627 -2.97036 -149.84154 

0.03807 -2.99625 -154.01375 

0.28513 -3.01761 -158.15593 

0.50334 -3.03220 -162.31596 

0.70942 -2.99602 -166.58560 

0.94382 -2.95849 -170.74002 

1.17663 -2.88595 -174.91518 

1.38836 -2.78572 -179.07265 

1.57942 -2.67983 176.79231 

1.80665 -2.54567 172.61870 

1.99235 -2.42115 168.46689 

2.16457 -2.24322 164.31123 

2.32069 -2.08401 160.15004 

2.46805 -1.92147 155.97690 

2.62639 -1.74306 151.83299 

2.75227 -1.53992 147.68352 

2.84808 -1.32681 143.52307 

2.93564 -1.10800 139.37814 

3.00565 -0.85035 135.23779 

3.04833 -0.62565 131.10201 

3.11690 -0.41630 126.93308 

3.13904 -0.20039 122.78400 

3.15837 0.04616 118.65469 

3.17688 0.27086 114.49605 

3.14118 0.50566 110.33958 

3.08045 0.72719 106.19183 

3.00301 0.96972 102.03575 

2.93014 1.19317 97.88078 

2.83418 1.39413 93.72000 

2.73757 1.59985 89.56577 

2.62309 1.78867 85.41318 

2.48941 1.96957 81.26430 

2.31995 2.13846 77.08363 

2.16409 2.28234 72.90966 

1.98771 2.42426 68.71376 

1.82224 2.56511 64.56490 

1.62819 2.68804 60.41653 

1.43577 2.79933 56.25927 

1.24702 2.90846 52.10150 

1.03543 2.99617 47.95390 

0.82442 3.07468 43.78703 

0.58831 3.09832 39.63298 

0.36615 3.14119 35.47443 

0.12757 3.14850 31.30481 

-0.07504 3.13468 27.12934 

-0.31350 3.13765 22.83622 

-0.53994 3.10497 18.69444 

-0.76452 3.04813 14.53666 

-0.98487 2.95704 10.36049 

-1.21621 2.88101 6.20126 

-1.41079 2.78433 2.05097 

-1.58988 2.69751 -2.10622 

-1.78124 2.55076 -6.24236 

-1.97170 2.38144 -10.40501 

-2.14489 2.23840 -14.57249 

-2.29504 2.07111 -18.75289 

-2.44255 1.89144 -22.92376 

-2.56664 1.71972 -27.07006 

-2.66887 1.53639 -31.24054 

-2.77177 1.35189 -35.38868 

-2.87607 1.15982 -39.53481 

-2.94905 0.94156 -43.68341 

-3.01451 0.72855 -47.82785 

-3.06388 0.51101 -51.98192 

-3.08086 0.29163 -56.12144 

-3.06807 0.06970 -60.27963 

-3.07388 -0.14046 -64.41901 

-3.05841 -0.37077 -68.57978 

-3.01438 -0.60286 -72.73925 

-2.95855 -0.83592 -76.88380 

-2.88270 -1.03940 -81.03636 

-2.80711 -1.23075 -85.18931 

-2.72707 -1.43848 -89.31825 

-2.62219 -1.63800 -93.43896 

-2.49479 -1.85719 -97.58362 

-2.37263 -2.04368 -101.74316 

-2.21903 -2.21658 -105.89496 

-2.04911 -2.35648 -110.03441 

-1.88309 -2.50301 -114.17676 

-1.66512 -2.64206 -118.32503 

-1.47543 -2.74571 -122.50751 

-1.28167 -2.84334 -126.66512 

-1.05641 -2.91718 -130.81259 

-0.82723 -2.97012 -134.96378 

-0.59310 -3.01150 -139.11844 

-0.35601 -3.06282 -143.27040 

-0.13320 -3.07696 -147.45226 

0.08315 -3.08023 -151.61945 

0.30767 -3.08178 -155.88353 

0.52239 -3.05515 -160.03641 

0.74756 -3.00454 -164.18948 

0.95770 -2.93700 -168.36012 

1.17260 -2.86544 -172.50668 

1.39775 -2.77588 -176.66661 

1.58826 -2.67535 179.19096 

1.77563 -2.56395 175.03769 

1.96208 -2.45143 170.89565 

2.13444 -2.28736 166.74571 

2.29028 -2.12173 162.59908 

2.43093 -1.96128 158.42625 

2.54262 -1.76338 154.27304 

2.67073 -1.60561 150.11464 

2.75753 -1.40692 145.94635 

2.86252 -1.19429 141.77998 

2.95348 -0.98162 137.64832 

3.01087 -0.77875 133.51649 

3.06731 -0.57212 129.35948 

3.07197 -0.33724 125.22043 

3.09121 -0.08849 121.05624 

3.11512 0.13423 116.88865 

3.12990 0.35088 112.74136 

3.08951 0.60468 108.58825 

3.03539 0.84067 104.46046 

2.96369 1.06373 100.31059 

2.90258 1.25377 96.16760 

2.81268 1.44810 92.02520 

2.69713 1.65758 87.86290 

2.57581 1.86721 83.71756 

2.43494 2.02849 79.58687 

2.29298 2.17719 75.44635 

2.12288 2.32437 71.28440 

1.94867 2.47089 67.13115 

1.74312 2.60918 62.99247 

1.51694 2.74151 58.85818 

1.32504 2.85427 54.72353 

1.12364 2.93479 50.58817 

0.90435 2.99377 46.41502 

0.67463 3.03751 42.24417 

0.43979 3.06749 37.98185 

0.20231 3.08818 33.82229 

-0.01258 3.08933 29.67501 

-0.20913 3.09598 25.53020 

-0.41373 3.07440 21.40126 

-0.64798 3.05740 17.25903 

-0.84211 3.00963 13.09341 

-1.02446 2.93112 8.92768 

-1.22349 2.84356 4.77788 

-1.44296 2.73497 0.62131 

-1.65108 2.63228 -3.53879 

-1.85192 2.51050 -7.67601 

-2.03715 2.37800 -11.81225 

-2.19544 2.19233 -15.95816 

-2.36122 2.04042 -20.10516 

-2.50785 1.85420 -24.24834 

-2.62210 1.66472 -28.38573 

-2.74485 1.47998 -32.54584 

-2.83914 1.29287 -36.68923 

-2.90882 1.06867 -40.82123 

-2.99838 0.87107 -44.96223 

-3.03850 0.65762 -49.09638 

-3.07136 0.43689 -53.22942 

-3.08802 0.20904 -57.36370 

-3.08473 -0.02047 -61.51612 

-3.07981 -0.22658 -65.65207 

-3.04716 -0.45637 -69.80954 

-3.02587 -0.69619 -73.92290 

-2.99012 -0.92806 -78.04597 

-2.92712 -1.12637 -82.17849 

-2.83382 -1.34087 -86.29736 

-2.72116 -1.53613 -90.41478 

-2.60031 -1.72268 -94.55070 

-2.46363 -1.89405 -98.68183 

-2.34165 -2.07486 -102.82249 

-2.17469 -2.25411 -106.94901 

-2.00313 -2.39599 -111.07375 

-1.82318 -2.52746 -115.22217 

-1.62829 -2.62171 -119.34835 

-1.44218 -2.73076 -123.49814 

-1.24413 -2.83436 -127.65164 

-1.03115 -2.92536 -131.81276 

-0.79463 -3.02374 -135.95728 

-0.56349 -3.07705 -140.11237 

-0.33907 -3.10452 -144.37158 

-0.11067 -3.11569 -148.53242 

0.13933 -3.10593 -152.68533 

0.36571 -3.07402 -156.83514 

0.58015 -3.06115 -160.98050 

0.79701 -3.00062 -165.14275 

1.01406 -2.91506 -169.29088 

1.21803 -2.81780 -173.43417 

1.43696 -2.73886 -177.56651 

1.63239 -2.64493 178.28883 

1.80696 -2.52430 174.14317 

1.97249 -2.39387 169.97911 

2.12552 -2.24250 165.84821 

2.28996 -2.10136 161.69563 

2.42964 -1.91549 157.57028 

2.56059 -1.73245 153.43825 

2.68143 -1.54864 149.30759 

2.79860 -1.33631 145.17546 

2.91305 -1.14648 141.04106 

2.98696 -0.93807 136.90073 

3.05560 -0.71698 132.78735 

3.09428 -0.48756 128.65274 

3.10318 -0.25770 124.51683 

3.12549 -0.01538 120.36837 

3.13273 0.19942 116.21880 

3.12753 0.42867 112.09952 

3.06014 0.64772 107.97331 

3.01007 0.85482 103.81870 

2.91246 1.05933 99.68629 

2.81359 1.27081 95.54767 

2.72996 1.48321 91.42789 

2.63482 1.67404 87.29237 

2.50619 1.85854 83.14366 

2.35236 2.03033 78.98985 

2.18915 2.19310 74.85744 

2.01046 2.32499 70.71560 

1.83579 2.49480 66.57655 

1.67334 2.62897 62.45375 

1.49487 2.76142 58.17490 

1.27965 2.87416 54.01636 

1.07769 2.95774 49.89669 

0.85843 3.05148 45.74081 

0.65105 3.09316 41.57011 

0.45019 3.13096 37.42097 

0.23769 3.13642 33.28026 

0.00303 3.14774 29.13153 

-0.20857 3.13597 24.96701 

-0.44654 3.10814 20.82506 

-0.66184 3.08820 16.66808 

-0.86482 3.02349 12.52727 

-1.07408 2.97774 8.37138 

-1.30682 2.87989 4.21295 

-1.51776 2.77988 0.03491 

-1.71983 2.64406 -4.13123 

-1.90348 2.50408 -8.29229 

-2.07977 2.36529 -12.44903 

-2.22034 2.20353 -16.62137 

-2.37661 2.05716 -20.77374 

-2.52778 1.87585 -24.92346 

-2.63143 1.69483 -29.09336 

-2.74585 1.47799 -33.25086 

-2.83958 1.25737 -37.40040 

-2.89972 1.03918 -41.51528 

-2.96687 0.82497 -45.66398 

-3.03008 0.58787 -49.82674 

-3.03747 0.34688 -53.96305 

-3.07416 0.14863 -58.14436 

-3.08028 -0.05917 -62.29037 

-3.05598 -0.29129 -66.40115 

-3.03309 -0.51292 -70.55009 

-2.99879 -0.74664 -74.70948 

-2.94449 -0.95469 -78.85390 

-2.86788 -1.16882 -82.98176 

-2.79671 -1.39871 -87.12045 

-2.68544 -1.58825 -91.26568 

-2.55631 -1.75610 -95.42457 

-2.41621 -1.92392 -99.58804 

-2.28195 -2.09572 -103.74487 

-2.11940 -2.25386 -107.88821 

-1.96941 -2.40846 -112.02364 

-1.79976 -2.56290 -116.17492 

-1.58745 -2.66763 -120.34509 

-1.37465 -2.77183 -124.50596 

-1.14257 -2.85978 -128.66335 

-0.94844 -2.94187 -132.94754 

-0.71297 -2.97935 -137.11459 

-0.48940 -3.01861 -141.27881 

-0.29228 -3.03622 -145.43129 

-0.05591 -3.08031 -149.59471 

0.16650 -3.08210 -153.75902 

0.39968 -3.06982 -157.92844 

0.62242 -3.04858 -162.06296 

0.83727 -2.99165 -166.22336 

1.05031 -2.93373 -170.36815 

