-2.57509 -2.95796 -12.62433 

-2.86466 -3.44447 -16.82695 

-2.92082 -3.77191 -21.06297 

-2.85414 -3.90699 -25.34201 

-2.72381 -3.91969 -29.63681 

-2.48058 -3.84104 -33.91778 

-2.21608 -3.65657 -38.20968 

-1.94896 -3.38974 -42.51886 

-1.73722 -3.09391 -46.81993 

-1.49576 -2.76152 -51.10705 

-1.35031 -2.44409 -55.38660 

-1.22290 -2.12622 -59.67567 

-1.16461 -1.84573 -63.97743 

-1.01881 -1.62562 -68.26861 

-0.98086 -1.40767 -72.55598 

-0.95552 -1.24702 -76.83538 

-0.96492 -1.10624 -81.11128 

-0.91837 -1.00428 -85.38378 

-0.92865 -0.95448 -89.66229 

-0.96868 -0.94884 -93.91655 

-0.93831 -0.99157 -98.19409 

-0.95120 -1.04134 -102.46587 

-0.92608 -1.07076 -106.74596 

-0.87528 -1.18320 -111.00118 

-0.81430 -1.21233 -115.25037 

-0.77822 -1.29193 -119.50590 

-0.71785 -1.38798 -123.78339 

-0.60908 -1.50894 -128.07213 

-0.47995 -1.51862 -132.34557 

-0.40164 -1.64292 -136.61784 

-0.25591 -1.71263 -141.01985 

-0.07744 -1.77846 -145.28096 

0.03997 -1.78126 -149.53201 

0.12598 -1.82146 -153.81213 

0.37744 -1.84739 -158.09373 

0.59504 -1.85873 -162.37021 

0.78055 -1.84518 -166.64339 

0.92310 -1.80324 -170.89661 

1.11116 -1.78621 -175.16969 

1.30481 -1.69768 -179.46089 

1.44931 -1.56509 176.28224 

1.67152 -1.48896 172.03444 

1.77797 -1.38265 167.77048 

1.94750 -1.25053 163.49693 

2.01886 -1.14934 159.21223 

2.20628 -1.01429 154.94809 

2.21187 -0.83835 150.69696 

2.31505 -0.72129 146.45503 

2.39321 -0.52297 142.18723 

2.44350 -0.32405 137.91017 

2.51732 -0.19330 133.67433 

2.54819 -0.01067 129.42715 

2.55264 0.17484 125.18896 

2.55044 0.38662 120.93733 

2.53273 0.56463 116.64400 

2.54012 0.76565 112.37009 

2.49636 0.92948 108.08148 

2.43641 1.05954 103.81593 

2.36162 1.24014 99.55911 

2.26988 1.36562 95.31778 

2.20889 1.56526 91.06094 

2.08979 1.64651 86.68201 

1.97204 1.81240 82.41467 

1.82014 1.93542 78.17738 

1.74002 2.06857 73.90741 

1.57510 2.19615 69.65065 

1.41664 2.25216 65.40260 

1.33667 2.27837 61.13593 

1.21959 2.36997 56.87074 

1.02429 2.47315 52.58660 

0.86468 2.56914 48.32413 

0.63889 2.63991 44.04232 

0.48667 2.65581 39.73400 

0.29649 2.70081 35.44331 

0.14941 2.70591 31.17014 

-0.03347 2.69881 26.89644 

-0.19004 2.66175 22.62979 

-0.37996 2.60560 18.35209 

-0.54141 2.51778 14.09529 

-0.69181 2.47923 9.83287 

-0.85048 2.42488 5.55467 

-1.02016 2.33661 1.30347 

-1.15315 2.21424 -2.94675 

-1.29712 2.05939 -7.23864 

-1.39630 1.95523 -11.49922 

-1.51083 1.85016 -15.77910 

-1.61918 1.70722 -20.05525 

-1.77734 1.56228 -24.32352 

-1.83095 1.40988 -28.57854 

-1.89752 1.26323 -32.84584 

-1.98598 1.12519 -37.06740 

-2.02782 0.92589 -41.31188 

-2.05949 0.78625 -45.69322 

-2.08537 0.58384 -49.93047 

-2.11409 0.40550 -54.15867 

-2.10720 0.26679 -58.41723 

-2.07717 0.08384 -62.66401 

-2.05393 -0.06813 -66.90549 

-2.01187 -0.21667 -71.15616 

-1.98451 -0.34635 -75.38312 

-1.90383 -0.55082 -79.63912 

-1.87670 -0.70497 -83.86436 

-1.76848 -0.86287 -88.06847 

-1.65343 -1.01931 -92.33595 

-1.60310 -1.14623 -96.56584 

-1.55395 -1.29396 -100.80319 

-1.37068 -1.40553 -105.03063 

-1.23769 -1.53585 -109.28365 

-1.09823 -1.64889 -113.50574 

-0.94106 -1.71056 -117.74299 

-0.79989 -1.78880 -121.98148 

-0.64419 -1.81283 -126.23393 

-0.46686 -1.89792 -130.48425 

-0.28962 -1.90038 -134.71672 

-0.15162 -1.93467 -138.96103 

0.00784 -1.93215 -143.19440 

0.20008 -1.97834 -147.40739 

0.40498 -1.93154 -151.63896 

0.56493 -1.96283 -155.87955 

0.74042 -1.88913 -160.11740 

0.79632 -1.82472 -164.39986 

1.09346 -1.83599 -168.65079 

1.20094 -1.74317 -173.02473 

1.34952 -1.69414 -177.28238 

1.49481 -1.59063 178.48929 

1.63565 -1.51558 174.23969 

1.76894 -1.39076 169.98267 

1.85899 -1.26680 165.72131 

2.00518 -1.16783 161.48903 

2.14814 -1.01193 157.24846 

2.20425 -0.86670 152.99887 

2.28918 -0.69939 148.75395 

2.36755 -0.53345 144.50467 

2.41004 -0.38630 140.25700 

2.48777 -0.22356 136.00900 

2.50543 -0.06467 131.76668 

2.51715 0.09151 127.51708 

2.57626 0.30609 123.25387 

2.55238 0.48632 119.02830 

2.50704 0.62683 114.77929 

2.47780 0.82223 110.55628 

2.40162 0.96582 106.32168 

2.33516 1.09464 102.09511 

2.29453 1.24095 97.86105 

2.24536 1.46012 93.63248 

2.13851 1.60160 89.40851 

2.05877 1.72417 85.15889 

1.93851 1.84440 80.90701 

1.81023 1.95623 76.69426 

1.71763 2.11190 72.45522 

1.57400 2.20100 68.20167 

1.44867 2.34640 63.85629 

1.29736 2.37953 59.61244 

1.11996 2.44845 55.38656 

0.97195 2.49465 51.14966 

0.79327 2.54856 46.91737 

0.62162 2.58567 42.68757 

0.44153 2.60396 38.42296 

0.26056 2.64168 34.19754 

0.10276 2.59671 29.95864 

-0.07999 2.59573 25.70866 

-0.24239 2.57059 21.47784 

-0.39688 2.51946 17.22802 

-0.54181 2.47254 12.97153 

-0.69840 2.43053 8.70647 

-0.86337 2.37273 4.48598 

-1.02262 2.28892 0.26702 

-1.11387 2.18079 -3.96177 

-1.30650 2.12359 -8.21400 

-1.44254 1.98044 -12.45359 

-1.58421 1.85799 -16.66642 

-1.65072 1.69387 -20.90985 

-1.74374 1.58581 -25.12760 

-1.81154 1.45309 -29.37131 

-1.88516 1.28177 -33.61898 

-1.97861 1.11342 -37.86354 

-1.97807 0.95115 -42.10005 

-2.04860 0.76818 -46.30887 

-2.05871 0.60024 -50.54018 

-2.08740 0.41881 -54.77763 

-2.12190 0.25223 -59.00425 

-2.09567 0.09122 -63.23506 

-2.07336 -0.05016 -67.47471 

-2.03430 -0.26631 -71.72067 

-1.97095 -0.41631 -76.05762 

-1.93799 -0.60112 -80.29693 

-1.85805 -0.76780 -84.54848 

-1.76465 -0.88222 -88.80154 

-1.68063 -1.01414 -93.04348 

-1.57032 -1.15607 -97.26769 

-1.46496 -1.26133 -101.52475 

-1.37043 -1.40857 -105.76304 

-1.26844 -1.53043 -110.01694 

-1.11494 -1.57920 -114.25824 

-0.95471 -1.69626 -118.49383 

-0.83596 -1.76044 -122.75413 

-0.64219 -1.86304 -127.00431 

-0.49308 -1.87575 -131.26447 

-0.31416 -1.93776 -135.49373 

-0.15439 -1.97041 -139.74484 

0.00985 -2.01116 -144.01511 

0.19607 -2.00935 -148.26846 

0.39205 -2.03663 -152.49680 

0.56673 -1.99748 -156.74675 

0.72012 -1.96069 -160.98906 

0.92833 -1.91452 -165.24323 

1.09976 -1.81034 -169.48607 

1.21688 -1.75696 -173.72461 

1.36729 -1.68119 -177.97345 

1.53520 -1.60091 177.76253 

1.67083 -1.46973 173.51820 

1.78907 -1.35027 169.13437 

1.92965 -1.24390 164.90149 

2.03119 -1.10957 160.65828 

2.12336 -1.00160 156.40472 

2.19040 -0.86855 152.17546 

2.30125 -0.71395 147.95274 

2.37398 -0.53193 143.69891 

2.42448 -0.33417 139.44762 

2.44412 -0.20787 135.21667 

2.47999 -0.04352 130.98424 

2.53226 0.13592 126.73436 

2.51478 0.32519 122.51123 

2.52650 0.49401 118.25999 

2.49717 0.65217 114.03316 

2.44296 0.82597 109.77576 

2.39987 0.98504 105.54689 

2.34849 1.17566 101.28474 

2.28224 1.31745 97.04758 

2.20732 1.47205 92.81344 

2.09238 1.64464 88.56350 

2.01461 1.73414 84.30974 

1.92888 1.89890 80.05233 

1.79173 2.02068 75.80183 

1.68564 2.13322 71.56557 

1.52336 2.23799 67.28917 

1.37564 2.32307 63.06029 

1.22093 2.41525 58.79604 

1.05603 2.46994 54.54827 

0.96338 2.49548 50.31744 

0.76349 2.54599 46.06443 

0.57323 2.60549 41.80383 

0.37019 2.62542 37.44597 

0.24691 2.69081 33.20355 

0.05554 2.67885 28.94754 

-0.11442 2.66399 24.67245 

-0.30387 2.61300 20.41280 

-0.41830 2.56664 16.19569 

-0.59028 2.51978 11.96385 

-0.77700 2.47211 7.70426 

-0.95265 2.36996 3.45586 

-1.08378 2.28454 -0.79463 

-1.19511 2.18375 -5.04340 

-1.36721 2.05318 -9.29643 

-1.48235 1.94043 -13.53430 

-1.56460 1.80578 -17.76308 

-1.64087 1.67594 -22.00013 

-1.75033 1.50813 -26.23271 

-1.84386 1.38508 -30.47241 

-1.91461 1.22525 -34.70545 

-1.91977 1.05501 -38.95205 

-2.01389 0.91312 -43.19812 

-2.04903 0.75551 -47.42819 

-2.08110 0.58254 -51.66635 

-2.09619 0.45312 -55.90006 

-2.09786 0.27588 -60.15065 

-2.08048 0.10090 -64.40498 

-2.07181 -0.08078 -68.63799 

-2.02700 -0.29293 -72.87756 

-1.98217 -0.44840 -77.14077 

-1.90693 -0.57241 -81.38886 

-1.86485 -0.76808 -85.66203 

-1.76821 -0.91405 -89.89018 

-1.65768 -1.03501 -94.12965 

-1.53478 -1.18934 -98.37679 

-1.42868 -1.29582 -102.72932 

-1.30363 -1.41981 -106.97446 

-1.18130 -1.54649 -111.22131 

-1.02072 -1.62613 -115.49811 

-0.88391 -1.70476 -119.75093 

-0.71885 -1.76816 -124.02368 

-0.56133 -1.85469 -128.29707 

-0.41919 -1.90218 -132.54674 

-0.28524 -1.91927 -136.83025 

-0.09848 -1.97549 -141.08475 

0.06617 -2.01099 -145.32263 

0.25777 -2.00338 -149.57642 

0.44889 -2.01904 -153.86343 

0.60373 -1.98747 -158.13647 

0.74261 -1.94642 -162.41179 

0.92593 -1.91150 -166.65207 

1.08260 -1.82032 -170.90602 

1.25672 -1.76489 -175.15965 

1.36100 -1.66528 -179.38924 

1.50327 -1.57178 176.38152 

1.66841 -1.47380 172.10840 

1.79773 -1.36101 167.84029 

1.90577 -1.20056 163.59229 

2.05862 -1.09150 159.33752 

2.16019 -0.93187 155.09222 

2.23892 -0.79111 150.69693 

2.30074 -0.66698 146.42714 

2.36884 -0.50202 142.14600 

2.44858 -0.35962 137.88521 

2.48467 -0.17264 133.63785 

2.52043 -0.00454 129.36661 

2.49184 0.17126 125.10007 

2.50559 0.36161 120.82941 

2.53062 0.55432 116.58035 

2.47249 0.75098 112.32354 

2.45747 0.91636 108.07697 

2.40223 1.10216 103.83580 

2.34818 1.26826 99.59568 

2.24203 1.41637 95.34399 

2.16173 1.59144 91.11016 

2.06918 1.69685 86.85658 

1.95106 1.82791 82.61430 

1.82231 1.97932 78.37960 

1.70844 2.08105 74.13139 

1.58474 2.20256 69.88283 

1.40604 2.27971 65.63932 

1.24967 2.36028 61.38640 

1.17496 2.44093 57.12562 

1.01791 2.48505 52.86932 

0.83915 2.56717 48.62710 

0.66917 2.58880 44.36291 

0.49302 2.62379 40.11206 

0.34658 2.61780 35.86364 

0.18655 2.61980 31.60995 

0.01261 2.60328 27.37249 

-0.14253 2.56603 23.16307 

-0.30027 2.58378 18.91812 

-0.50397 2.55052 14.66281 

-0.66132 2.50361 10.26891 

-0.82738 2.41995 6.03006 

-0.97178 2.31085 1.78391 

-1.12402 2.23626 -2.47341 

-1.26815 2.12996 -6.71825 

-1.39467 2.00692 -10.97724 

-1.49333 1.85901 -15.22164 

-1.62778 1.74331 -19.47241 

-1.74409 1.58471 -23.71558 

-1.82269 1.46223 -27.98815 

-1.89804 1.28475 -32.23414 

-1.97410 1.13859 -36.46920 

-2.02257 0.96551 -40.72723 

-2.07963 0.81777 -44.98199 

-2.06495 0.65835 -49.21369 

-2.08753 0.48908 -53.45761 

-2.08778 0.35128 -57.70491 

-2.08832 0.13811 -61.94270 

-2.04865 -0.02541 -66.19186 

-2.05633 -0.19860 -70.43309 

-1.99406 -0.35289 -74.65236 

-1.96849 -0.52013 -78.90051 

-1.87027 -0.70841 -83.14556 

-1.83394 -0.85943 -87.36552 

-1.76354 -0.97682 -91.58086 

-1.62350 -1.10878 -95.84584 

-1.52867 -1.26050 -100.09742 

-1.41722 -1.39081 -104.35099 

-1.28341 -1.51959 -108.59239 

-1.15456 -1.60817 -112.82784 

-0.98169 -1.67798 -117.08523 

-0.79245 -1.78562 -121.44265 

-0.60946 -1.84811 -125.67735 

-0.45442 -1.86527 -129.91068 

-0.31002 -1.91946 -134.14333 

-0.16735 -1.96420 -138.36360 

-0.01241 -1.94995 -142.59966 

0.14826 -2.00254 -146.83405 

0.29754 -2.00620 -151.08582 

0.49625 -1.98641 -155.33128 

0.63871 -1.94666 -159.57330 

0.79215 -1.90891 -163.82269 

0.94858 -1.87565 -168.10150 

1.09909 -1.82603 -172.34351 

1.23623 -1.76825 -176.58783 

1.37543 -1.68953 179.18616 

1.59560 -1.58269 174.91681 

1.70693 -1.50109 170.67032 

1.82240 -1.34274 166.40492 

