-1.96268 -2.22970 -16.55065 

-2.02727 -2.46291 -20.73606 

-1.94146 -2.57897 -24.94566 

-1.81411 -2.48179 -29.17880 

-1.60785 -2.38368 -33.41984 

-1.37327 -2.19199 -37.67603 

-1.16151 -1.98452 -41.92973 

-1.06805 -1.69937 -46.17074 

-0.85872 -1.49509 -50.41690 

-0.68009 -1.27154 -54.65263 

-0.67372 -0.95564 -58.87662 

-0.56666 -0.68186 -63.10393 

-0.56838 -0.62708 -67.31631 

-0.56616 -0.38516 -71.54205 

-0.56076 -0.34150 -75.75378 

-0.52305 -0.15117 -79.96381 

-0.49858 -0.13206 -84.17229 

-0.48158 -0.15139 -88.40234 

-0.53280 -0.07990 -92.60856 

-0.52091 -0.09215 -96.83434 

-0.53241 -0.12648 -101.04609 

-0.60606 -0.07039 -105.23892 

-0.59498 -0.26995 -109.45100 

-0.54731 -0.36785 -113.66345 

-0.42652 -0.42277 -117.88813 

-0.39160 -0.48858 -122.09345 

-0.35940 -0.53986 -126.30505 

-0.27654 -0.65919 -130.50200 

-0.18603 -0.75429 -134.69350 

-0.05116 -0.79264 -139.03430 

0.02869 -0.78863 -143.24409 

0.21178 -0.89383 -147.46835 

0.33594 -0.95372 -151.65938 

0.47121 -0.92282 -155.85562 

0.57910 -1.00280 -160.05122 

0.68518 -0.99430 -164.25870 

0.92413 -1.00273 -168.46442 

1.00065 -0.89684 -172.66783 

1.18185 -0.84641 -176.88074 

1.28867 -0.81355 178.90977 

1.42641 -0.75867 174.70447 

1.56673 -0.66367 170.49915 

1.70040 -0.58547 166.28787 

1.73011 -0.52660 162.08000 

1.83683 -0.47432 157.87596 

1.97833 -0.31845 153.67148 

1.99703 -0.20060 149.49919 

2.13269 -0.07386 145.31537 

2.15868 0.05549 141.11938 

2.13263 0.22135 136.89778 

2.19645 0.36773 132.70651 

2.20437 0.48083 128.49423 

2.23855 0.58821 124.27782 

2.32731 0.68997 120.07767 

2.31033 0.90580 115.87672 

2.28668 0.99989 111.67073 

2.23298 1.14796 107.49158 

2.25087 1.23713 103.31087 

2.19231 1.46627 99.00938 

2.16164 1.55284 94.80712 

2.07360 1.70831 90.61048 

1.97637 1.84985 86.41372 

1.90596 1.95642 82.20626 

1.75569 2.04719 78.00807 

1.71877 2.16934 73.81866 

1.62082 2.22618 69.62716 

1.49435 2.28830 65.42683 

1.43566 2.37090 61.24561 

1.29390 2.44702 57.04679 

1.18538 2.57735 52.86507 

1.09398 2.51968 48.66089 

0.95523 2.63989 44.47107 

0.89073 2.63592 40.27550 

0.76111 2.64064 36.06840 

0.57087 2.66825 31.87930 

0.45237 2.65127 27.67752 

0.29166 2.66157 23.47592 

0.17429 2.57140 19.27018 

0.01749 2.55964 15.07520 

-0.11437 2.56839 10.87784 

-0.24793 2.54347 6.67099 

-0.41215 2.43617 2.44193 

-0.51845 2.37695 -1.76276 

-0.61214 2.33518 -5.96760 

-0.69632 2.29227 -10.16487 

-0.83123 2.15528 -14.38138 

-0.89219 2.08376 -18.67952 

-0.99086 1.99250 -22.87325 

-1.09687 1.80981 -27.04955 

-1.10045 1.71610 -31.25822 

-1.27028 1.59418 -35.47067 

-1.28636 1.54093 -39.64794 

-1.37330 1.41093 -43.84501 

-1.36362 1.21801 -48.04302 

-1.39171 1.15550 -52.23916 

-1.35935 0.94614 -56.44318 

-1.39649 0.79735 -60.63430 

-1.46266 0.65349 -64.80271 

-1.36372 0.56749 -69.00232 

-1.35422 0.37318 -73.19245 

-1.30562 0.23034 -77.39153 

-1.31624 0.18208 -81.58292 

-1.17022 0.00514 -85.76965 

-1.12114 -0.04785 -89.97619 

-1.12187 -0.19294 -94.16202 

-1.03519 -0.30807 -98.35630 

-0.90571 -0.36162 -102.55779 

-0.81561 -0.46971 -106.74850 

-0.75261 -0.60316 -110.94727 

-0.66308 -0.64441 -115.16263 

-0.48010 -0.74876 -119.36345 

-0.44251 -0.80206 -123.56432 

-0.31409 -0.82828 -127.77601 

-0.21582 -0.93490 -131.98190 

-0.00344 -0.95154 -136.16785 

0.11877 -0.96963 -140.37802 

0.23526 -1.08708 -144.55861 

0.35279 -1.03945 -148.87666 

0.50799 -1.07091 -153.06474 

0.64974 -1.02588 -157.24701 

0.78878 -0.99625 -161.44720 

0.96165 -0.91703 -165.62738 

1.12579 -0.99519 -169.81300 

1.16568 -0.98424 -174.01077 

1.24424 -0.87479 -178.18410 

1.40551 -0.75186 177.65767 

1.49517 -0.71556 173.46797 

1.66581 -0.58673 169.27155 

1.73533 -0.52575 165.07172 

1.83043 -0.42414 160.88509 

1.90194 -0.30930 156.71915 

1.95501 -0.22943 152.53239 

2.05401 -0.07341 148.35289 

2.12148 0.07825 144.18880 

2.11015 0.21321 140.01520 

2.12949 0.34011 135.83099 

2.25916 0.44811 131.64224 

2.20230 0.52944 127.46241 

2.24693 0.68548 123.30470 

2.33215 0.80360 119.11734 

2.28685 0.99468 114.94807 

2.23693 1.07731 110.76120 

2.28473 1.19245 106.56628 

2.23760 1.30529 102.36784 

2.16769 1.45451 98.18577 

2.12698 1.61180 93.89458 

1.99011 1.73599 89.71197 

1.96788 1.78569 85.53081 

1.92680 1.87807 81.35605 

1.83927 2.03102 77.16093 

1.76311 2.17245 72.97475 

1.66420 2.15694 68.79228 

1.51855 2.27831 64.59705 

1.44243 2.42513 60.42491 

1.30054 2.39120 56.24511 

1.22900 2.47561 52.05878 

0.98503 2.58314 47.87431 

0.92430 2.51624 43.68382 

0.75621 2.61800 39.49422 

0.67805 2.64695 35.30676 

0.54564 2.60210 31.10825 

