0.02319 0.02087 0.91077 2.62195 10.30488 12.62195 
0.01941 0.02307 0.90881 2.31707 9.39024 12.19512 
0.02563 0.02136 0.91260 3.29268 9.75610 12.25610 
0.02112 0.01953 0.90662 2.19512 9.45122 12.25610 
0.02185 0.02319 0.90747 2.92683 10.12195 12.01220 
0.02393 0.01807 0.91858 2.68293 9.93902 12.01220 
0.02209 0.02136 0.91284 2.68293 8.96342 12.74390 
0.01880 0.02063 0.91504 2.13415 9.87805 12.62195 
0.01965 0.01953 0.91125 2.74390 10.12195 12.43902 
0.01807 0.02173 0.91382 2.43902 10.30488 12.13415 
0.02136 0.02197 0.91272 2.86585 9.81707 12.25610 
0.01770 0.02197 0.90869 2.86585 10.36585 12.86585 
0.02173 0.02332 0.91248 2.19512 9.87805 12.31707 
0.02075 0.02002 0.91125 2.86585 10.42683 12.31707 
-0.01868 0.00854 0.69287 -3.17073 6.52439 12.86585 
0.02307 0.02405 0.91077 2.13415 9.75610 12.50000 
0.02393 0.02332 0.91272 2.74390 9.93902 12.68293 
0.02075 0.02124 0.91455 2.31707 9.81707 12.37805 
0.02051 0.02026 0.91150 2.31707 9.63415 12.31707 
0.01587 0.02246 0.91492 2.50000 9.39024 12.25610 
0.01697 0.02161 0.90808 3.10976 9.51220 12.37805 
0.02051 0.02271 0.91064 2.31707 9.51220 12.56098 
0.02332 0.02637 0.91907 2.43902 9.57317 12.31707 
0.02319 0.02222 0.91541 1.95122 9.08537 12.56098 
0.02002 0.02173 0.91431 2.50000 9.57317 12.25610 
0.01868 0.02222 0.91028 2.98780 10.30488 12.25610 
0.01917 0.02380 0.91370 3.10976 9.81707 12.43902 
0.02075 0.01917 0.91248 2.80488 9.81707 12.50000 
0.01709 0.02368 0.91602 2.74390 10.00000 12.25610 
0.02283 0.02466 0.91113 2.43902 10.18293 12.43902 
0.01550 0.01941 0.91614 2.86585 10.36585 12.37805 
0.02209 0.02551 0.92004 2.80488 9.32927 12.25610 
0.01733 0.02173 0.91235 2.43902 9.63415 12.13415 
0.02161 0.02209 0.91357 3.10976 9.75610 11.95122 
0.01929 0.02563 0.91040 2.56098 10.36585 12.43902 
0.01904 0.02124 0.91089 2.31707 10.06098 12.13415 
0.01880 0.02527 0.91052 2.37805 10.00000 12.01220 
0.02075 0.02161 0.91248 2.68293 9.57317 12.25610 
0.02063 0.02148 0.90735 2.50000 9.26829 12.31707 
0.02271 0.02441 0.91418 3.10976 10.36585 12.25610 
0.01941 0.02258 0.90845 2.68293 10.12195 12.62195 
0.01868 0.02197 0.91101 2.01220 9.93902 12.01220 
0.01831 0.01978 0.91187 2.98780 9.32927 12.74390 
0.01855 0.02173 0.90930 2.62195 9.51220 12.56098 
0.01880 0.02039 0.90918 3.10976 10.12195 12.50000 
0.02185 0.02283 0.91455 2.80488 10.00000 12.56098 
0.01770 0.02368 0.91235 2.86585 10.00000 12.19512 
0.01904 0.02039 0.91003 2.31707 9.63415 12.86585 
0.01855 0.02075 0.91064 2.56098 9.51220 12.43902 
0.01782 0.02197 0.91772 2.19512 9.63415 12.13415 
0.01721 0.02222 0.91199 2.50000 9.93902 12.01220 
0.02197 0.02148 0.91785 2.74390 9.87805 12.62195 
0.02051 0.02979 0.91479 2.37805 10.06098 11.89024 
0.02039 0.01843 0.91162 2.56098 9.87805 12.74390 
0.01990 0.02332 0.90991 1.58537 8.71951 12.68293 
0.01782 0.02173 0.91235 2.68293 9.93902 12.74390 
0.02527 0.02161 0.91357 2.50000 10.36585 12.68293 
0.01965 0.02332 0.91101 1.76829 8.78049 12.19512 
0.02124 0.02002 0.90796 2.62195 10.30488 12.31707 
0.02112 0.02393 0.90955 2.74390 10.30488 12.19512 
0.02002 0.02319 0.91211 3.35366 10.24390 12.50000 
0.02063 0.02344 0.90942 3.29268 10.06098 12.25610 
0.02112 0.02405 0.91626 2.43902 9.14634 12.74390 
0.02197 0.01941 0.91577 2.56098 8.84146 12.37805 
0.01904 0.02380 0.92346 3.04878 10.18293 12.19512 
0.01819 0.02173 0.91150 2.68293 9.51220 12.50000 
0.02136 0.01868 0.91345 2.43902 10.36585 12.07317 
0.02161 0.02185 0.91223 3.04878 9.63415 12.37805 
0.02002 0.02283 0.91064 1.15854 7.56098 12.31707 
0.02100 0.02295 0.91321 2.62195 10.06098 12.25610 
0.02222 0.01880 0.91516 1.76829 10.60976 12.25610 
0.02368 0.02319 0.91760 2.37805 9.93902 12.62195 
0.01929 0.02014 0.91162 2.56098 9.87805 12.37805 
0.01794 0.02148 0.91101 3.10976 9.39024 12.07317 
0.02002 0.02222 0.90906 2.50000 9.63415 12.56098 
0.01917 0.02515 0.91235 2.62195 9.81707 12.50000 
0.01929 0.02185 0.91479 2.86585 9.87805 13.04878 
0.01794 0.02246 0.91418 2.68293 9.51220 12.74390 
0.02039 0.02209 0.91284 2.74390 9.57317 12.43902 
0.02002 0.01965 0.91187 2.68293 10.24390 12.50000 
0.01953 0.02209 0.91614 2.98780 10.36585 12.19512 
0.01917 0.01819 0.91309 2.92683 10.48781 12.43902 
0.02026 0.02441 0.91321 2.56098 9.87805 12.31707 
0.02112 0.01965 0.90771 2.74390 10.06098 12.68293 
0.01880 0.01855 0.92212 2.43902 9.81707 12.68293 
0.02405 0.01965 0.91150 2.86585 9.32927 12.74390 
0.01746 0.02234 0.91833 2.25610 8.78049 12.74390 
0.02295 0.01941 0.91870 2.74390 9.57317 12.31707 
0.02173 0.02039 0.91577 3.10976 10.60976 12.43902 
0.02246 0.02466 0.91589 2.43902 9.51220 12.56098 
0.02075 0.02258 0.91528 2.50000 9.69512 12.43902 
0.02039 0.02332 0.90955 2.25610 10.18293 11.95122 
0.02222 0.02356 0.91736 2.98780 9.51220 12.50000 
0.02405 0.02478 0.91211 2.31707 10.00000 12.31707 
0.01575 0.02148 0.91516 3.23171 9.93902 12.56098 
0.02246 0.02039 0.91650 2.37805 9.69512 12.01220 
0.02271 0.02222 0.91040 2.37805 9.57317 12.74390 
0.02283 0.02075 0.91260 2.56098 9.57317 11.82927 
0.02368 0.01978 0.91785 2.43902 9.51220 12.62195 
0.02380 0.02063 0.91150 2.56098 9.81707 12.68293 
0.02197 0.02075 0.91296 1.82927 10.06098 12.19512 
0.02100 0.02246 0.90894 2.37805 9.39024 12.37805 
0.02087 0.01978 0.91016 2.74390 9.75610 12.98781 
0.02197 0.02209 0.90881 2.43902 10.06098 12.31707 
0.02332 0.02100 0.91113 2.92683 10.18293 13.10976 
0.01685 0.02185 0.91040 2.19512 9.69512 12.56098 
0.02222 0.01770 0.91028 1.82927 9.93902 12.31707 
0.02197 0.02307 0.91113 2.98780 9.51220 12.01220 
0.02637 0.02222 0.92505 1.95122 7.74390 12.19512 
0.02478 0.02905 0.91101 4.39024 13.41463 12.07317 
0.01880 0.02014 0.91577 1.95122 9.39024 12.68293 
0.02051 0.01770 0.91479 3.10976 11.82927 11.95122 
0.01855 0.02405 0.91138 3.35366 12.43902 12.74390 
0.02161 0.02246 0.91187 2.68293 9.87805 12.56098 
0.02063 0.02026 0.91528 2.92683 10.79268 12.56098 
0.02124 0.01807 0.92908 2.01220 8.71951 12.62195 
0.02002 0.02222 0.91162 2.56098 9.45122 12.43902 
0.02185 0.02368 0.91272 2.25610 9.51220 12.56098 
0.02063 0.01733 0.91357 2.13415 9.08537 12.74390 
0.02100 0.02490 0.91528 2.25610 9.32927 12.43902 
0.01782 0.02161 0.91223 2.31707 9.08537 12.56098 
0.02393 0.02222 0.91504 2.50000 9.63415 12.37805 
0.02246 0.02051 0.91528 2.86585 9.57317 12.68293 
0.01868 0.02234 0.91199 2.62195 9.75610 12.19512 
0.01843 0.01758 0.90942 2.62195 10.06098 12.80488 
0.02075 0.02527 0.91528 2.56098 9.45122 12.13415 
0.02161 0.02148 0.91467 1.70732 9.45122 12.50000 
0.02209 0.02136 0.92529 -0.12195 6.46341 12.37805 
0.02856 0.02283 0.94092 3.53659 12.50000 12.68293 
0.02539 0.01758 0.95117 0.24390 6.28049 12.62195 
0.01257 0.02734 0.88916 -0.91463 3.10976 12.37805 
0.02246 0.01746 0.91467 2.62195 9.45122 11.89024 
0.02209 0.01990 0.91748 2.62195 11.40244 12.19512 
0.02356 0.02051 0.91138 2.25610 10.18293 11.89024 
0.02051 0.02576 0.91565 2.92683 9.51220 11.82927 
0.01599 0.02222 0.91272 2.62195 9.51220 12.62195 
0.01941 0.02124 0.91333 2.01220 9.69512 12.37805 
0.02014 0.02246 0.91614 2.25610 9.81707 12.56098 
0.02063 0.02148 0.90698 2.68293 9.57317 12.56098 
0.02258 0.01697 0.91577 2.62195 9.26829 12.13415 
0.01831 0.02393 0.91296 2.80488 9.57317 12.31707 
0.02405 0.01990 0.92273 4.87805 15.73171 12.13415 
0.02380 0.02258 0.91357 2.13415 9.02439 12.74390 
0.02197 0.02600 0.91248 4.87805 14.81707 12.25610 
0.01990 0.01868 0.90637 2.86585 9.32927 12.56098 
0.02380 0.01794 0.91394 3.65854 11.52439 12.01220 
0.02222 0.02759 0.91296 1.03659 8.23171 12.62195 
0.01843 0.02246 0.90503 2.13415 10.48781 12.62195 
0.03296 0.01501 0.99463 -2.31707 3.90244 12.25610 
0.01636 0.02307 0.91016 5.12195 12.19512 12.37805 
0.01611 0.02979 0.91504 2.56098 9.39024 12.37805 
0.02161 0.02307 0.91565 2.56098 10.24390 12.56098 
0.02271 0.02148 0.91382 2.43902 9.87805 11.95122 
0.01868 0.02551 0.91260 2.56098 9.26829 12.25610 
0.02112 0.02124 0.91589 2.07317 9.39024 12.19512 
0.02576 0.01233 0.91199 2.19512 9.51220 12.68293 
0.02087 0.02795 0.91162 1.70732 8.78049 12.86585 
0.02271 0.01990 0.91016 2.13415 9.51220 12.68293 
0.01929 0.02161 0.91040 3.04878 10.48781 12.62195 
0.01721 0.02246 0.91223 2.56098 9.81707 11.95122 
0.02100 0.02112 0.91492 2.31707 9.63415 12.37805 
0.02332 0.01953 0.91370 2.50000 9.93902 12.31707 
0.01929 0.02466 0.91467 2.56098 9.63415 12.19512 
0.01782 0.02332 0.91589 2.50000 9.39024 12.31707 
0.02039 0.02087 0.91577 2.86585 9.81707 12.19512 
0.02063 0.02112 0.91223 3.29268 9.63415 12.37805 
0.02063 0.01611 0.91113 2.07317 9.39024 11.82927 
0.02625 0.02344 0.91052 3.10976 9.45122 12.74390 
0.01758 0.02100 0.91382 2.37805 9.57317 12.74390 
0.01819 0.02112 0.91040 2.31707 9.75610 12.80488 
0.01868 0.02454 0.91528 2.74390 10.36585 12.74390 
0.02026 0.01953 0.91235 2.07317 9.20732 12.56098 
0.01880 0.02258 0.91223 2.80488 10.00000 12.37805 
0.02112 0.02368 0.91089 2.19512 10.06098 13.04878 
0.02063 0.02087 0.91187 3.23171 9.75610 12.80488 
0.02136 0.02209 0.91833 2.37805 9.63415 12.56098 
0.02332 0.02441 0.91040 2.80488 9.51220 12.19512 
0.01892 0.02173 0.91846 2.19512 9.93902 12.50000 
0.02148 0.02161 0.91064 2.62195 9.39024 11.76829 
0.01807 0.02356 0.91663 2.31707 10.00000 12.13415 
0.01965 0.02417 0.91370 2.43902 9.75610 12.31707 
0.02051 0.02502 0.91443 2.07317 9.57317 12.25610 
0.02429 0.02405 0.91772 2.74390 9.63415 11.95122 
0.01929 0.02161 0.91284 2.19512 9.93902 12.31707 
0.01575 0.02332 0.91699 1.82927 9.39024 12.19512 
0.02014 0.01868 0.90955 2.92683 10.12195 12.62195 
0.01672 0.02417 0.89697 3.35366 10.12195 12.13415 
0.01782 0.02258 0.90955 2.80488 10.36585 12.43902 
0.02197 0.01990 0.91235 2.25610 9.63415 12.56098 
0.02112 0.02039 0.91443 2.43902 9.81707 12.37805 
0.01880 0.02478 0.91467 2.56098 9.32927 12.50000 
0.02258 0.01953 0.91785 2.68293 9.75610 12.07317 
0.01855 0.02185 0.91040 2.68293 9.39024 12.25610 
0.01660 0.01978 0.91333 2.37805 9.75610 12.50000 
0.01953 0.02087 0.90710 2.37805 9.75610 12.31707 
0.01904 0.02332 0.91309 2.43902 10.06098 12.74390 
0.01917 0.02234 0.91589 2.50000 9.69512 12.25610 
0.02039 0.01917 0.91418 2.43902 9.26829 12.37805 
0.02185 0.02161 0.91284 3.23171 9.63415 12.31707 
0.02319 0.02075 0.91333 2.86585 10.18293 12.43902 
0.01990 0.02075 0.91418 2.43902 10.06098 11.76829 
0.01953 0.02100 0.90771 2.01220 10.42683 12.25610 
0.02039 0.02661 0.91724 2.50000 9.93902 12.43902 
0.01477 0.02026 0.91321 2.43902 9.75610 12.80488 
0.02197 0.02405 0.91223 1.89024 9.26829 12.25610 
0.02039 0.02319 0.91785 2.68293 10.24390 12.07317 
0.01868 0.02222 0.91895 2.37805 8.71951 12.37805 
0.02295 0.02039 0.90649 2.43902 9.32927 12.92683 
0.01868 0.02356 0.91553 2.74390 10.30488 12.31707 
0.02332 0.02319 0.91699 2.62195 9.75610 12.37805 
0.01660 0.02136 0.91382 2.43902 9.08537 12.56098 
0.02222 0.01941 0.90857 2.31707 10.12195 12.50000 
0.02161 0.02380 0.91516 2.31707 9.39024 12.43902 
0.02148 0.02063 0.90222 2.74390 10.12195 12.62195 
0.01733 0.02344 0.90833 1.52439 8.78049 12.43902 
0.01904 0.02356 0.90552 3.71951 10.36585 12.31707 
0.01794 0.02063 0.91052 2.13415 9.26829 12.01220 
0.02136 0.02539 0.91003 2.37805 9.39024 12.37805 
0.02209 0.02344 0.91479 2.25610 9.26829 12.62195 
0.02429 0.02209 0.91663 3.10976 9.93902 12.37805 
0.02100 0.01746 0.91626 2.19512 9.51220 12.43902 
0.02026 0.02454 0.91321 2.13415 9.08537 12.31707 
0.02039 0.02283 0.91528 2.80488 9.75610 12.50000 
0.01843 0.02136 0.91003 2.68293 10.06098 12.68293 
0.02026 0.02405 0.91296 2.07317 9.20732 12.19512 
0.02026 0.01941 0.91833 2.07317 9.69512 12.56098 
0.02014 0.02319 0.90796 3.23171 10.24390 12.56098 
0.02100 0.02148 0.90784 2.07317 9.69512 11.89024 
0.02344 0.02112 0.91602 2.43902 9.63415 12.86585 
0.01794 0.02283 0.91650 2.74390 9.87805 12.50000 
0.02100 0.02234 0.90906 2.56098 9.63415 12.50000 
0.01917 0.02478 0.91296 2.74390 9.75610 12.31707 
0.02124 0.02039 0.91260 2.25610 8.96342 12.25610 
0.02002 0.02002 0.91064 3.47561 10.54878 12.25610 
0.02246 0.02209 0.91260 1.76829 10.24390 12.13415 
0.02515 0.02100 0.91626 2.37805 9.87805 12.19512 
0.01001 0.02319 0.91406 2.13415 9.45122 11.52439 
0.02515 0.02295 0.91602 2.19512 9.87805 12.56098 
0.01025 0.02136 0.89673 2.92683 9.26829 11.76829 
0.01965 0.02332 0.91284 2.25610 10.00000 11.95122 
0.02075 0.02002 0.91504 2.37805 9.32927 12.19512 
0.02124 0.01807 0.90955 2.56098 9.87805 12.50000 
0.02039 0.02649 0.91821 2.50000 9.81707 12.50000 
0.02344 0.01892 0.91028 2.50000 9.39024 12.56098 
0.02075 0.02234 0.91516 2.68293 9.69512 12.13415 
0.01843 0.02600 0.92065 2.13415 9.57317 12.68293 
0.02039 0.02332 0.91138 2.50000 9.45122 12.56098 
0.01868 0.01929 0.91125 2.74390 9.81707 12.62195 
0.02075 0.02319 0.91589 2.37805 9.63415 12.43902 
0.01819 0.02209 0.91675 2.92683 9.87805 12.25610 
0.01868 0.02173 0.91016 2.50000 10.18293 12.01220 
0.01770 0.02173 0.91577 2.43902 10.00000 12.62195 
0.02222 0.02209 0.91052 2.31707 9.20732 12.74390 
0.02087 0.02637 0.91687 2.74390 9.57317 12.74390 
0.02087 0.02222 0.91345 2.68293 9.87805 12.31707 
0.01904 0.02161 0.91382 2.74390 9.45122 12.19512 
0.02209 0.01904 0.90686 2.43902 9.45122 12.13415 
0.01904 0.02185 0.91113 2.56098 10.00000 12.13415 
0.01965 0.02368 0.90759 2.31707 9.51220 12.37805 
0.01941 0.02258 0.91003 2.50000 9.63415 12.62195 
0.01843 0.02332 0.91541 2.31707 9.32927 12.13415 
0.02063 0.02087 0.91199 2.43902 9.87805 12.50000 
0.01953 0.02283 0.91174 2.92683 10.12195 12.13415 
0.02112 0.02209 0.91736 2.92683 10.12195 12.13415 
0.01855 0.02356 0.91516 1.89024 9.08537 11.52439 
0.01880 0.02356 0.91235 2.50000 9.45122 12.80488 
0.01978 0.02527 0.91345 2.68293 10.06098 12.31707 
0.02075 0.02307 0.91321 2.43902 9.93902 12.19512 
0.02100 0.02344 0.91272 2.62195 9.63415 12.56098 
0.02197 0.02161 0.91260 2.62195 9.75610 12.86585 
0.01746 0.02173 0.91394 2.50000 9.51220 12.56098 
0.01978 0.02136 0.90979 2.25610 9.39024 12.56098 
0.01636 0.02087 0.91187 2.80488 10.06098 13.04878 
0.01733 0.02124 0.91028 2.37805 9.87805 12.86585 
0.02173 0.02307 0.91296 2.19512 9.69512 12.37805 
0.02209 0.02283 0.91650 2.62195 10.12195 12.50000 
0.02026 0.01892 0.91455 2.92683 9.87805 12.25610 
0.02063 0.02002 0.91638 2.86585 10.06098 12.01220 
0.02136 0.02417 0.91333 2.62195 9.39024 12.92683 
0.02039 0.02246 0.91052 2.07317 9.81707 12.43902 
0.02124 0.02612 0.91492 2.13415 9.51220 12.37805 
0.01929 0.02148 0.91785 2.86585 10.06098 12.56098 
0.01917 0.02319 0.91394 2.31707 9.63415 12.56098 
0.02039 0.02222 0.91077 2.62195 9.69512 12.62195 
0.02051 0.02368 0.90979 2.37805 9.87805 12.13415 
0.02063 0.02197 0.92017 2.74390 9.26829 12.56098 
0.02148 0.02258 0.91418 2.98780 9.81707 12.25610 
0.01819 0.02112 0.91479 2.62195 9.93902 12.74390 
0.01953 0.02283 0.91687 2.68293 10.18293 12.01220 
0.02112 0.02271 0.91370 2.80488 9.87805 12.56098 
0.02051 0.02063 0.91528 3.04878 10.12195 12.37805 
0.01611 0.02429 0.91394 2.74390 9.81707 12.62195 
0.01855 0.02271 0.91687 3.17073 9.87805 12.07317 
0.02051 0.02161 0.91675 2.07317 9.87805 11.70732 
0.01953 0.02185 0.91235 2.68293 9.26829 12.50000 
0.01929 0.02124 0.91223 2.80488 10.54878 12.25610 
0.01941 0.02502 0.91577 3.23171 10.18293 12.19512 
0.02454 0.01599 0.92188 0.48780 3.96341 12.62195 
0.02954 0.02356 0.92175 2.50000 9.14634 12.13415 
0.03589 0.02039 0.91479 2.80488 9.87805 12.31707 
0.03235 0.01648 0.91370 2.37805 10.12195 12.31707 
0.03027 0.01599 0.91553 2.01220 9.75610 12.43902 
0.02759 0.01978 0.91187 2.50000 10.24390 12.13415 
0.02795 0.01733 0.90735 2.01220 9.75610 12.62195 
0.02417 0.01733 0.91028 2.80488 9.63415 12.19512 
0.03015 0.01563 0.91296 2.01220 9.14634 12.56098 
0.02698 0.01855 0.91296 2.31707 9.51220 12.37805 
0.02869 0.01843 0.91394 2.62195 9.69512 12.43902 
0.02588 0.01782 0.91516 2.86585 11.09756 12.01220 
0.02234 0.02417 0.91052 2.98780 9.69512 12.68293 
0.02185 0.02478 0.91333 3.04878 9.69512 12.19512 
0.02515 0.01416 0.91882 2.86585 10.12195 12.50000 
0.03271 0.02295 0.91907 3.65854 10.54878 12.37805 
0.02710 0.02014 0.91321 2.80488 10.06098 11.64634 
0.02893 0.01733 0.91235 2.80488 10.24390 12.07317 
0.02917 0.01978 0.91736 2.50000 9.20732 12.31707 
0.02673 0.01636 0.91016 3.90244 12.01220 12.92683 
0.02649 0.01660 0.91235 2.56098 9.57317 12.50000 
0.02197 0.02283 0.91724 2.25610 8.59756 12.31707 
0.01917 0.02405 0.90149 2.19512 10.06098 12.37805 
0.01770 0.01880 0.90979 2.62195 9.51220 12.56098 
0.02063 0.02173 0.91296 2.31707 10.42683 12.31707 
0.01855 0.02161 0.89575 1.89024 9.63415 12.37805 
0.02014 0.02161 0.91113 3.04878 10.54878 12.37805 
0.02197 0.02258 0.91321 2.31707 9.93902 12.62195 
0.02258 0.02063 0.91028 2.50000 9.45122 12.74390 
0.02087 0.02100 0.91211 2.43902 9.63415 12.37805 
0.02051 0.02515 0.91199 3.10976 9.63415 12.01220 
0.02246 0.01758 0.91406 2.68293 9.51220 12.01220 
0.01782 0.01929 0.90649 3.17073 9.63415 12.19512 
0.02075 0.02197 0.91443 2.74390 10.30488 12.25610 
0.02161 0.02136 0.91565 2.74390 9.14634 12.13415 
0.01758 0.02148 0.91565 2.13415 9.69512 12.43902 
0.01978 0.02063 0.91174 2.37805 9.87805 12.80488 
0.02295 0.01843 0.92432 2.19512 8.96342 12.43902 
0.02051 0.02417 0.91248 3.04878 9.51220 12.50000 
0.02051 0.02393 0.91663 2.25610 9.63415 12.19512 
0.01807 0.02100 0.91211 2.43902 10.12195 12.56098 
0.01343 0.02295 0.87256 3.41463 10.36585 12.13415 
0.01953 0.02710 0.91272 2.98780 9.75610 12.43902 
0.02063 0.02271 0.91296 3.04878 9.51220 12.74390 
0.02271 0.02112 0.91919 3.04878 10.30488 12.62195 
0.01807 0.02063 0.91565 2.25610 9.87805 12.31707 
0.02026 0.02185 0.90894 2.43902 9.45122 12.37805 
0.02283 0.02295 0.92395 2.98780 8.53659 12.43902 
0.02209 0.02197 0.91724 2.86585 9.81707 12.37805 
0.01990 0.02173 0.91479 2.80488 9.39024 12.43902 
0.01794 0.02271 0.90979 2.31707 10.18293 12.50000 
0.01978 0.02307 0.91736 2.98780 9.75610 12.25610 
0.01917 0.02197 0.91272 2.31707 10.24390 12.68293 
0.02063 0.02283 0.91028 2.56098 9.20732 12.43902 
0.01855 0.02283 0.91638 2.19512 10.91463 12.19512 
0.02441 0.02087 0.91357 2.19512 9.32927 12.13415 
0.02197 0.02234 0.91296 1.82927 9.45122 12.50000 
0.01868 0.01990 0.91125 2.07317 9.14634 12.25610 
0.02039 0.00610 0.91296 2.19512 9.57317 12.01220 
0.02014 0.02087 0.91431 2.13415 9.87805 12.98781 
0.02051 0.02258 0.91406 3.04878 10.42683 12.19512 
0.01697 0.02344 0.91113 2.98780 9.81707 12.68293 
0.01978 0.02380 0.91162 2.13415 10.54878 12.62195 
0.02100 0.02332 0.91174 2.01220 9.75610 12.37805 
0.01843 0.02319 0.91492 2.50000 10.12195 12.31707 
0.02039 0.02026 0.91504 2.37805 9.75610 12.07317 
0.02148 0.02258 0.91663 2.74390 8.90244 11.89024 
0.02344 0.02332 0.91479 2.43902 10.18293 12.37805 
0.02295 0.01770 0.91711 3.47561 9.75610 12.25610 
0.02271 0.01660 0.91162 3.04878 10.12195 12.31707 
0.02185 0.01721 0.91248 2.86585 10.48781 12.62195 
0.01953 0.02026 0.90662 2.56098 10.24390 11.40244 
0.02209 0.02258 0.91479 2.50000 10.00000 12.19512 
0.02148 0.02100 0.91187 2.25610 10.06098 12.19512 
0.02026 0.02173 0.91162 2.74390 10.67073 11.76829 
0.01587 0.02161 0.91797 2.62195 10.36585 12.43902 
0.02222 0.02234 0.91699 3.35366 10.54878 12.31707 
0.01978 0.02026 0.91541 2.50000 10.00000 12.56098 
0.01880 0.02014 0.91284 2.43902 9.57317 12.62195 
0.02075 0.02222 0.91064 3.04878 9.57317 12.37805 
0.02319 0.02332 0.91260 2.80488 10.30488 12.07317 
0.01941 0.01868 0.90149 2.92683 10.36585 12.13415 
0.01855 0.02258 0.90747 3.04878 9.93902 12.68293 
0.02112 0.02307 0.91602 3.17073 9.57317 12.43902 
0.01978 0.02454 0.91150 2.56098 9.39024 12.37805 
0.02075 0.02148 0.91577 2.37805 9.39024 12.31707 
0.02014 0.02356 0.91113 1.52439 9.20732 12.56098 
0.02051 0.02112 0.91357 3.04878 9.75610 12.37805 
0.01807 0.02356 0.90808 2.43902 9.26829 12.13415 
0.01990 0.02087 0.91748 2.31707 10.42683 11.82927 
0.02002 0.02051 0.91174 3.04878 10.00000 12.43902 
0.01831 0.02124 0.91296 2.92683 9.93902 11.82927 
0.01697 0.02222 0.91614 2.74390 10.12195 12.31707 
0.02197 0.02356 0.92053 1.70732 9.14634 12.37805 
0.02075 0.01929 0.91382 2.37805 10.12195 12.56098 
0.01917 0.02344 0.91187 3.10976 10.42683 12.43902 
0.02075 0.02271 0.91162 2.50000 9.87805 12.62195 
0.02136 0.02209 0.91443 2.07317 9.51220 12.07317 
0.01843 0.01990 0.91614 2.68293 9.81707 12.56098 
0.01746 0.02576 0.91077 3.10976 11.46342 12.50000 
0.02112 0.02185 0.91675 2.62195 9.69512 12.31707 
0.01721 0.01990 0.91418 2.74390 8.90244 12.25610 
0.01746 0.02185 0.91394 2.68293 10.18293 12.43902 
0.02026 0.02173 0.91467 2.31707 9.45122 12.37805 
0.02075 0.02112 0.91382 2.68293 10.36585 12.62195 
0.02039 0.02039 0.91174 2.43902 10.24390 12.80488 
0.01648 0.02380 0.91479 2.19512 10.48781 12.43902 
0.01929 0.02466 0.91077 2.43902 9.63415 12.43902 
0.02209 0.01953 0.91443 3.35366 10.06098 11.70732 
0.01831 0.01990 0.91138 2.37805 9.32927 12.56098 
0.02051 0.02234 0.90857 2.50000 9.81707 12.19512 
0.02234 0.02380 0.91162 2.25610 9.57317 12.25610 
0.02112 0.02344 0.91284 2.50000 9.87805 11.70732 
0.02051 0.02405 0.91968 2.68293 9.81707 12.13415 
0.01904 0.01904 0.91699 2.19512 9.20732 12.19512 
0.01782 0.01868 0.91028 2.37805 9.08537 12.31707 
0.02039 0.02026 0.91296 3.10976 9.45122 12.37805 
0.02258 0.01270 0.91577 2.62195 9.81707 11.76829 
0.01855 0.02026 0.91797 2.68293 9.81707 12.43902 
0.02039 0.02295 0.92004 2.25610 9.87805 12.13415 
0.01904 0.02380 0.91321 2.98780 9.87805 12.25610 
0.01575 0.01965 0.90515 0.60976 7.25610 12.68293 
0.02295 0.02063 0.92322 1.95122 8.23171 12.74390 
0.02148 0.02417 0.90930 2.50000 10.00000 12.37805 
0.02148 0.02307 0.90796 2.19512 8.84146 12.25610 
0.01953 0.02295 0.92114 2.43902 9.14634 12.13415 
0.01770 0.02161 0.90906 2.86585 10.00000 12.56098 
0.02112 0.02197 0.91357 2.62195 9.45122 12.13415 
0.02063 0.02454 0.91211 2.80488 10.30488 12.19512 
0.02002 0.02307 0.91211 1.82927 9.75610 12.01220 
0.01697 0.02136 0.90735 2.31707 10.36585 12.56098 
0.01965 0.02209 0.91003 3.10976 9.93902 12.13415 
0.01953 0.02246 0.91296 2.56098 9.63415 11.89024 
0.02148 0.02576 0.91443 2.07317 10.12195 11.95122 
0.02173 0.02014 0.91248 2.31707 10.00000 12.37805 
0.01953 0.02173 0.91528 2.31707 10.06098 12.50000 
0.01892 0.02197 0.91394 2.25610 9.93902 12.07317 
0.02039 0.02344 0.91296 2.56098 9.87805 12.62195 
0.01733 0.03149 0.90759 3.04878 10.18293 12.13415 
0.02295 0.01160 0.91321 2.01220 9.81707 12.07317 
0.01855 0.01929 0.92383 2.68293 9.63415 12.01220 
0.02515 0.01233 0.91028 2.07317 9.08537 12.68293 
0.02051 0.01709 0.90381 1.89024 9.45122 12.43902 
0.01904 0.02039 0.91553 2.92683 8.96342 12.68293 
0.02112 0.02673 0.91516 1.89024 9.39024 12.37805 
0.02148 0.02405 0.90771 2.37805 9.45122 12.25610 
0.02246 0.02246 0.91565 2.50000 10.18293 12.01220 
0.02075 0.02271 0.91040 2.92683 10.12195 12.80488 
0.01831 0.01904 0.91492 3.35366 11.09756 12.74390 
0.02051 0.02173 0.91321 2.50000 9.51220 12.07317 
0.01965 0.02112 0.91003 2.86585 9.69512 12.19512 
0.01953 0.02075 0.91235 2.50000 10.00000 12.01220 
0.02234 0.02014 0.91162 2.13415 9.87805 12.31707 
0.01575 0.02307 0.91199 2.25610 9.14634 12.92683 
0.01965 0.02051 0.91345 2.19512 9.57317 12.43902 
0.02075 0.02197 0.91455 2.19512 9.51220 12.19512 
0.02307 0.02222 0.91040 2.50000 9.87805 12.19512 
0.01929 0.02625 0.91614 2.74390 9.26829 12.01220 
0.02014 0.02026 0.91296 2.62195 9.45122 12.74390 
0.02185 0.01880 0.91357 2.25610 9.63415 12.31707 
0.02002 0.02258 0.91602 1.89024 8.96342 12.37805 
0.01965 0.02332 0.91064 2.62195 9.51220 12.43902 
0.02063 0.02136 0.91211 2.19512 8.96342 11.89024 
0.02173 0.02283 0.90991 2.31707 10.30488 12.37805 
0.01990 0.02112 0.90979 1.89024 9.75610 12.74390 
0.01978 0.02112 0.91321 2.01220 9.32927 12.74390 
0.02112 0.02124 0.91443 2.19512 9.39024 12.80488 
0.02002 0.02112 0.91248 2.37805 10.12195 12.56098 
0.02026 0.02441 0.91577 2.07317 9.69512 12.74390 
0.01831 0.02100 0.90576 2.68293 9.81707 12.68293 
0.02075 0.02185 0.91345 2.80488 9.26829 12.31707 
0.01880 0.02429 0.91528 3.35366 9.87805 12.50000 
0.02100 0.02368 0.91345 2.98780 10.00000 12.68293 
0.02222 0.02393 0.91138 2.50000 10.06098 12.62195 
0.01624 0.02124 0.91052 3.53659 9.93902 12.56098 
0.01941 0.02344 0.91296 3.23171 10.97561 12.43902 
0.02063 0.01721 0.91248 1.95122 8.78049 12.25610 
0.02014 0.02100 0.91284 2.01220 8.96342 12.62195 
0.01648 0.02515 0.90771 2.50000 9.45122 12.19512 
0.02014 0.02271 0.91699 2.68293 9.75610 12.50000 
0.01892 0.02332 0.91406 2.98780 9.26829 12.74390 
0.01587 0.01794 0.91223 2.01220 9.69512 12.43902 
0.02051 0.02136 0.91553 2.98780 10.30488 12.62195 
0.02307 0.01794 0.91736 2.56098 9.93902 12.37805 
0.01855 0.02356 0.91162 2.62195 10.12195 12.37805 
0.01831 0.02417 0.91162 2.13415 9.81707 12.25610 
0.02209 0.02087 0.91504 2.86585 10.18293 12.43902 
0.02136 0.02148 0.91980 2.80488 9.93902 12.80488 
0.02393 0.02161 0.91089 2.68293 10.42683 12.13415 
0.01953 0.02258 0.91321 2.74390 10.30488 12.43902 
0.01794 0.02271 0.91455 3.10976 9.51220 12.31707 
0.01941 0.02185 0.91614 2.43902 9.45122 12.74390 
0.02112 0.02173 0.91260 2.56098 9.81707 12.25610 
0.01978 0.01147 0.91846 3.23171 10.79268 12.13415 
0.01831 0.02197 0.91711 2.68293 9.02439 12.56098 
0.02014 0.02209 0.91284 2.86585 9.63415 12.31707 
0.01990 0.02319 0.91187 2.92683 9.51220 12.25610 
0.01880 0.02136 0.90662 2.98780 9.63415 12.62195 
0.02197 0.02124 0.90833 2.56098 9.81707 12.01220 
0.02209 0.02051 0.91797 2.92683 9.39024 12.56098 
0.01660 0.02429 0.90906 2.43902 9.51220 12.19512 
0.02173 0.02112 0.91638 2.07317 9.93902 12.25610 
0.02026 0.02100 0.91187 1.95122 9.63415 12.50000 
0.01965 0.02454 0.91357 1.89024 9.81707 12.68293 
0.01965 0.02234 0.91748 2.80488 10.12195 12.74390 
0.01929 0.02283 0.91699 2.62195 10.12195 12.13415 
0.02002 0.02161 0.91357 2.50000 9.69512 12.25610 
0.02466 0.02075 0.91748 2.92683 10.30488 12.37805 
0.02087 0.01904 0.91882 2.37805 9.32927 11.89024 
0.02588 0.02356 0.90576 2.86585 10.00000 12.31707 
0.02161 0.02771 0.91711 2.13415 10.00000 11.82927 
0.02185 0.01904 0.92603 2.98780 11.28049 12.31707 
0.02002 0.02124 0.91211 2.07317 9.93902 12.50000 
0.01685 0.02551 0.90869 2.25610 9.69512 12.43902 
0.02124 0.02429 0.90833 3.17073 10.42683 12.19512 
0.02173 0.02185 0.90869 2.62195 9.75610 12.50000 
0.02136 0.01746 0.92139 2.92683 9.63415 12.25610 
0.02966 0.01892 0.91370 2.19512 10.00000 12.01220 
0.02124 0.02356 0.91699 2.37805 9.51220 12.19512 
0.02197 0.02039 0.90979 2.74390 9.81707 12.31707 
0.02258 0.02234 0.91541 3.10976 9.93902 12.50000 
0.01990 0.02515 0.91907 2.62195 9.45122 13.35366 
0.02246 0.01892 0.91626 2.19512 10.60976 12.01220 
0.02014 0.01746 0.91223 1.95122 10.00000 12.31707 
0.02051 0.02478 0.90063 2.01220 9.08537 12.86585 
0.01660 0.01978 0.92236 1.21951 8.84146 12.31707 
0.01587 0.02441 0.91943 2.25610 9.08537 12.86585 
0.02124 0.02051 0.91431 2.68293 9.81707 11.89024 
0.01855 0.02234 0.94543 2.13415 9.32927 12.56098 
0.01892 0.02234 0.92041 1.28049 9.39024 12.80488 
0.01965 0.02148 0.91968 1.89024 9.45122 12.31707 
0.01965 0.02100 0.91101 2.37805 9.39024 13.10976 
0.01379 0.02148 0.90942 2.86585 9.93902 12.07317 
0.02307 0.02502 0.90845 2.31707 9.57317 12.62195 
0.02063 0.02124 0.90979 2.31707 9.87805 12.25610 
0.01880 0.02087 0.91235 1.58537 9.02439 12.43902 
0.01648 0.02051 0.91492 2.74390 10.42683 11.89024 
0.01929 0.02161 0.91443 3.23171 10.79268 12.25610 
0.01636 0.01624 0.91724 3.04878 9.87805 12.13415 
0.02112 0.02148 0.90662 2.62195 9.26829 12.25610 
0.01794 0.02197 0.91040 2.43902 9.51220 12.25610 
0.02185 0.02258 0.90649 2.56098 9.57317 11.89024 
0.01794 0.02222 0.91016 3.04878 10.06098 12.74390 
0.02307 0.01965 0.91309 2.50000 9.81707 12.13415 
0.02209 0.02393 0.91138 3.35366 10.18293 12.62195 
0.01990 0.02759 0.91687 2.01220 9.45122 12.13415 
0.01880 0.02246 0.91772 2.37805 9.32927 12.13415 
0.01941 0.01953 0.90710 1.89024 10.24390 12.07317 
0.01831 0.00891 0.90491 1.70732 9.69512 12.43902 
0.02234 0.02002 0.92200 2.07317 8.84146 12.13415 
0.02075 0.02063 0.91052 2.62195 9.39024 11.82927 
0.01843 0.02356 0.90662 2.86585 9.81707 12.68293 
0.01965 0.02393 0.91541 2.31707 10.00000 12.25610 
0.02026 0.02515 0.90991 2.92683 9.81707 12.80488 
0.01709 0.01501 0.91101 2.62195 9.93902 12.50000 
0.02148 0.02002 0.91138 2.37805 9.20732 12.31707 
0.02271 0.02051 0.91577 2.43902 10.06098 12.31707 
0.02026 0.01819 0.91260 2.62195 9.51220 11.95122 
0.02112 0.02051 0.91370 2.92683 9.39024 12.01220 
0.02258 0.02234 0.92236 2.25610 10.30488 12.37805 
0.02161 0.02417 0.91602 2.43902 8.96342 12.50000 
0.02527 0.02307 0.90894 2.50000 10.60976 12.13415 
0.02710 0.02698 0.90796 2.68293 9.69512 12.01220 
0.02466 0.02490 0.91345 3.29268 10.00000 11.95122 
0.02209 0.02148 0.91113 2.86585 10.54878 12.43902 
0.02246 0.02014 0.91174 2.31707 9.81707 12.62195 
0.02124 0.02063 0.91443 2.86585 10.12195 12.68293 
0.02148 0.02075 0.91492 2.74390 9.87805 12.07317 
0.02039 0.02856 0.90979 2.56098 9.81707 12.68293 
0.02100 0.02515 0.91309 2.43902 9.57317 12.43902 
0.02344 0.01953 0.91040 2.50000 9.69512 12.37805 
0.02014 0.02283 0.91589 2.68293 9.63415 12.19512 
0.02087 0.01978 0.91394 2.31707 9.93902 12.31707 
0.02234 0.01770 0.91187 3.04878 10.79268 12.07317 
0.01990 0.02209 0.90918 2.37805 10.12195 12.43902 
0.02014 0.02563 0.91418 2.68293 9.63415 12.62195 
0.02087 0.01953 0.91846 2.68293 10.36585 12.25610 
0.02148 0.02002 0.91931 3.10976 9.75610 11.70732 
0.02307 0.01599 0.91809 3.04878 10.36585 12.37805 
0.01819 0.01953 0.91125 1.76829 8.53659 12.37805 
0.01990 0.02405 0.91443 2.80488 9.93902 12.19512 
0.01855 0.02075 0.91370 2.80488 9.20732 12.62195 
0.02197 0.01807 0.90857 2.74390 9.75610 11.95122 
0.02026 0.02087 0.91260 2.68293 10.36585 12.62195 
0.01770 0.02063 0.91101 2.74390 9.93902 12.37805 
0.02026 0.01855 0.91663 2.56098 9.57317 12.13415 
0.01233 0.02100 0.90027 0.67073 5.42683 12.62195 
0.02209 0.02209 0.90796 2.43902 10.18293 12.37805 
0.02100 0.02014 0.91846 2.19512 9.14634 12.25610 
0.02100 0.01953 0.91638 2.62195 9.75610 12.80488 
0.01953 0.02124 0.91235 2.31707 9.45122 12.43902 
0.02222 0.02319 0.90967 2.31707 9.32927 11.89024 
0.02173 0.02319 0.91504 2.13415 10.06098 12.43902 
0.02197 0.01904 0.91589 3.10976 9.81707 12.01220 
0.02441 0.02185 0.91772 2.50000 9.75610 12.25610 
0.01794 0.02063 0.91333 3.04878 10.18293 12.13415 
0.02051 0.01941 0.91260 2.50000 9.69512 11.95122 
0.01892 0.02283 0.90967 2.19512 9.51220 12.68293 
0.02100 0.02014 0.91260 2.25610 9.45122 12.31707 
0.02173 0.02490 0.91406 2.01220 9.39024 12.50000 
0.01965 0.02380 0.91431 3.04878 9.87805 12.37805 
0.02734 0.02417 0.91626 2.56098 10.60976 12.74390 
0.01587 0.02002 0.92126 1.82927 9.39024 12.56098 
0.02356 0.01563 0.91736 2.62195 9.57317 12.80488 
0.02222 0.02502 0.91748 2.50000 10.06098 12.31707 
0.02197 0.02197 0.90918 2.07317 9.75610 12.80488 
0.01831 0.02881 0.91321 3.29268 10.42683 12.31707 
0.02100 0.01404 0.91431 3.04878 9.87805 12.07317 
0.02075 0.02039 0.90845 3.17073 10.48781 12.01220 
0.02209 0.02319 0.91199 2.31707 9.93902 12.62195 
0.02368 0.01746 0.91199 2.13415 9.57317 11.76829 
0.02087 0.02234 0.90857 2.50000 9.26829 12.62195 
0.01929 0.02075 0.91101 3.10976 10.60976 12.56098 
0.02112 0.02136 0.91296 2.19512 9.45122 12.43902 
0.02039 0.02417 0.91968 2.56098 10.36585 12.31707 
0.02148 0.01941 0.92749 2.01220 8.84146 12.50000 
0.02026 0.02844 0.90247 2.56098 10.67073 12.13415 
0.02026 0.02209 0.90967 2.37805 9.63415 12.31707 
0.02051 0.02405 0.90723 2.80488 9.08537 12.98781 
0.01953 0.02295 0.91309 2.62195 10.00000 12.01220 
0.01978 0.02148 0.91760 2.37805 10.06098 12.37805 
0.01917 0.01868 0.91321 2.13415 10.42683 12.31707 
0.02014 0.02124 0.91541 2.56098 9.57317 11.95122 
0.02063 0.02332 0.91431 2.43902 9.81707 12.80488 
0.02124 0.01965 0.91589 2.62195 9.81707 11.82927 
0.02112 0.02332 0.89673 2.13415 9.51220 12.13415 
0.01819 0.01831 0.90906 2.92683 9.45122 12.68293 
0.01782 0.02930 0.90979 3.10976 10.54878 12.50000 
0.01917 0.02002 0.91077 2.56098 9.45122 12.74390 
0.01941 0.01794 0.90259 2.98780 9.63415 12.37805 
0.01904 0.02161 0.91516 2.86585 8.23171 12.74390 
0.02563 0.01892 0.91089 2.80488 10.06098 12.68293 
0.02002 0.02197 0.91125 2.25610 9.81707 12.37805 
0.02112 0.02625 0.91138 2.68293 9.14634 12.37805 
0.02014 0.01306 0.91333 2.56098 11.03659 12.31707 
0.02222 0.02112 0.90759 3.17073 9.93902 11.89024 
0.01489 0.03467 0.90845 3.35366 11.34146 12.31707 
0.02039 0.01794 0.91418 2.43902 10.36585 12.19512 
0.02209 0.02246 0.92847 3.35366 9.26829 12.25610 
0.02478 0.02185 0.91687 3.04878 9.26829 12.31707 
0.02063 0.02405 0.91370 2.80488 8.78049 12.62195 
0.01624 0.02234 0.91736 2.07317 9.57317 12.25610 
0.02075 0.01953 0.91394 2.50000 9.57317 12.86585 
0.02209 0.02087 0.90417 2.80488 9.69512 12.37805 
0.02515 0.02380 0.90527 2.86585 9.02439 12.19512 
0.01807 0.01843 0.91467 2.50000 9.69512 12.01220 
0.02368 0.02319 0.91577 2.13415 8.35366 12.25610 
0.02014 0.03027 0.91577 2.31707 9.87805 12.25610 
0.02405 0.02466 0.92273 2.13415 9.20732 11.76829 
0.02161 0.01965 0.92102 2.74390 11.28049 12.98781 
0.01904 0.01794 0.91211 2.56098 10.73171 12.50000 
0.02124 0.02380 0.91565 2.74390 9.63415 12.13415 
0.02344 0.01929 0.91602 2.74390 9.75610 12.56098 
0.02039 0.02100 0.91418 2.86585 9.45122 12.56098 
0.01965 0.02441 0.91113 2.74390 10.00000 11.76829 
0.02405 0.02197 0.91138 2.50000 10.48781 12.74390 
0.02100 0.01917 0.92114 2.43902 10.30488 12.37805 
0.02502 0.02209 0.91541 2.37805 8.65854 12.56098 
0.02136 0.01855 0.91211 2.74390 10.48781 12.37805 
0.01990 0.01782 0.91711 1.89024 9.63415 12.01220 
0.02246 0.02307 0.91382 1.89024 9.57317 12.07317 
0.01917 0.02332 0.91504 2.19512 9.51220 12.50000 
0.02197 0.02490 0.91296 2.68293 9.32927 12.07317 
0.02124 0.02625 0.91125 3.04878 10.24390 12.80488 
0.01672 0.02686 0.90601 2.19512 8.84146 12.92683 
0.01917 0.01465 0.91162 2.50000 9.69512 12.37805 
0.01978 0.02356 0.91663 3.10976 9.51220 12.56098 
0.02246 0.02258 0.92493 1.89024 8.29268 12.37805 
0.02441 0.01794 0.91199 2.43902 9.63415 12.56098 
0.02258 0.02295 0.91467 2.50000 10.00000 12.50000 
0.02051 0.02307 0.91052 2.37805 9.26829 12.50000 
0.02173 0.02258 0.91309 2.43902 9.81707 12.25610 
0.02258 0.01941 0.91357 3.04878 10.00000 12.31707 
0.02051 0.01990 0.91370 2.31707 9.63415 12.37805 
0.02209 0.01685 0.91113 2.56098 9.32927 12.19512 
0.02087 0.02197 0.91309 2.98780 10.67073 12.68293 
0.02209 0.02063 0.90942 2.68293 10.12195 12.68293 
0.02014 0.02197 0.91467 2.68293 10.36585 12.68293 
0.02161 0.02148 0.91125 2.80488 10.48781 12.13415 
0.02136 0.02075 0.91162 1.95122 9.39024 12.43902 
0.01941 0.01917 0.91077 2.62195 9.69512 12.01220 
0.01758 0.02319 0.91052 2.74390 10.42683 12.62195 
0.01929 0.02478 0.91492 3.04878 9.69512 12.37805 
0.02173 0.02209 0.91296 2.86585 9.75610 12.07317 
0.02332 0.01794 0.91187 2.92683 9.57317 12.86585 
0.02466 0.02100 0.91589 2.07317 9.26829 12.68293 
0.01990 0.02344 0.91504 2.68293 9.39024 12.43902 
0.02124 0.02197 0.91687 2.62195 9.87805 12.31707 
0.02075 0.01855 0.91223 2.56098 10.36585 12.25610 
0.01855 0.02063 0.91028 2.80488 9.51220 12.31707 
0.02271 0.02197 0.91553 2.56098 10.18293 12.31707 
0.02234 0.02209 0.91711 2.98780 11.34146 12.56098 
0.01831 0.02344 0.91333 1.89024 9.63415 12.50000 
0.02429 0.01892 0.91138 2.25610 10.36585 12.68293 
0.02466 0.01721 0.91223 2.43902 10.06098 12.25610 
0.02100 0.01904 0.91528 2.68293 9.69512 12.07317 
0.02185 0.01990 0.91321 2.68293 10.00000 11.95122 
0.02441 0.02014 0.91418 2.50000 9.69512 11.95122 
0.02258 0.02124 0.90979 2.19512 9.57317 12.07317 
0.02405 0.02466 0.91394 2.43902 10.24390 12.37805 
0.02100 0.01953 0.90723 2.98780 9.51220 11.82927 
0.01990 0.02209 0.91748 2.43902 9.51220 12.07317 
0.02026 0.02380 0.91064 3.17073 10.30488 12.50000 
0.01440 0.01892 0.91553 2.37805 10.24390 12.25610 
0.02515 0.01501 0.90369 2.01220 8.84146 11.95122 
0.02161 0.02197 0.91650 1.95122 9.63415 12.25610 
