0.00296 0.01819 0.99887 -0.45843 -0.18073 -0.78813 
0.00235 0.01600 1.00387 -0.51940 0.12415 -0.54423 
0.00162 0.01807 1.00033 -0.09258 -0.18073 -0.36130 
0.00540 0.01893 0.99862 -0.09258 0.18513 -0.66618 
0.00552 0.01722 1.00448 -0.51940 0.18513 -0.60521 
0.00540 0.01465 0.99813 -0.45843 -0.36366 -0.11740 
0.00455 0.01881 1.00057 0.21230 -0.18073 -0.66618 
0.00235 0.01844 1.00387 0.02938 0.36805 -0.48326 
0.00479 0.01636 0.99667 -0.33648 -0.18073 -0.60521 
0.00333 0.01453 1.00485 -0.39745 0.18513 -0.54423 
0.00320 0.01600 1.00399 -0.64136 0.36805 0.12650 
0.00308 0.01832 1.00106 -0.09258 -0.79048 -0.54423 
0.00308 0.01722 1.00387 -0.03160 0.18513 -0.48326 
0.00638 0.01661 1.00118 -0.03160 -0.36366 -0.17838 
0.00442 0.01441 1.00131 -0.82428 0.49000 -0.72716 
0.00503 0.01856 1.00570 -0.51940 0.42903 -0.36130 
0.00516 0.01575 1.00045 -0.39745 0.00220 -0.66618 
0.00552 0.01563 1.00106 -0.33648 -0.30268 0.06553 
0.00552 0.01819 1.00167 -0.33648 0.12415 -0.30033 
0.00479 0.01563 1.00253 -0.15355 0.18513 -0.66618 
0.00296 0.01588 1.00204 0.39523 0.36805 -0.42228 
0.00394 0.01832 1.00363 0.09035 0.49000 -0.11740 
0.00284 0.01636 1.00155 -0.51940 0.24610 -0.23935 
0.00174 0.01673 0.99777 -0.21453 0.18513 -0.91008 
0.00345 0.01917 1.00302 -0.21453 0.12415 -0.54423 
0.00345 0.01527 1.00717 -0.15355 -0.36366 -0.72716 
0.00491 0.01966 1.00448 -0.33648 -0.05878 -0.66618 
0.00577 0.01502 0.99887 0.15133 -0.05878 -0.42228 
0.00442 0.01575 1.00350 -0.45843 0.12415 -0.48326 
0.00565 0.01734 1.00314 0.15133 0.06317 -0.66618 
0.00455 0.01868 1.00082 -0.09258 0.06317 -0.30033 
0.00345 0.01783 0.99972 -0.09258 0.18513 -0.42228 
0.00381 0.01612 1.00143 0.15133 -0.11975 0.00455 
0.00430 0.01807 1.00411 -0.27550 0.00220 -0.23935 
0.00272 0.01954 0.99887 -0.27550 -0.60756 -0.17838 
0.00381 0.01844 1.00765 0.02938 0.67293 -0.23935 
0.00357 0.01868 1.00167 -0.09258 0.55098 -0.36130 
0.00333 0.01612 1.00216 -0.15355 0.36805 -0.78813 
0.00272 0.01575 1.00314 -0.09258 0.30708 -0.17838 
0.00308 0.01881 1.00009 -0.21453 -0.30268 -0.42228 
0.00528 0.01465 1.00106 -0.33648 -0.18073 -0.54423 
0.00272 0.01514 1.00363 -0.15355 0.42903 -0.48326 
0.00064 0.01868 0.99935 -0.15355 0.18513 -0.66618 
0.00601 0.01832 1.00045 -0.39745 0.36805 -0.36130 
0.00540 0.01636 1.00411 -0.03160 0.36805 -0.42228 
0.00345 0.01758 1.00424 -0.39745 -0.11975 -0.36130 
0.00687 0.01893 1.00241 -0.33648 -0.42463 -0.48326 
0.00076 0.01661 1.00729 -0.27550 -0.60756 -0.54423 
0.00369 0.01514 1.00558 0.09035 -0.18073 -0.36130 
0.00125 0.01673 1.00118 -0.45843 -0.05878 -0.36130 
0.00430 0.01978 1.00607 -0.33648 -0.36366 -0.78813 
0.00137 0.01478 1.00131 0.09035 -0.05878 -0.72716 
0.00540 0.01490 1.00192 -0.51940 -0.11975 -0.36130 
0.00430 0.01795 1.00521 -0.03160 -0.24170 -0.17838 
0.00381 0.01563 1.00204 -0.21453 0.06317 -0.78813 
0.00601 0.02076 1.00082 0.33425 -0.11975 -0.17838 
0.00198 0.01490 0.99874 -0.39745 -0.11975 -0.60521 
0.00430 0.01588 1.00265 -0.27550 -0.11975 -0.48326 
-0.00009 0.01868 0.99948 -0.09258 0.49000 -0.91008 
0.00528 0.01490 0.99984 -0.03160 -0.18073 -0.78813 
0.00211 0.01368 1.00253 -0.64136 -0.30268 -0.54423 
0.00211 0.01588 0.99825 0.45620 -0.05878 -0.05643 
0.00674 0.01478 1.00289 -0.09258 -0.24170 -0.11740 
0.00442 0.01819 1.00546 -0.51940 0.12415 -0.36130 
0.00198 0.01563 1.00204 -0.39745 -0.36366 -0.36130 
0.00296 0.01734 1.00216 -0.70233 -0.05878 -0.72716 
0.00369 0.01783 0.99996 -0.64136 -0.11975 -0.36130 
0.00442 0.01734 0.99801 -1.12916 -0.48561 -0.36130 
0.00381 0.01465 1.00399 -1.12916 -0.24170 -0.48326 
0.00101 0.01978 1.00021 -1.12916 -0.48561 -0.66618 
0.00430 0.01600 1.00094 -1.86087 -0.66853 -0.42228 
0.00418 0.01392 0.99740 0.09035 -0.30268 -0.48326 
0.00406 0.01588 1.00350 0.09035 0.42903 -0.66618 
0.00149 0.01710 1.00045 0.21230 -0.18073 -0.30033 
0.00491 0.01270 1.00216 -0.33648 -0.18073 0.12650 
0.00394 0.01441 1.00631 2.40742 1.46561 0.12650 
-0.16269 -0.30212 1.01510 0.27328 6.52659 202.44357 
0.09390 0.14930 0.99362 8.87084 30.18513 988.17535 
0.10782 0.00526 0.99423 13.68791 31.16074 954.39484 
0.01358 -0.07104 1.00595 11.37084 31.89244 1000.73630 
0.02713 -0.00353 0.99508 11.67572 33.47781 1065.37040 
0.05398 0.03223 1.00241 14.84645 37.19732 1182.87040 
0.03287 0.03126 1.00533 17.28547 44.51440 1413.54110 
0.00272 0.08155 0.99825 18.13913 53.11196 1723.29720 
-0.00168 0.05018 1.00497 18.01718 54.14854 1767.32170 
0.07120 0.04542 1.00472 16.55377 55.12415 1806.83390 
0.04739 0.06556 0.99459 15.15133 56.40464 1870.37040 
-0.03745 0.02784 0.99703 16.43182 56.52659 1858.66310 
-0.00571 0.05811 0.99716 18.74889 59.02659 1890.06560 
0.03238 0.10340 0.99813 19.90742 63.11195 -2008.71510 
-0.02072 0.06373 1.00387 18.32206 68.53879 -2008.71510 
-0.00449 0.06458 1.00045 20.27328 72.62415 -2008.71510 
0.07657 0.05091 1.00216 19.90742 70.73391 -2008.71510 
0.11783 0.04432 1.00070 15.02938 59.69732 -2008.71510 
0.06058 0.02039 1.00057 1.55377 44.51440 1872.50450 
-0.00473 0.09974 0.98605 10.51718 41.58757 1593.84610 
0.05179 0.06580 1.00533 19.72450 47.62415 1576.95580 
0.08414 0.09815 0.99752 -1.31209 41.46561 1740.06560 
0.02261 0.11292 1.00363 -6.98282 35.18513 1736.89480 
0.03018 -0.12548 0.96163 14.29767 47.44122 1767.44360 
-0.21164 -0.22778 0.98153 59.05377 65.30708 1451.83390 
-0.08334 0.00257 1.01437 19.48059 21.46561 476.04114 
-0.04147 0.03663 1.00070 -0.88526 9.88025 368.23627 
-0.04440 0.06678 0.99960 6.30986 10.00220 279.76065 
-0.02658 0.03150 1.00253 3.56596 7.25830 205.85822 
-0.02390 -0.03759 1.00192 1.55377 5.36805 164.82162 
0.05215 0.00074 0.99887 0.27328 5.61195 192.80943 
0.02920 0.04298 0.99825 0.51718 4.39244 162.56552 
0.01932 0.06592 0.99899 0.51718 3.72171 127.80944 
0.01602 0.06702 1.00363 3.56596 3.72171 78.17529 
0.01053 0.02869 0.99996 2.28547 2.50220 58.84601 
-0.00205 0.04798 1.00472 0.02938 0.67293 39.57772 
0.01053 0.01551 1.00741 -0.39745 -0.48561 3.29723 
0.01334 0.00819 1.00094 -1.73892 -0.54658 0.00455 
0.00931 0.01111 1.00411 -1.61697 -1.15634 -0.30033 
0.01199 0.01319 1.00094 -2.16575 -1.33926 -0.48326 
0.01187 0.00965 1.00082 0.57816 0.12415 -0.42228 
0.01309 0.01319 0.99935 0.33425 0.24610 -0.72716 
0.01309 0.01124 1.00375 -0.70233 0.06317 -0.66618 
0.01346 0.00941 1.00094 -0.39745 -0.24170 -0.48326 
0.01211 0.01160 1.00094 1.37084 0.30708 -0.60521 
0.01053 0.00941 1.00363 1.79767 0.67293 -0.36130 
0.01199 0.01038 1.00094 2.10255 0.79488 -0.78813 
0.01273 0.00953 1.00179 1.18791 0.61195 -0.36130 
0.01248 0.01026 1.00082 1.98060 1.28269 -0.23935 
0.01004 0.01099 0.99948 1.67572 0.85586 -0.11740 
0.01163 0.01026 1.00045 0.76108 0.18513 -0.36130 
0.01346 0.01111 0.99838 0.63913 0.36805 0.00455 
0.01016 0.00696 1.00241 0.88303 0.55098 0.00455 
0.01334 0.01014 1.00070 1.61474 0.55098 -0.60521 
0.01077 0.01307 1.00118 2.46840 0.36805 -0.48326 
0.01224 0.01185 1.00692 1.37084 0.55098 0.00455 
0.00967 0.01136 1.00302 1.55377 0.49000 -0.36130 
0.01346 0.00965 1.00179 0.57816 0.30708 -0.17838 
0.00906 0.01099 1.00314 1.61474 0.85586 -0.23935 
0.01211 0.01148 1.00387 0.76108 0.67293 -1.27594 
0.01236 0.01136 1.00448 1.00499 0.49000 -0.66618 
0.01114 0.01002 1.00302 1.37084 0.91683 -0.91008 
0.01102 0.01246 0.99960 1.12694 0.30708 -0.60521 
0.01285 0.01173 1.00204 1.67572 1.09976 -0.48326 
0.01346 0.00928 1.00155 3.62694 1.83147 -0.17838 
0.01334 -0.07446 1.01193 6.00499 2.50220 4.94357 
0.00796 0.00233 1.00070 -5.09258 3.96561 192.93138 
0.01993 -0.00439 1.00595 -0.76331 3.90464 158.48016 
0.01211 0.01758 1.00094 -1.00721 4.33147 152.32162 
0.00796 0.03382 1.00472 0.76108 4.14854 120.12650 
0.01187 0.03309 1.00253 -0.45843 2.25830 91.89480 
0.00833 0.03113 1.00094 -0.58038 2.01439 65.18748 
-0.00021 0.04542 1.00009 0.88303 1.34366 30.24845 
0.01517 0.01270 1.00582 1.91962 0.49000 1.10211 
0.01334 0.01234 1.00106 0.33425 0.24610 0.12650 
0.01199 0.01038 1.00497 -1.19014 -0.11975 -0.30033 
0.01175 0.01111 1.00277 -2.04380 -0.91244 -0.48326 
0.01163 0.00867 1.00033 -1.31209 -0.36366 -0.23935 
0.00821 0.01038 0.99948 -0.33648 -0.48561 -0.78813 
0.01187 0.01173 1.00204 -0.21453 0.24610 -0.66618 
0.01285 0.01014 0.99960 0.33425 -0.18073 0.06553 
0.01053 0.01038 1.00204 0.39523 -0.42463 -0.54423 
0.00955 0.00941 1.00155 -0.21453 -0.60756 -0.17838 
0.00906 0.01160 1.00204 -0.51940 -0.36366 -0.36130 
0.00967 0.01319 1.00070 -2.04380 -0.91244 -0.72716 
0.01041 0.01087 1.00314 -0.70233 -0.36366 -0.84911 
0.01297 0.01221 1.00143 -0.70233 -0.36366 -0.30033 
0.00980 0.01050 1.00399 -1.55599 -0.97341 -0.17838 
0.01126 0.01148 1.00179 -1.49501 -0.30268 -0.84911 
0.00772 0.01185 1.00387 -0.64136 -0.30268 -0.48326 
0.01126 0.01197 1.00045 -1.00721 -0.60756 -0.42228 
0.01150 0.01356 1.00558 -0.27550 -0.18073 -0.66618 
0.01260 0.01026 1.00363 -0.33648 -0.11975 0.06553 
0.01224 0.01014 1.00021 -0.21453 0.12415 -0.23935 
0.01260 0.01441 1.00143 -0.45843 -0.18073 -0.91008 
0.00857 0.01270 1.00424 0.09035 -0.11975 -1.15399 
0.01309 0.01099 1.00057 -0.64136 0.06317 -0.60521 
0.01114 0.01160 1.00216 -0.76331 -0.36366 -0.72716 
0.01236 0.01331 1.00411 -0.94623 -0.24170 -0.78813 
0.01224 0.01319 1.00106 -0.88526 -0.30268 -0.17838 
0.01260 0.01002 1.00680 0.02938 0.06317 -0.17838 
0.01065 0.01173 1.00155 0.76108 0.12415 -0.60521 
0.01187 0.00953 1.00204 0.39523 0.36805 -0.36130 
0.01041 0.00965 0.99838 1.06596 -0.18073 -0.72716 
0.00906 0.01295 0.99935 0.57816 0.12415 -0.11740 
0.01077 0.01087 1.00460 0.94401 0.36805 0.00455 
0.01126 0.00989 0.99813 0.02938 0.49000 -0.54423 
0.01346 0.01038 1.00350 -0.21453 -0.48561 -0.17838 
0.01089 0.01111 1.00448 -2.10477 -0.66853 -0.36130 
0.01321 0.01295 1.00497 -1.00721 -0.48561 -0.60521 
0.00833 0.01148 0.99874 -0.64136 0.00220 -0.36130 
0.01334 0.01221 1.00326 0.21230 0.49000 -0.23935 
0.01175 0.00977 1.00826 -1.12916 -0.72951 -0.23935 
0.01382 0.01002 1.00241 -0.64136 -0.42463 -0.42228 
0.00919 0.01173 1.00070 -0.94623 -0.72951 -0.42228 
0.00772 0.01185 1.00350 -2.10477 -1.52219 0.00455 
0.00821 0.01063 1.00033 -1.86087 -0.97341 -0.54423 
0.00919 0.01075 1.00265 -1.86087 -0.42463 -0.91008 
0.01089 0.00941 1.00118 -2.89745 -1.27829 -1.09301 
-0.14267 0.08936 0.99166 -2.28770 -2.01000 -29.87350 
-0.01096 0.02357 1.00546 -0.70233 -8.59536 -334.81253 
-0.00253 0.03028 1.00326 -1.49501 -11.09536 -411.82474 
-0.00095 0.00916 1.00424 -4.97062 -17.80268 -578.65399 
0.02139 -0.05920 1.00363 -6.98282 -26.03439 -872.49542 
0.03677 -0.08508 1.00241 -9.78770 -36.21732 -1203.53210 
0.00467 -0.00634 1.00033 -12.40965 -42.43682 -1388.47110 
-0.00339 0.04713 1.00106 -12.53160 -50.05878 -1659.32480 
-0.10190 0.00184 1.00302 -11.37306 -56.52219 -1885.48330 
0.02640 0.00904 0.99850 2.59035 -50.42463 -1709.93460 
0.05374 0.10755 0.99825 -28.26331 -53.96122 -1537.80040 
0.09244 0.18629 0.99288 -17.59258 -61.15634 -1921.82480 
0.00125 0.05591 0.99850 -20.39745 -75.60756 -2008.65410 
-0.01498 0.11219 1.00179 -20.09258 -83.90024 -2008.65410 
0.00796 0.00355 0.99008 -20.64136 -85.79049 -2008.65410 
0.05460 0.00904 1.00460 -25.03160 -74.87585 -2008.65410 
0.18973 -0.14160 1.00570 -26.49501 -70.97341 -2008.65410 
0.01858 -0.17541 1.01376 -29.72672 -74.32707 -2008.65410 
0.08780 -0.01891 0.98409 -32.95843 -83.59537 -2008.65410 
-0.11081 -0.02648 1.00045 -27.89745 -80.24171 -2008.65410 
-0.21225 -0.07958 0.99948 -23.99501 -72.74171 -2008.65410 
0.09048 0.04517 1.00607 -22.95843 -54.08317 -1602.25160 
0.00870 -0.01013 1.00021 -17.83648 -35.54658 -1010.60520 
-0.09140 0.03919 0.99777 -16.79989 -37.74171 -1145.78820 
-0.17722 0.19654 0.99301 -11.79989 -37.98561 -1255.05650 
0.05643 0.29383 0.99325 -4.17794 -27.43683 -998.71497 
0.09915 0.02357 1.00509 -3.56819 -18.10756 -632.00763 
0.07474 -0.07189 1.00863 -5.09258 -11.94902 -380.42230 
0.04910 -0.02673 1.00118 -4.60477 -7.55878 -224.56863 
0.01065 -0.00634 0.99752 -3.26331 -6.33927 -201.51985 
-0.00046 0.04822 1.00399 0.09035 -6.88805 -271.82474 
0.01993 0.03394 1.00155 0.94401 -5.85146 -253.16620 
0.01529 -0.00012 1.00399 0.57816 -3.90024 -178.59302 
0.00613 -0.01013 1.00265 0.76108 -2.25390 -100.84911 
0.00296 0.00745 1.00314 -0.15355 -0.24170 -20.66618 
0.00198 0.01807 1.00155 0.63913 0.30708 -0.54423 
0.00516 0.01734 0.99850 0.57816 -0.24170 -0.42228 
0.00247 0.01563 1.00253 1.30986 0.61195 0.06553 
0.00174 0.01905 0.99948 2.52938 1.09976 0.00455 
0.00272 0.02173 1.00326 0.21230 0.61195 -0.54423 
0.00247 0.01942 1.00582 -0.94623 -0.18073 -0.54423 
0.00394 0.01990 1.00253 0.15133 0.49000 -0.42228 
0.00381 0.02112 0.99948 -0.76331 -0.79048 0.00455 
0.00088 0.01917 1.00302 -1.37306 -0.60756 -0.05643 
0.00662 0.01990 1.00241 0.57816 0.06317 -0.11740 
0.00333 0.01697 1.00204 0.39523 -0.11975 -0.23935 
0.00076 0.01661 1.00143 0.63913 0.73391 -0.48326 
0.00211 0.01429 1.00131 1.55377 0.67293 0.43138 
0.00394 0.00086 1.00228 1.37084 0.73391 2.93138 
0.00516 0.02149 0.99948 -1.25111 2.56317 98.72407 
0.00687 0.01612 0.99960 1.12694 1.52659 25.91918 
-0.00046 0.00696 1.00350 2.46840 3.53878 68.54114 
0.00015 0.06129 1.00216 3.38303 6.22171 155.00455 
-0.00156 -0.00573 1.00277 1.67572 6.52659 192.80943 
0.00552 0.00391 0.99801 0.88303 3.47781 111.10211 
0.00125 0.03651 0.99887 -1.79989 1.64854 49.27284 
0.00125 0.01758 1.00094 0.33425 0.30708 1.46796 
0.00430 0.01942 1.00424 0.39523 0.73391 0.06553 
0.00406 0.01441 1.00033 -0.70233 -0.79048 -0.72716 
0.00394 0.01600 1.00350 0.51718 0.49000 -0.42228 
0.00247 0.01868 1.00338 -1.61697 -0.72951 0.55333 
0.00369 0.02088 1.00106 -2.16575 -0.42463 -0.36130 
0.00101 0.01649 1.00216 -3.38526 -1.46122 -0.42228 
0.00577 0.01710 1.00399 -4.11697 -1.82707 -0.30033 
0.00235 0.01868 1.00155 -0.33648 -0.30268 -0.54423 
0.00552 0.01795 0.99716 1.30986 0.49000 -0.30033 
0.00528 0.01929 1.00375 -0.64136 0.18513 -0.72716 
0.00296 0.01563 1.00204 -0.64136 -0.42463 -0.11740 
0.00320 0.01563 1.00314 -0.45843 -0.11975 -1.03204 
0.00430 0.01771 0.99996 -1.55599 -0.42463 -0.36130 
0.00247 0.02088 1.00375 -1.55599 -1.21731 -0.42228 
0.00381 0.01771 0.99740 -1.31209 -0.48561 -0.54423 
0.00357 0.01722 1.00131 0.51718 0.24610 -0.72716 
0.00626 0.01856 1.00533 0.70011 0.49000 -0.36130 
0.00247 0.01722 1.00045 -3.32428 -1.76609 0.06553 
0.00748 0.01563 1.00179 -3.14136 -0.85146 -0.66618 
0.00345 0.01893 0.99874 -1.86087 -0.72951 -0.42228 
0.00528 0.01710 1.00460 -0.82428 -0.36366 -0.48326 
0.00211 0.01649 1.00082 -2.22672 -1.15634 -0.66618 
0.00247 0.01612 0.99887 -0.70233 -0.24170 -0.66618 
0.00259 0.01734 0.99948 -1.37306 -0.79048 -0.54423 
0.00479 0.01661 1.00045 0.09035 -0.05878 -0.23935 
0.00272 0.01844 1.00143 0.02938 -0.05878 -0.54423 
0.00479 0.01710 0.99594 0.51718 0.24610 -0.30033 
0.00540 0.01893 1.00253 -0.64136 -0.05878 -0.48326 
0.00088 0.01893 1.00204 0.33425 -0.24170 -0.42228 
0.00467 0.01954 1.00216 -0.15355 0.24610 -0.91008 
0.00565 0.01673 0.99740 1.24889 0.55098 -0.84911 
0.00198 0.01881 1.00204 2.71230 0.73391 -0.48326 
0.00247 0.01893 1.00057 3.20011 1.83147 -0.60521 
0.00442 0.01771 1.00460 2.04157 1.16074 -0.17838 
0.00467 0.01527 1.00411 2.89523 1.40464 0.06553 
0.00149 0.01819 1.00302 6.91962 1.77049 -0.97106 
0.00369 0.01819 0.99923 12.59035 2.56317 -0.72716 
-0.00046 0.01942 1.00338 8.68791 1.16074 -0.17838 
0.00137 0.02112 0.99899 -0.76331 -0.48561 -0.42228 
0.00076 0.01893 1.00497 -0.39745 -0.05878 -0.36130 
0.00345 0.02003 1.00021 2.71230 0.67293 -0.54423 
0.00308 0.01966 0.99618 5.70011 1.16074 -0.30033 
0.00027 0.01819 1.00216 6.30986 1.40464 -0.17838 
0.00125 0.01990 1.00338 0.88303 0.55098 -0.30033 
0.00308 0.02454 1.00045 9.17572 1.40464 -0.30033 
0.00113 0.01966 0.99874 2.16352 0.91683 0.43138 
0.00040 0.01893 1.00131 -6.43404 -0.91244 0.06553 
-0.00192 0.02918 0.99508 -23.32428 -4.93683 -0.91008 
0.00784 0.00696 1.00802 -30.64136 -8.16853 -0.48326 
0.00284 0.01905 1.00167 -4.11697 -1.46122 -0.36130 
0.00235 0.01856 1.00216 -3.44623 -1.15634 -0.42228 
0.00027 0.01954 0.99777 -1.31209 -0.66853 -0.23935 
0.00247 0.01527 1.00131 -2.28770 -0.42463 -0.23935 
0.00491 0.01575 1.00106 -1.86087 -1.33926 -0.30033 
0.00149 0.01624 0.99972 -1.79989 -0.36366 0.06553 
0.00381 0.01685 0.99777 -0.58038 -0.48561 0.00455 
0.00345 0.01917 1.00118 -0.09258 0.00220 -0.48326 
0.00198 0.01734 1.00253 0.57816 0.42903 -0.54423 
0.00357 0.01624 1.00094 -0.58038 -0.24170 -0.17838 
0.00125 0.01612 1.00289 0.63913 0.30708 -0.17838 
0.00223 0.01819 1.00192 0.76108 0.67293 -0.60521 
0.00455 0.01356 1.00497 0.57816 -0.05878 0.49235 
0.04166 -0.11010 1.00241 -0.45843 4.27049 145.73625 
0.02335 0.10853 0.99801 3.38303 12.62415 419.45578 
-0.00754 0.00574 0.99838 4.54157 10.12415 297.19968 
0.01175 -0.00366 1.00241 4.17572 8.41683 244.63870 
0.01321 0.02637 1.00045 1.91962 8.05098 257.07773 
-0.00534 0.02759 0.99838 3.93181 8.78269 275.06552 
-0.00534 0.00904 1.00472 4.35864 9.81927 291.40698 
0.01224 0.00233 1.00179 4.84645 11.64854 331.89481 
0.02115 -0.02221 1.00082 3.80986 13.47781 428.41919 
0.00162 -0.00549 1.00265 4.90742 14.20952 452.38260 
-0.01157 0.02711 1.00118 11.30986 14.45342 395.30942 
0.00894 0.03321 1.00253 11.43182 13.96561 373.66309 
0.01944 0.02991 1.00155 9.54157 15.00220 423.05334 
0.00430 0.01136 1.00155 0.88303 18.17293 574.08997 
-0.00693 -0.02026 1.00643 -1.19014 18.11195 608.66315 
-0.00534 0.00135 1.00179 13.38303 18.35586 541.58997 
0.00137 0.01465 1.00131 4.66352 17.07537 501.77286 
0.01236 0.02613 1.00472 8.99279 17.13634 516.89484 
0.02847 0.06446 1.00118 2.22450 18.78269 615.85828 
0.03165 0.07227 1.00021 3.74889 22.19732 717.93140 
0.00784 0.02796 1.00326 6.12694 24.14854 800.37042 
-0.02255 -0.01061 1.00448 6.79767 23.41683 730.67535 
-0.00913 -0.00231 0.99996 9.60255 20.79488 617.26068 
0.01578 0.06776 0.99935 7.89523 20.85586 633.96802 
0.02139 0.07862 1.00289 6.18791 22.92903 732.01678 
0.00821 0.06361 1.00106 8.13913 26.16074 813.05334 
0.01236 0.04737 1.00179 8.20011 28.47781 904.82166 
-0.00656 0.00111 1.00241 9.29767 29.08757 934.51678 
-0.01059 -0.00500 1.00179 8.62694 27.62415 869.15094 
0.00247 -0.01708 1.00289 8.07816 25.49001 801.52899 
0.02273 -0.01318 1.00350 7.83425 24.63634 770.18750 
0.03982 -0.03613 1.00424 7.59035 26.58757 823.96802 
0.02774 0.00574 1.00143 8.44401 27.86805 875.06555 
0.01089 0.04066 1.00399 11.61474 28.72171 844.69971 
0.02664 0.02784 1.00460 11.85864 29.08757 851.28510 
0.03714 -0.00121 1.00375 9.23669 30.61196 950.30945 
0.01480 0.00281 1.00460 6.73669 34.69732 1138.54110 
0.00174 0.02833 1.00094 6.37084 35.79488 1187.68750 
0.00955 0.02344 1.00656 5.82206 32.74610 1128.96790 
-0.01059 -0.00964 1.00338 6.30986 32.13634 1083.54110 
0.01016 0.01917 0.99850 9.96840 32.01440 1023.66310 
0.00613 0.09022 0.99948 11.18791 32.07537 1007.62650 
0.04385 0.06580 1.00216 10.02938 33.05098 1046.77280 
0.02457 0.09486 0.99825 9.11474 35.97781 1195.91920 
0.05398 0.02991 1.00021 8.56596 37.92903 1270.49230 
0.04349 0.00941 1.00192 8.68791 35.97781 1208.29720 
0.02383 0.03968 0.98983 9.41962 33.66074 1128.48010 
0.00076 0.04896 0.99984 9.72450 33.90464 1090.12650 
0.01370 -0.00280 1.00814 10.94401 33.78269 1085.12650 
-0.01669 -0.01110 1.00277 10.33425 33.29488 1091.28500 
-0.02451 -0.01843 1.00143 9.29767 31.03878 1002.74850 
0.01126 -0.04308 1.00424 8.01718 26.77049 864.76068 
-0.07602 0.01844 1.00399 11.49279 19.69732 545.61432 
0.01639 -0.00036 1.00533 5.02938 12.56317 337.32162 
-0.01730 0.00977 0.99581 6.98060 12.68512 364.69968 
0.00674 0.02161 1.00070 4.60255 11.64854 346.28503 
-0.01657 -0.03491 1.00045 4.66352 10.85586 322.44357 
-0.00180 -0.01769 1.00485 3.07816 11.89244 374.33383 
-0.00229 0.00342 1.00680 3.80986 12.01439 362.26065 
0.00967 -0.02892 1.00387 3.44401 10.85586 323.96796 
0.00491 0.01075 1.00082 1.73669 9.45342 335.43140 
0.00980 -0.00048 1.00436 0.02938 10.79488 377.74844 
0.02200 -0.01428 1.00192 1.67572 11.16074 362.26065 
0.02713 0.02332 0.99887 1.98060 10.18512 347.93140 
0.01651 0.02235 0.99752 3.50499 9.57537 308.35822 
0.21023 0.06653 0.99362 -2.59258 10.67293 463.60211 
-0.01450 0.06068 0.99911 4.90742 12.99000 410.43140 
0.11172 -0.03881 1.00399 -1.49501 10.30708 425.98016 
-0.02243 0.06531 0.99630 1.79767 14.20952 514.76068 
-0.02133 0.03834 1.00485 5.57816 10.49000 331.16309 
-0.02280 0.04188 1.00131 5.09035 8.96561 225.73625 
-0.01535 0.03541 0.99935 3.26108 4.69732 124.57772 
-0.01486 0.03541 1.00363 0.63913 1.28269 63.60211 
0.00503 0.01575 1.00411 -0.33648 0.18513 8.48016 
0.01065 0.01209 1.00387 -2.34867 -1.15634 0.00455 
0.01102 0.01087 1.00045 -0.64136 -0.24170 0.06553 
0.01273 0.01050 1.00472 -0.51940 -0.48561 -0.48326 
0.01285 0.01087 0.99960 -0.94623 0.06317 -0.36130 
0.01150 0.01307 0.99948 -0.64136 -0.36366 -0.30033 
0.01163 0.01209 1.00570 0.02938 0.06317 -0.66618 
0.00845 0.01063 1.00631 0.76108 0.49000 -0.30033 
0.01077 0.00916 1.00253 0.57816 0.06317 -0.36130 
0.01114 0.01136 1.00326 0.27328 -0.11975 -0.36130 
0.01211 0.01221 1.00143 0.88303 0.18513 0.24845 
0.00992 0.00806 1.00289 0.39523 0.36805 -0.48326 
0.00906 0.01050 1.00314 -0.88526 -0.11975 -0.42228 
0.01114 0.01258 1.00302 -0.94623 -0.72951 -0.30033 
0.01224 0.01026 1.00277 0.57816 0.12415 -0.23935 
0.01004 0.00806 1.00021 -0.09258 0.67293 -0.78813 
0.01065 0.00965 1.00167 0.27328 0.18513 -0.17838 
0.00955 0.01319 1.00436 -0.03160 -0.05878 -0.54423 
0.00967 0.01063 0.99899 0.15133 0.18513 -0.78813 
0.00857 0.00977 1.00289 -0.51940 0.18513 -0.17838 
0.01309 0.00941 1.00009 -0.27550 -0.11975 -0.42228 
0.01150 0.00953 0.99960 -0.51940 -0.48561 -0.48326 
0.00943 0.00867 1.00094 -0.45843 -0.42463 -0.42228 
0.01273 0.01173 1.00411 -0.70233 -0.36366 -0.48326 
0.00992 0.01197 1.00277 -0.88526 -1.09536 -0.30033 
0.00772 0.01099 1.00045 -1.79989 -0.85146 -0.17838 
0.00894 0.01099 1.00302 -0.70233 -0.48561 -0.42228 
0.01150 0.01160 1.00070 -0.64136 -0.11975 -0.05643 
0.01077 0.00819 0.99960 -0.94623 -0.48561 -0.23935 
0.01102 0.00672 1.00009 -0.39745 -0.54658 -0.60521 
0.01053 0.00953 1.00241 -0.82428 0.06317 -0.54423 
0.01138 0.01038 1.00314 0.57816 0.91683 -0.23935 
0.01236 0.01234 1.00045 0.09035 0.12415 -0.11740 
0.01163 0.01038 1.00192 -0.09258 0.12415 -0.54423 
0.01163 0.01111 1.00204 -0.39745 0.30708 -0.23935 
0.01260 0.01063 1.00094 0.09035 -0.36366 -0.05643 
0.01334 0.01124 1.00314 -0.33648 0.00220 -0.42228 
0.01163 0.01295 1.00375 -1.31209 -0.79048 -0.42228 
0.01199 0.00867 1.00265 -1.25111 -0.05878 -0.42228 
0.01285 0.01099 0.99752 -1.43404 -0.42463 -0.48326 
0.01187 0.00965 1.00241 -1.79989 -0.79048 -0.36130 
0.01236 0.01099 1.00558 -2.22672 -1.15634 -0.17838 
0.00735 0.00965 1.00375 -1.79989 -0.36366 -0.48326 
0.01358 0.00928 1.00118 -0.94623 -0.42463 -0.23935 
0.01077 0.00928 1.00241 -0.15355 -0.36366 -0.17838 
0.01224 0.01014 1.00228 -0.51940 0.06317 -0.23935 
0.01150 0.01124 1.00704 -0.64136 0.36805 -0.30033 
0.01199 0.01124 1.00338 0.45620 -0.24170 -0.60521 
0.01138 0.01234 1.00302 0.39523 0.61195 -0.72716 
0.01224 0.01026 1.00289 0.51718 0.18513 -0.11740 
0.01114 0.01258 1.00070 -1.86087 -0.18073 -0.17838 
0.00967 0.00819 1.00411 -2.83648 -0.79048 -0.91008 
-0.04331 0.03760 1.00241 5.70011 -0.36366 -123.16618 
0.02005 0.00257 0.99740 -1.19014 -3.41244 -135.60521 
0.00906 0.01099 0.99948 -0.64136 -2.61975 -95.23935 
-0.00461 0.02076 1.00155 0.21230 -2.80268 -129.99545 
-0.00143 0.01368 1.00045 0.57816 -4.87585 -188.04424 
0.03238 -0.00097 1.00131 -0.39745 -4.57097 -169.50766 
0.00467 0.01636 1.00143 -1.00721 -4.32707 -145.84912 
0.00101 0.01954 1.00131 -1.06819 -5.18073 -184.14180 
0.00638 0.01368 1.00131 -0.45843 -5.91244 -223.53204 
0.02750 0.00208 1.00228 -0.70233 -5.66853 -204.93448 
0.00137 0.01612 1.00302 -2.34867 -5.91244 -180.23936 
-0.00266 0.01465 1.00143 -2.71453 -7.13195 -233.28815 
0.00821 0.00648 1.00167 -1.98282 -8.35146 -299.69058 
0.00784 0.00355 1.00094 -2.59258 -10.42463 -351.33691 
0.02347 0.00855 1.00057 -1.73892 -9.93683 -342.61740 
0.01065 0.02332 0.99728 -1.67794 -9.75390 -337.86133 
-0.01083 0.03919 0.99984 -3.62916 -9.20512 -296.94669 
-0.00253 0.02283 1.00021 -2.53160 -9.63195 -332.98328 
0.01370 0.01404 1.00497 -1.67794 -10.85146 -369.99545 
0.02774 -0.00524 1.00118 -3.14136 -12.07097 -421.51987 
0.02933 -0.01391 1.00216 -2.40965 -13.53439 -462.12961 
0.01541 0.02210 0.99801 -3.32428 -13.41244 -451.21497 
0.00394 0.02882 1.00375 -2.16575 -12.80268 -439.08084 
0.00626 0.00806 0.99642 -3.14136 -14.63195 -491.94669 
0.02139 -0.02282 1.00216 -4.78770 -18.29049 -594.87347 
0.02286 -0.00536 1.00277 -6.37306 -21.58317 -703.22717 
0.02762 0.02112 1.00167 -6.12916 -22.37585 -719.20276 
-0.00473 0.03358 1.00277 -6.37306 -21.64414 -703.41010 
0.00516 0.03651 1.00497 -6.00721 -20.05878 -636.58081 
0.01956 -0.01940 1.00375 -5.64136 -20.30268 -641.94666 
0.03250 -0.05578 1.00387 -7.04380 -26.27829 -846.94666 
0.02359 -0.02575 1.00533 -8.50721 -31.64414 -1021.03200 
-0.01450 0.04029 0.99862 -7.28770 -33.90024 -1128.04430 
-0.03415 0.10828 0.99679 -4.36087 -28.16853 -938.65399 
-0.02988 0.11451 1.00118 -3.08038 -17.19292 -567.43445 
-0.00595 0.04359 1.00228 -4.05599 -16.76609 -529.01984 
0.05691 0.04224 0.99996 -3.93404 -19.87585 -637.55640 
0.03836 0.01185 0.99935 -6.31209 -25.30268 -813.53204 
0.04581 -0.00073 1.00607 -5.82428 -28.35146 -891.21497 
-0.00449 0.03065 1.00460 -5.58038 -22.55878 -695.84912 
-0.00302 0.02759 0.99728 -5.94623 -18.47341 -564.14178 
0.00931 -0.00659 1.00375 -6.00721 -19.14414 -578.41010 
0.01895 0.00855 1.00582 -7.10477 -22.19292 -664.20276 
0.01651 -0.04516 1.00094 -8.62916 -27.01000 -826.94666 
0.03714 0.03541 0.99887 -7.22672 -28.59536 -866.09302 
0.02676 0.06031 0.99813 -6.67794 -28.29049 -876.33691 
-0.00668 0.01917 1.00314 -6.06819 -22.86366 -731.58081 
0.00711 -0.02978 1.00448 -7.59258 -23.35146 -731.70276 
0.00223 -0.03271 1.00338 -6.00721 -29.14414 -918.89789 
0.01858 0.03284 1.00167 -5.27550 -30.42463 -956.39789 
0.01736 0.05836 0.99679 -4.66575 -30.79049 -968.34912 
0.01602 0.02857 1.00277 -5.70233 -30.30268 -932.49542 
0.00870 0.01246 0.99838 -4.54380 -26.58317 -833.65399 
-0.01669 0.01612 1.00546 -5.39745 -28.65634 -866.03204 
-0.05466 0.01075 1.00009 -5.58038 -36.46122 -1100.84910 
-0.00852 0.05982 0.99862 -7.28770 -36.03439 -1096.88570 
0.05423 0.10389 0.99594 -12.34867 -34.08317 -1010.36130 
0.02151 0.05030 1.00009 -27.34867 -35.48561 -966.82471 
0.02884 -0.01891 1.00350 -26.37306 -36.33927 -995.84912 
-0.00583 0.00843 1.00460 -13.75111 -31.40024 -925.05640 
0.00406 0.03345 0.99728 -11.79989 -30.66853 -916.64178 
0.00211 0.04664 1.00241 -7.40965 -25.48561 -821.94666 
0.00101 0.02222 0.99972 -6.43404 -22.80268 -729.08081 
0.01810 0.01246 1.00143 -5.88526 -20.97341 -668.77594 
0.03238 0.00147 0.99899 -5.33648 -19.38805 -607.67834 
0.01419 -0.02648 1.00326 -7.59258 -16.15634 -483.28815 
-0.00827 -0.00805 1.00106 -5.27550 -15.30268 -460.36133 
0.00674 0.02735 0.99862 1.85864 -12.19292 -459.08084 
0.01297 0.04652 1.00216 5.70011 -7.49780 -294.44669 
0.01016 0.02076 1.00106 1.12694 -8.16853 -284.32474 
0.00992 -0.00549 1.00350 -1.55599 -8.04658 -253.16620 
0.00406 0.00489 1.00131 -3.26331 -6.21731 -179.20277 
0.00650 -0.00256 1.00179 -4.36087 -5.05878 -148.89790 
-0.00278 0.04310 1.00143 -3.93404 -5.42463 -161.76375 
0.00320 0.00892 1.00399 -5.70233 -8.22951 -221.27596 
0.00857 -0.00878 1.00045 -1.37306 -4.02219 -131.64180 
0.00455 0.00989 1.00216 -0.58038 -0.72951 -16.51984 
0.00394 0.02235 0.99825 -1.31209 -0.18073 -0.23935 
0.00455 0.02015 1.00314 -3.01940 -1.03439 -0.48326 
0.00198 0.01636 1.00241 -1.86087 -0.91244 -0.30033 
0.00149 0.01795 1.00485 -2.71453 -1.64414 -0.54423 
0.00723 0.01795 1.00070 -7.65355 -3.10756 -0.30033 
0.00442 0.01612 1.00021 -12.22672 -5.11975 -0.11740 
0.00394 0.01331 0.99984 -9.23892 -3.83927 -0.05643 
0.00320 0.01795 1.00155 -3.69014 -1.64414 -0.60521 
0.00064 0.01990 1.00021 -3.01940 -1.33926 -0.30033 
0.00381 0.01697 1.00167 -1.31209 -0.54658 -0.54423 
0.00308 0.01905 1.00753 3.07816 0.61195 -0.48326 
0.00638 0.00770 1.00631 0.88303 -0.11975 0.00455 
0.00394 0.01758 1.00253 -0.39745 -0.24170 0.43138 
0.00235 0.01588 1.00131 -0.58038 -0.18073 -0.78813 
0.00418 0.01661 0.99960 -0.15355 0.06317 -0.36130 
0.00296 0.01575 1.00155 -0.82428 -0.42463 -0.30033 
0.00369 0.01685 0.99911 -0.58038 0.00220 -0.30033 
0.00589 0.01844 1.00155 -1.25111 -0.60756 -0.17838 
0.00284 0.01649 0.99960 -0.51940 -0.18073 -0.91008 
0.00272 0.01612 1.00070 -0.45843 0.06317 -0.17838 
0.00381 0.01795 1.00143 0.15133 0.30708 -0.60521 
0.00223 0.01905 1.00045 -0.51940 -0.36366 -0.42228 
0.00357 0.02015 1.00155 0.15133 -0.18073 -0.42228 
0.00467 0.01600 1.00070 -0.39745 -0.05878 -0.36130 
0.00442 0.01844 1.00265 0.02938 0.12415 -0.42228 
0.00687 0.01783 1.00472 0.27328 0.42903 -0.30033 
0.00357 0.01624 1.00338 0.09035 0.24610 -0.30033 
0.00381 0.01771 1.00155 -0.09258 0.12415 -0.36130 
0.00272 0.01588 1.00094 -0.09258 0.12415 -0.42228 
0.00589 0.01453 1.00033 -0.09258 -0.36366 -0.48326 
0.00577 0.01453 0.99887 -0.88526 0.18513 -0.66618 
0.00430 0.01771 1.00363 -0.45843 0.12415 -0.42228 
0.00259 0.01649 0.99984 -0.21453 -0.42463 -0.48326 
0.00369 0.01624 1.00192 -0.64136 0.30708 -0.60521 
0.00345 0.01771 1.00192 -0.45843 -0.30268 -0.23935 
0.00357 0.01490 1.00106 -0.27550 0.30708 -0.42228 
0.00418 0.01710 1.00033 -0.51940 -0.54658 -0.36130 
0.00491 0.01465 1.00399 -0.51940 0.30708 -0.48326 
0.00394 0.01539 1.00082 -0.45843 0.00220 -0.42228 
0.00345 0.01612 1.00106 -0.15355 0.24610 -0.36130 
0.00467 0.01758 1.00277 -0.45843 0.00220 -0.23935 
0.00442 0.01917 1.00131 -0.21453 0.18513 -0.17838 
0.00259 0.01819 1.00546 -0.64136 -0.36366 -0.42228 
0.00418 0.01722 0.99923 -0.09258 -0.11975 -0.60521 
0.00088 0.01758 0.99899 0.02938 -0.05878 -0.17838 
0.00369 0.01844 0.99972 0.02938 0.18513 -0.48326 
0.00613 0.01710 1.00204 0.21230 0.67293 -0.42228 
0.00333 0.01819 1.00521 -0.03160 0.24610 -0.48326 
0.00223 0.01673 1.00326 -0.15355 0.18513 -0.72716 
0.00528 0.01575 1.00387 -0.21453 0.06317 -0.42228 
0.00442 0.01636 0.99984 0.02938 0.12415 -0.72716 
0.00528 0.01380 1.00094 -0.03160 -0.30268 -0.78813 
0.00406 0.01551 1.00216 -0.09258 0.24610 -0.42228 
0.00247 0.01417 1.00021 0.02938 0.36805 -0.36130 
0.00552 0.01881 1.00399 -0.15355 -0.24170 -0.11740 
0.00540 0.01807 1.00167 -0.51940 -0.05878 -0.17838 
0.00369 0.01600 0.99752 -0.64136 -0.60756 -0.11740 
0.00247 0.01600 0.99923 -0.45843 -0.11975 0.06553 
0.00442 0.01881 1.00570 -0.03160 -0.05878 -0.48326 
0.00357 0.01685 1.00277 -0.21453 -0.11975 -0.48326 
0.00406 0.01441 0.99862 0.15133 0.24610 -0.30033 
0.00467 0.01636 0.99801 -0.33648 -0.11975 -0.78813 
0.00369 0.01807 0.99777 -0.03160 -0.30268 -0.05643 
0.00455 0.01600 0.99642 -0.09258 0.06317 -0.48326 
0.00577 0.01929 1.00302 -0.21453 -0.05878 0.30943 
0.00650 0.01697 1.00387 -0.51940 0.00220 -0.30033 
0.00357 0.01429 1.00424 -0.15355 0.36805 0.12650 
0.00296 0.01575 0.99874 -0.64136 -0.05878 -0.17838 
0.00272 0.01453 1.00045 0.15133 -0.11975 -0.48326 
0.00333 0.01685 1.00277 -0.70233 0.18513 -0.36130 
0.00540 0.02076 1.00009 -0.21453 0.12415 0.12650 
0.00430 0.01868 1.00314 0.02938 -0.11975 -0.54423 
0.00272 0.01807 1.00472 -0.09258 0.24610 -0.36130 
0.00552 0.01832 1.00277 -0.39745 0.18513 -0.42228 
0.00345 0.01905 1.00131 -0.51940 -0.05878 -0.42228 
0.00211 0.01758 1.00289 -0.21453 0.06317 -0.36130 
0.00601 0.01868 1.00704 -0.51940 0.24610 -0.54423 
0.00308 0.01807 0.99838 -0.51940 0.24610 -0.36130 
0.00503 0.01429 1.00338 -0.33648 0.06317 -0.11740 
0.00040 0.01380 1.00302 -0.33648 0.12415 -0.60521 
0.00076 0.01612 1.00228 -0.58038 -0.24170 -0.66618 
0.00064 0.01527 0.99899 -0.09258 -0.24170 -0.30033 
0.00272 0.01673 0.99874 -0.39745 -0.24170 -0.17838 
0.00552 0.01734 0.99459 0.09035 0.12415 -0.36130 
0.00613 0.01954 0.99899 -0.39745 -0.48561 -0.60521 
0.00381 0.01758 0.99935 -0.64136 0.12415 -0.54423 
0.00674 0.01856 1.00057 -0.21453 -0.11975 -0.30033 
0.00601 0.01673 1.00070 -0.39745 -0.05878 -0.54423 
0.00369 0.01893 1.00179 -0.15355 0.30708 -0.23935 
0.00284 0.01588 0.99862 -0.15355 0.00220 -0.72716 
0.00394 0.02003 1.00253 -0.39745 -0.30268 -0.91008 
0.00418 0.01697 0.99972 -0.15355 -0.24170 -0.66618 
0.00211 0.01697 0.99874 -0.33648 -0.36366 -0.11740 
0.00125 0.01490 1.00497 -0.21453 0.18513 -0.54423 
0.00626 0.01661 0.99996 -0.51940 -0.05878 -0.36130 
0.00235 0.01575 1.00009 0.21230 0.00220 -0.30033 
0.00394 0.01514 1.00118 0.02938 -0.30268 -0.17838 
0.00137 0.01392 1.00021 -0.33648 0.18513 -0.72716 
0.00272 0.01551 1.00448 -0.09258 -0.11975 -0.78813 
0.00272 0.01368 1.00179 -0.15355 -0.72951 -0.42228 
0.00284 0.01673 1.00350 -0.09258 0.00220 -0.36130 
0.00455 0.01636 1.00045 0.02938 0.06317 -0.36130 
0.00162 0.01673 1.00204 -0.21453 0.18513 -0