-0.00925 0.02112 1.01864 -30.64136 -12.98561 -0.54423 
-0.02036 0.01173 1.00167 -33.93404 -16.21731 -0.05643 
-0.03903 0.00074 0.98287 -36.61697 -18.47341 -13.22716 
-0.03598 0.00831 0.96127 -28.50721 -18.16853 -38.28814 
-0.01096 0.02064 0.98007 -19.29989 -10.48561 -40.78814 
-0.02390 0.02198 0.97640 -7.53160 -0.85146 -26.64179 
-0.01047 0.03284 1.01339 1.24889 7.44122 -47.49545 
0.04410 0.04346 1.04489 17.46840 19.14854 -56.03204 
0.03751 0.05360 1.02621 -37.53160 23.59976 -11.82472 
0.01492 0.01404 0.99264 -65.15355 16.83147 10.79723 
-0.00864 0.00928 1.01046 -45.70234 10.00220 22.13869 
-0.02158 -0.00512 0.99203 -29.05599 5.12415 8.72406 
-0.02646 -0.00097 0.99435 -23.20233 6.28269 3.29723 
-0.01584 0.00281 1.00167 -27.47063 15.85586 0.61431 
-0.02011 0.01881 1.01254 -20.39745 19.45342 2.13870 
-0.02622 0.03406 1.00961 -8.69014 20.00220 -5.84911 
-0.02438 0.02418 1.00216 0.15133 13.35586 -3.83691 
-0.01242 0.02344 1.00949 -1.92184 8.47781 0.49235 
0.01382 0.01819 1.01583 -32.47063 5.36805 -6.76374 
0.02042 0.00648 1.01132 -49.36087 -7.43683 1.71187 
0.00894 -0.00659 0.99337 -78.99502 -20.79049 18.78504 
-0.00192 -0.03576 0.98898 -78.69014 -22.25390 36.95577 
-0.01315 -0.03039 1.00912 -49.23892 -11.09536 38.41918 
-0.02817 -0.02209 1.01974 -36.00721 14.27049 20.85821 
-0.01828 -0.00866 0.98727 -0.88526 9.14854 2.19967 
-0.03293 0.00611 0.98898 -5.27550 2.62415 12.26065 
-0.02927 0.01014 0.98617 19.72450 -4.57097 14.57772 
-0.02487 0.02088 0.97225 22.04157 -12.80268 6.28504 
-0.02060 0.02222 0.97750 18.93182 -8.04658 8.41918 
-0.01010 0.01514 0.98629 9.11474 -6.03439 7.01674 
0.00223 -0.00805 1.00546 6.85864 -12.43683 21.46796 
-0.00205 -0.00964 1.00424 0.33425 -16.33927 23.96796 
-0.00876 -0.01000 0.99899 2.95620 -18.29049 15.30943 
-0.01437 0.00184 1.01913 11.30986 -18.90024 18.23626 
-0.01682 0.00599 1.03402 -16.67794 -33.41244 16.65089 
-0.01425 0.00501 1.02047 -37.65355 -40.36366 18.17528 
-0.00559 -0.00451 0.98837 -42.77551 -42.68073 14.45577 
-0.00961 -0.01403 0.98763 -24.11697 -48.04658 10.85821 
-0.01340 -0.00182 0.98239 -15.15355 -55.60756 6.34601 
-0.00925 -0.01379 0.97555 -8.81209 -50.18073 5.49235 
-0.00168 -0.01208 0.99496 9.41962 -15.48561 15.55333 
-0.00510 -0.01806 1.00656 11.98060 16.16074 11.46796 
-0.01303 -0.01721 1.01925 17.89523 34.81927 -8.47106 
-0.01645 -0.00842 1.00985 21.61474 28.90464 -17.37350 
0.01077 -0.03820 0.99972 22.83426 19.20951 -27.67838 
0.01297 0.05897 0.97152 77.34645 44.02659 -23.65399 
0.00662 0.03614 0.98934 -92.65356 27.31927 -35.05643 
0.03494 0.00367 1.05441 -117.89746 -2.86366 -12.67838 
0.00223 -0.00683 1.07272 -78.50721 30.79488 14.57772 
-0.03110 -0.04614 0.97665 4.60255 68.29488 17.87040 
-0.04855 -0.01013 0.96188 17.22450 43.05098 13.11431 
-0.02329 -0.05200 0.93710 25.45621 -28.41244 2.19967 
-0.01840 -0.01806 0.97933 57.77328 -65.11976 17.80943 
-0.00668 0.00049 1.02987 20.21230 -37.55878 8.72406 
-0.00388 0.00269 1.03634 -7.71453 -15.85146 -10.91009 
0.01150 -0.00146 1.01156 -17.89745 -31.09536 -20.17838 
0.01846 -0.00048 0.98226 -13.69014 -61.64414 1.16309 
0.03348 -0.00109 0.97592 5.39523 -85.97341 37.19967 
0.00748 0.00965 1.01461 12.04157 -67.61976 47.44357 
-0.00009 -0.00390 1.02572 -16.55599 -23.65634 35.30943 
-0.00705 -0.02709 1.02523 -24.90965 -1.27829 36.22406 
0.00357 -0.01244 1.01473 -10.76331 7.25830 13.11431 
0.01297 -0.01293 0.99386 -8.93404 2.19732 2.50455 
-0.01169 -0.01074 0.99691 -16.49501 -5.24170 11.16309 
-0.00827 -0.00890 1.00558 -20.09258 4.27049 2.19967 
0.00064 -0.01501 1.00949 -20.58038 18.59976 -21.58082 
0.00186 -0.01232 0.99972 -58.62916 34.69732 -24.75155 
0.01248 -0.01623 0.99398 -61.86087 27.01440 -13.47106 
-0.00559 -0.00219 0.97592 -50.70234 -29.81488 8.17528 
0.00442 0.00135 0.98178 -100.45844 -66.52219 28.72406 
-0.01437 -0.03173 1.01217 -152.16576 -65.66853 29.15089 
0.00235 -0.05578 1.01803 -118.81209 -31.82707 8.29723 
0.01480 -0.03564 1.00363 -78.08038 3.17293 -19.81252 
0.01651 -0.02282 0.99728 -90.58038 -12.07097 -1.94667 
0.02908 -0.03967 1.02230 -69.60477 -31.94902 13.17528 
0.03299 -0.04431 1.01254 -24.78770 -7.49780 17.01675 
0.01089 -0.05431 0.99435 38.87084 26.09976 18.90699 
-0.00717 -0.03405 0.99276 71.61474 41.83147 6.52894 
0.01150 -0.04614 0.99655 65.63913 64.75830 -18.83691 
0.00833 -0.01281 0.99618 23.93182 49.63634 -9.56862 
0.01785 -0.01830 1.00265 -11.12916 28.11196 -3.53204 
-0.00034 -0.03661 0.98983 -12.53160 3.17293 7.74845 
-0.00046 -0.04675 0.99044 -9.05599 -12.98561 -0.42228 
-0.01523 -0.06310 0.97311 80.88303 3.59976 -10.91009 
-0.00571 -0.06579 0.96176 224.60255 17.56318 -27.00765 
-0.01267 -0.04199 1.02609 425.57819 52.38025 -56.94667 
0.01773 0.00233 1.02706 490.45624 87.19733 -53.53204 
0.02225 0.04627 1.02023 593.93182 79.63634 -42.49545 
-0.03378 0.04749 0.99777 659.29767 50.97781 -32.37350 
-0.03879 0.06080 0.99105 952.59033 21.28269 -44.99545 
-0.01596 0.14014 1.01400 1212.28550 1.64854 -46.03204 
0.00076 0.21729 1.01400 1335.51720 -21.64414 -6.88569 
0.00418 0.23719 1.01974 1463.93190 -14.32707 50.85821 
-0.02255 0.34717 0.96664 1791.30990 -48.41244 95.00455 
0.00418 0.41541 0.89999 1973.26110 -51.33926 155.91919 
0.01419 0.41346 0.80660 1990.88310 -69.02219 192.38260 
-0.01560 0.42701 0.81722 -1998.08040 -38.71732 114.51675 
-0.03647 0.52149 0.79611 -1998.08040 -9.26609 15.85821 
0.03885 0.65211 0.73348 -1998.08040 -0.91244 -28.16618 
0.03226 0.66468 0.66036 -1998.08040 -9.08317 16.22406 
0.04044 0.70533 0.56234 1931.06600 1.64854 -1.15399 
-0.03293 0.69605 0.53964 1874.23670 11.95342 -62.06862 
-0.00168 0.76673 0.56625 1924.17580 -19.14414 -187.31253 
0.00540 0.89112 0.47225 1696.37080 -16.21731 -258.65399 
-0.03195 0.94202 0.40878 1494.84640 15.49000 -265.72717 
-0.01059 1.02918 0.31918 1325.70010 -7.25390 -159.20277 
0.02090 1.02589 0.28720 1131.37080 -61.94902 -17.31252 
-0.05100 0.88868 0.20297 1079.05380 -92.68073 81.34602 
-0.00888 0.89442 0.16879 1262.10250 -34.14414 -19.14179 
0.00259 1.03382 0.16281 1018.13920 -4.20512 -70.91009 
-0.03159 1.05018 0.07418 708.74890 -4.69292 -35.42228 
-0.00852 0.99549 0.04586 691.91962 -0.36366 -18.34911 
0.00284 0.98267 -0.00480 666.06598 36.22171 -25.91009 
0.00650 1.01893 -0.00919 551.79767 95.73391 0.37040 
-0.03952 0.95350 0.01144 320.21231 131.03877 51.95577 
-0.02329 0.97291 0.00802 322.71231 83.96561 10.55333 
-0.02548 1.01307 0.00668 367.89526 5.42903 17.19967 
-0.01852 1.01807 -0.03470 318.93182 -16.82707 60.00455 
-0.00375 1.00037 -0.07071 276.37085 -20.91244 72.44358 
-0.02536 0.99244 -0.04508 203.44402 -8.04658 63.11431 
-0.03159 0.98731 -0.01798 141.37083 3.17293 47.80943 
-0.04306 0.97425 -0.02006 182.34645 -10.66853 32.62650 
-0.03647 0.98450 -0.03641 195.21231 -10.85146 23.29723 
-0.02817 0.99122 -0.06205 154.60255 -17.13195 18.41919 
-0.01596 0.99317 -0.09611 85.27328 -49.32707 25.79723 
-0.00778 0.98011 -0.08500 61.55376 -47.68073 32.38260 
-0.02353 0.95386 -0.05582 76.43182 -15.36366 40.67528 
-0.03635 0.96509 -0.04142 13.50498 15.61195 20.24845 
-0.02988 0.98109 -0.05778 -62.59258 1.95342 -10.91009 
-0.00778 1.01905 -0.09464 -76.55599 -22.68073 -32.49545 
-0.00656 0.99415 -0.08085 -31.73892 -35.66853 7.01674 
-0.01657 0.95740 -0.04654 7.52938 -14.87585 33.96796 
-0.02170 0.94068 -0.04349 6.67572 7.44122 10.00455 
-0.01108 0.96534 -0.07609 -27.95843 8.66074 -14.99545 
-0.00668 1.00709 -0.09598 -70.51941 3.41683 -29.08082 
-0.01340 1.00831 -0.06363 -51.00721 -2.74170 -9.99545 
-0.02634 0.97486 -0.03861 14.29767 -15.24170 10.37040 
-0.01657 0.96277 -0.06376 31.30986 -18.53439 9.94357 
-0.01083 0.97864 -0.09318 -14.97062 -6.70512 -14.26374 
-0.00974 0.99757 -0.09134 -39.72672 0.42903 -10.97106 
-0.00705 0.97938 -0.05399 -23.14136 1.95342 11.95577 
-0.03268 0.95923 -0.02701 -14.05599 -4.02219 22.07772 
-0.02316 0.95142 -0.04838 -27.77550 -23.90024 7.87040 
-0.00876 0.99061 -0.07352 -33.87307 -23.59536 -16.51984 
-0.00693 0.99647 -0.07682 1.18791 -12.61975 4.08992 
-0.01059 0.97205 -0.04557 32.71230 4.08756 23.11430 
-0.02548 0.97034 -0.05057 46.98059 -0.72951 16.28504 
-0.00546 0.98707 -0.07352 -10.27550 -15.97341 10.61431 
-0.01022 0.98243 -0.08097 -53.14136 -7.37585 9.27284 
-0.00131 0.97047 -0.05277 -22.83648 -2.07097 9.27284 
-0.00314 0.98328 -0.05912 52.52938 2.86805 3.41918 
-0.01206 0.97816 -0.06827 34.66352 7.80708 11.10211 
-0.01621 0.98707 -0.06376 -30.39745 25.79488 9.21187 
-0.01791 0.98829 -0.05961 -42.10477 11.03878 1.40699 
-0.01267 0.97181 -0.04435 -14.78770 -11.15634 -1.21496 
-0.00400 0.97315 -0.05277 24.90742 -13.10756 5.91918 
-0.00949 0.97474 -0.06339 45.39523 -4.51000 4.21187 
-0.00974 0.98487 -0.06864 17.77328 0.49000 11.52894 
-0.00729 0.97303 -0.06925 14.05377 -0.97341 15.49235 
-0.01633 0.96741 -0.06144 -6.19014 -4.63195 11.95577 
-0.01328 0.98524 -0.05424 -14.66575 -8.96122 1.34601 
-0.00375 0.99317 -0.07194 -6.37306 -10.05878 0.30943 
0.00467 0.98145 -0.07023 14.11474 -9.63195 9.57772 
0.00320 0.97047 -0.07279 25.63913 -6.76609 15.06553 
-0.00925 0.97364 -0.06009 19.48059 2.62415 15.85821 
-0.00729 0.96693 -0.06266 -12.53160 11.95342 14.27284 
-0.01059 0.98060 -0.06595 -35.51941 10.55098 -1.03204 
-0.00278 1.00220 -0.06547 -18.38526 -9.38805 -7.06862 
-0.00363 0.98340 -0.06095 30.21230 -14.14414 10.55333 
-0.00827 0.96534 -0.05997 35.57816 -3.96122 12.87040 
-0.00107 0.97132 -0.05912 26.00499 -7.61975 4.27284 
-0.00510 0.98072 -0.07120 20.76108 -12.31487 2.32162 
-0.00827 0.98499 -0.06791 4.60255 -2.07097 -6.09301 
-0.01132 0.98939 -0.07047 3.74889 -2.19292 -8.41009 
-0.01218 0.97462 -0.06962 9.41962 -8.65634 2.50455 
-0.00644 0.96912 -0.06901 16.79767 -12.86366 9.15089 
-0.00668 0.97401 -0.06986 13.38303 -18.04658 6.04113 
0.00272 0.98963 -0.08133 -5.64136 -6.52219 -1.70277 
0.00040 0.98914 -0.07242 -28.69014 12.68512 -1.76374 
-0.00485 0.97755 -0.04654 -7.28770 10.73390 -4.01984 
-0.00070 0.96607 -0.06254 7.28547 -13.83927 -3.77594 
0.00259 0.97535 -0.07804 -0.39745 -20.91244 -7.98326 
0.00430 0.99586 -0.07657 -16.43404 -5.42463 -12.19057 
-0.00656 0.99268 -0.07352 -19.60477 10.12415 -2.43447 
-0.01230 0.96863 -0.05765 -19.17794 -0.54658 3.23626 
-0.01047 0.96009 -0.05204 -20.45843 -4.32707 -1.03204 
-0.00510 0.98756 -0.07621 -7.53160 -17.92463 -13.89789 
-0.00424 0.98511 -0.07535 3.68791 -6.94902 5.61430 
-0.00815 0.97462 -0.05680 13.44401 0.85586 8.66309 
-0.01584 0.98060 -0.05167 1.85864 -4.57097 0.98016 
-0.00803 0.98817 -0.06669 -6.61697 -12.25390 -3.47106 
-0.00803 0.97950 -0.07364 -10.51941 -15.18073 0.12650 
-0.00815 0.97559 -0.05155 8.99279 0.24610 -2.61740 
0.00027 0.97889 -0.05228 18.68791 5.61195 -11.39789 
-0.00485 0.97791 -0.06278 19.90742 2.44122 -10.11740 
-0.00705 0.97864 -0.08414 -7.10477 -3.71731 -0.54423 
-0.01071 0.97938 -0.07059 -10.27550 10.61195 -6.15399 
-0.00375 1.00355 -0.07474 -56.55599 11.89244 -7.49545 
0.00711 1.00440 -0.07413 -120.27551 16.34366 2.26065 
0.01846 0.98658 -0.04740 -284.78769 39.51440 33.11430 
0.02457 0.99659 -0.04520 -582.59259 68.90464 48.96796 
0.00223 0.98694 -0.06132 -1111.12920 96.83147 78.54114 
0.02432 0.99903 -0.03141 -1511.67800 142.07536 55.06553 
0.03152 1.05518 0.18466 -1998.01940 201.83147 63.05333 
0.02713 1.00880 0.25143 -1998.01940 249.45343 137.74844 
-0.02145 0.92066 0.30270 -1998.01940 188.23390 110.30943 
-0.01547 0.83485 0.42245 -1897.65360 87.31927 109.21187 
0.02115 0.78773 0.51290 -1729.17800 69.75830 101.77285 
-0.01242 0.72413 0.60543 -1958.08040 129.14853 11.52894 
0.01273 0.73585 0.64425 -1998.01940 178.78268 -144.69058 
-0.00070 0.76563 0.67501 -1998.01940 190.49001 -236.51985 
-0.00217 0.75184 0.76412 -1998.01940 193.53879 -167.92229 
-0.04501 0.63880 0.82186 -1998.01940 141.22171 -55.17838 
-0.07382 0.53809 0.89047 -1998.01940 92.80708 12.50455 
-0.07602 0.30335 0.96493 -1998.01940 39.63634 21.46796 
-0.03439 0.19520 0.98666 -1998.01940 -4.57097 -51.33692 
-0.02414 0.12305 0.98861 -1998.01940 -68.41244 -48.65399 
-0.02304 -0.07299 0.93698 -1834.90970 -201.46123 -13.34911 
0.02969 -0.06408 0.96408 -1523.32430 -229.99782 -16.09301 
0.03592 -0.10925 0.90048 -1152.53160 -209.57098 33.54113 
0.01041 -0.21984 0.89291 -564.05603 -205.85147 67.50455 
0.00760 -0.21301 0.98409 -145.15355 -150.42464 48.41918 
0.00992 -0.20141 0.96359 56.85864 -94.44902 0.85821 
0.03738 -0.15307 0.98763 179.05377 28.35586 -30.72716 
0.01700 -0.14367 0.94662 196.12694 82.01440 -50.17838 
0.03726 -0.12414 0.95333 329.11478 85.36806 -52.12960 
0.01761 -0.14025 0.97897 406.67575 61.22171 -20.42228 
-0.00119 -0.15270 0.99899 461.12695 29.14854 6.28504 
0.00613 -0.08923 1.00277 491.61478 25.85586 3.66308 
0.01443 -0.00231 1.03414 215.09036 46.52659 -14.69057 
0.01993 -0.02441 1.02267 58.62694 58.41683 -27.92228 
0.02481 -0.03906 0.98153 165.82207 54.33147 -42.55643 
0.02115 -0.02563 1.02633 113.56596 43.23391 -20.91009 
-0.00937 -0.03832 1.01168 -34.17794 29.27049 11.71187 
-0.00131 -0.05688 1.00570 -56.86087 -0.11975 14.02894 
-0.00070 -0.06689 0.99069 15.02938 -7.25390 0.98016 
-0.00400 -0.06628 1.00265 40.27328 1.09976 -5.30033 
-0.00302 -0.04992 1.00936 9.72450 10.55098 -11.51984 
0.00223 -0.05102 1.00509 21.67572 28.59976 -13.83691 
0.00967 -0.04553 1.00021 29.48059 25.55098 -14.93447 
0.00223 -0.05236 1.00241 10.33425 -8.22951 3.11431 
-0.00607 -0.06396 1.00363 -16.61697 -32.01000 10.06552 
-0.00986 -0.05431 1.00179 -23.93404 -25.42463 2.38260 
-0.00143 -0.05261 1.00326 -18.20233 -23.71732 -9.99545 
-0.00095 -0.06030 0.99252 12.52938 -8.59536 -14.87350 
-0.00192 -0.05407 0.99728 -8.69014 -1.52219 -19.99545 
0.00503 -0.04748 0.98446 -27.71453 -4.32707 -15.42228 
0.00833 -0.05444 0.98678 -21.67794 -17.37585 -12.00765 
0.00052 -0.07299 0.99117 -12.71453 -26.09536 -8.10521 
0.00149 -0.07324 0.99850 11.12694 -30.79049 -15.54423 
-0.00168 -0.06225 1.00582 50.27328 -40.48561 -19.99545 
0.00540 -0.05358 1.00863 67.77328 -54.93682 -13.34911 
0.02066 -0.04431 1.00155 33.07816 -59.32707 -4.87350 
0.02713 -0.04260 0.98971 13.74889 -57.31488 1.71187 
0.02420 -0.04260 0.98397 0.45620 -56.09536 -0.54423 
0.02933 -0.05322 0.99923 -8.50721 -42.68073 -0.97106 
0.01895 -0.06469 1.00753 36.61474 -27.43683 -15.78813 
0.01187 -0.05114 1.00912 59.17572 -11.88805 -18.16618 
0.02505 -0.02807 1.02145 47.28547 -6.46122 -15.42228 
0.03213 -0.02783 1.02426 18.50499 -7.80268 -4.87350 
0.02371 -0.04614 1.00668 0.82206 -18.96122 3.90699 
0.03238 -0.04003 0.99825 -1.00721 -25.79049 3.78504 
0.03055 -0.03784 0.99838 11.73669 -23.65634 4.82162 
0.02505 -0.04369 1.00204 29.66352 -6.21731 3.90699 
0.02298 -0.05041 0.99728 45.57816 12.38025 0.55333 
0.01932 -0.05297 1.00204 57.46840 13.35586 -0.23935 
0.02371 -0.04223 0.99117 52.46840 -3.29048 -0.05643 
0.02566 -0.02673 0.99252 36.79767 -31.46122 -2.67838 
0.03091 -0.01623 1.00143 -7.59258 -33.65634 -1.51984 
0.02652 -0.03088 0.98800 -17.83648 -12.74170 -2.86130 
0.02811 -0.04223 1.00411 18.07816 11.52659 -14.14179 
0.02042 -0.04235 1.00595 40.45620 28.72171 -10.66618 
0.01749 -0.03820 1.02731 43.68791 20.55098 -4.14179 
0.01858 -0.03161 1.01669 13.74889 -2.49780 -1.64179 
0.02542 -0.02575 0.99606 -0.27550 -24.81488 -1.64179 
0.02969 -0.02160 0.97775 -3.87306 -24.57097 -8.65399 
0.02298 -0.02368 0.98287 -28.38526 -16.03439 -3.53204 
0.02103 -0.04467 1.00338 8.26108 11.77049 -7.67838 
0.01236 -0.03942 1.00533 42.22450 29.20952 -13.89789 
0.02518 -0.02966 1.01242 45.33426 20.67293 -9.01984 
0.02689 -0.02526 1.00692 30.57816 1.89244 0.18748 
0.02896 -0.02746 0.99935 11.98060 -21.58317 2.56553 
0.03311 -0.03039 1.00021 -12.89745 -30.91244 -0.05643 
0.02737 -0.03368 1.00460 -8.87306 -13.59536 -3.28813 
0.02591 -0.03149 1.01058 -14.23892 12.50220 -7.00765 
0.02603 -0.03027 1.01095 6.85864 22.50220 -8.41009 
0.02579 -0.02380 1.00717 23.87084 19.20951 -10.11740 
0.02469 -0.02368 0.99240 32.40742 8.17293 -8.59301 
0.02920 -0.02221 0.97482 23.20011 -6.76609 -4.81252 
0.03665 -0.01769 0.97946 19.72450 5.18513 -0.84911 
0.03250 -0.01940 0.97177 23.93182 30.91684 0.18748 
0.03140 -0.02685 0.98251 39.54157 49.88025 -8.83691 
0.02420 -0.02392 1.00643 64.60255 55.42903 -12.00765 
0.00626 -0.02734 1.03048 89.29767 52.01440 -16.39789 
0.00088 -0.02624 1.04354 132.83426 42.13634 -23.16618 
0.00772 -0.00781 1.03829 142.59035 37.62415 -22.19057 
0.01688 -0.00012 1.01974 122.40742 35.73391 -22.37350 
0.01834 0.01636 1.00094 94.48060 32.92903 -20.66618 
0.01187 0.00562 0.98825 99.54157 37.56318 -24.81252 
0.01004 0.00306 0.98153 138.74889 52.19732 -33.34911 
0.00565 0.01429 0.99203 215.82207 65.36806 -42.92228 
-0.00583 0.01758 1.00216 229.48061 64.45342 -40.84911 
0.00088 0.02479 1.01022 260.63916 51.52659 -19.81252 
-0.01035 0.02711 0.99667 307.28549 35.91684 -11.39789 
-0.00351 0.06141 1.01144 341.79770 22.44122 -26.88570 
-0.00290 0.06727 1.00289 335.51721 36.95342 -32.25155 
-0.00852 0.07581 0.98727 363.44403 32.68513 -36.03204 
-0.00082 0.09315 1.00704 431.61478 18.41683 -32.43447 
0.00027 0.13148 1.00607 470.45624 17.56318 -33.04423 
-0.00058 0.12867 0.99533 459.72452 20.79488 -15.66618 
0.00015 0.15137 0.99374 493.20013 20.85586 5.91918 
-0.00693 0.17811 0.98275 496.79770 21.40464 15.43138 
-0.00852 0.19813 0.97201 444.84647 14.81927 -1.15399 
-0.00400 0.20631 0.96127 412.40744 12.07537 -9.20277 
-0.00205 0.20399 0.95944 437.10257 10.00220 -18.89789 
0.00418 0.23743 0.96371 441.98062 7.19732 -8.71496 
-0.00253 0.25843 0.96261 440.02939 18.11195 0.73626 
-0.01035 0.27820 0.94735 441.00500 22.07537 13.11431 
-0.00742 0.29615 0.94406 470.39526 22.56318 4.33382 
-0.00974 0.31422 0.94100 545.33423 16.83147 -10.84911 
-0.02121 0.30530 0.93441 577.22449 10.42903 -7.12960 
-0.01389 0.32215 0.90463 603.87085 4.39244 7.38260 
-0.01621 0.33826 0.90731 621.49280 17.74610 -3.83691 
-0.01059 0.37842 0.89865 659.66351 30.18513 -25.30033 
-0.03476 0.42664 0.83126 673.20013 57.44122 -21.33691 
-0.00510 0.45411 0.80331 638.99280 91.34367 -21.45887 
-0.01877 0.44691 0.87399 576.67572 123.53878 -33.16618 
-0.03525 0.43702 0.88436 586.37085 80.61195 -43.22716 
-0.03378 0.46204 0.85971 552.59033 70.49001 -48.65399 
-0.02951 0.51490 0.80453 474.17575 107.31927 -49.56862 
-0.02011 0.52601 0.78707 630.57813 146.77049 -49.14180 
-0.07150 0.58423 0.82015 712.95618 131.16074 -47.19057 
-0.05014 0.61378 0.87826 688.32208 75.73391 -29.81252 
-0.06882 0.61805 0.84371 538.56598 -11.27829 -21.58082 
-0.05209 0.63416 0.78744 466.24890 -49.69292 -11.82472 
-0.04880 0.63660 0.73202 455.02939 -31.21732 6.46796 
-0.05258 0.63611 0.75729 507.34647 -21.21732 6.77284 
-0.06430 0.65845 0.77157 542.28546 -44.08317 21.71186 
-0.05124 0.66639 0.76766 505.94403 -60.60756 25.12650 
-0.04269 0.68421 0.73727 387.77332 -61.88805 10.24845 
-0.03391 0.70142 0.68136 304.11478 -49.44902 17.99236 
-0.03085 0.71168 0.65804 341.73672 -10.48561 41.10211 
-0.04831 0.68445 0.66879 436.49283 11.03878 48.90699 
-0.05270 0.69630 0.67672 569.23669 -2.80268 27.38260 
-0.04208 0.73572 0.67147 577.28546 -31.52219 12.50455 
-0.03598 0.77149 0.63961 520.02936 -47.86366 17.07772 
-0.04233 0.76734 0.60128 473.93185 -44.02219 25.91918 
-0.03574 0.78541 0.59518 547.22449 -36.40024 16.95577 
-0.03549 0.80616 0.59176 601.12695 -24.57097 19.08992 
-0.00827 0.81422 0.57870 591.73669 -40.66853 40.18748 
-0.02817 0.82435 0.56796 681.30988 -66.88805 76.10211 
-0.02084 0.83240 0.52328 708.13916 -80.60756 87.56553 
-0.00546 0.83582 0.50546 601.06598 -67.07098 71.58992 
-0.00192 0.86280 0.48239 480.39526 -35.05878 68.17529 
-0.02927 0.85633 0.46224 503.38306 -37.01000 75.49236 
-0.02622 0.86133 0.45724 626.06598 -45.91244 78.66309 
-0.00644 0.86439 0.45114 618.68793 -55.85146 57.38260 
-0.00974 0.88709 0.43453 499.84647 -68.65634 33.54113 
0.00247 0.91651 0.38925 451.37085 -56.46122 38.48016 
-0.00998 0.91163 0.37484 603.20013 -64.51000 62.56553 
-0.01181 0.90040 0.37289 768.38306 -70.72952 69.33382 
0.02640 0.91004 0.31735 647.10254 -85.60756 55.49235 
0.02017 0.91712 0.30075 479.84647 -69.14414 31.46796 
0.03567 0.93104 0.28158 485.39526 -57.86366 -1.09301 
0.01028 0.97303 0.27120 596.85864 -77.31487 8.90699 
0.01773 0.93543 0.22604 541.79767 -64.63195 58.17528 
0.01627 0.92115 0.21322 415.21234 -45.66853 57.26065 
0.01932 0.94678 0.22616 425.76111 -59.99780 21.22406 
0.01248 0.96680 0.20248 486.12695 -76.52219 17.19967 
0.02591 0.97205 0.20297 440.88306 -75.60756 53.84601 
0.01651 0.94300 0.18234 455.63916 -54.08317 74.51675 
0.01370 0.93897 0.16134 436.00500 -56.27829 52.38260 
0.03336 0.98987 0.12997 427.95624 -86.88805 28.17528 
0.01895 0.99219 0.10861 447.71234 -101.70512 36.65089 
0.02603 0.99073 0.10824 504.90744 -99.14414 37.38260 
0.02371 0.97559 0.09432 556.79767 -99.32707 40.98016 
0.02261 0.98511 0.03915 523.99280 -99.50999 30.43138 
0.02005 0.98072 0.00363 442.59036 -87.55878 33.96796 
0.02750 0.96900 -0.01529 354.29770 -86.40025 -0.05643 
0.04422 0.95887 0.01071 351.79770 -89.02219 -30.23935 
0.04275 0.98463 -0.04545 242.10255 -49.38805 -7.19057 
0.04556 0.99354 -0.05314 123.01718 -9.26609 9.69967 
0.02444 0.98609 -0.02018 33.38303 -2.43683 15.98016 
0.02872 0.97938 -0.00590 52.46840 -14.81487 -11.88569 
0.03030 0.98902 0.00289 185.70010 3.53878 -15.36131 
0.03470 0.99048 -0.00077 163.68791 18.47781 -4.01984 
0.02212 0.98475 -0.04618 105.27328 20.73391 -10.42228 
0.03226 0.96583 -0.02677 182.77328 -9.14414 -19.08082 
0.03177 0.98389 -0.01468 192.10255 20.61195 -8.47106 
0.02457 0.98597 -0.03934 147.89523 50.24610 4.51674 
0.01565 0.97437 -0.07889 98.99279 31.52659 -4.56862 
0.03433 0.98218 -0.08768 103.93182 -23.83927 -10.23935 
0.02591 0.96741 -0.05582 158.56596 -29.32707 7.38260 
0.02859 0.97120 -0.04581 187.89523 5.73391 25.85821 
0.01712 0.96827 -0.07926 112.95621 23.59976 25.55333 
0.02542 0.97217 -0.10953 -1.31209 -0.54658 -17.06862 
0.03763 0.97254 -0.09940 9.90742 -33.59536 -31.33691 
0.03897 0.98914 -0.07767 29.96840 -31.46122 -12.80033 
0.03018 0.98585 -0.07560 13.13913 -9.57097 1.58992 
0.02884 0.98267 -0.08451 -16.61697 4.69732 2.80943 
0.03470 0.96656 -0.08695 -11.92184 -7.74170 -6.09301 
0.03970 0.97950 -0.10734 -37.65355 -16.64414 -8.22716 
0.03250 0.98926 -0.06315 -0.21453 -10.66853 4.39479 
0.02200 0.97034 -0.06864 17.59035 3.29488 7.01674 
0.02481 0.96912 -0.08866 15.45620 7.62415 -4.01984 
0.03348 0.98743 -0.09574 -0.09258 5.91683 -11.82472 
0.02371 0.99232 -0.07706 4.96840 3.41683 -6.27594 
0.02054 0.97694 -0.06815 20.02938 12.86805 10.49235 
0.02603 0.98157 -0.07450 23.80986 14.81927 3.72406 
0.02920 0.98377 -0.09134 0.51718 4.57537 -0.66618 
0.03567 0.99110 -0.10624 -60.51941 1.89244 -1.70277 
0.03226 0.97669 -0.08475 -62.53160 5.61195 2.80943 
0.02811 0.96851 -0.07572 -36.92184 9.33147 0.91918 
0.02579 0.96912 -0.05875 -2.10477 0.79488 -10.91009 
0.02505 0.97669 -0.06534 14.41962 -6.58317 -11.88569 
0.02933 0.98694 -0.09220 -5.03160 -12.86366 -3.59301 
0.02811 0.97681 -0.08610 -1.19014 -16.52219 4.57772 
0.03030 0.97620 -0.07706 0.45620 -9.81488 -3.34911 
0.02859 0.97694 -0.07584 6.91962 2.86805 -3.28813 
0.03030 0.97645 -0.08182 -13.50721 3.53878 -3.16618 
0.03006 0.97327 -0.07731 -18.14136 -8.65634 -4.81252 
0.03201 0.97205 -0.05546 7.83425 -20.48561 -10.17838 
0.02335 0.97999 -0.07779 26.85865 -9.51000 -10.42228 
0.01736 0.97864 -0.08036 26.91962 -10.24170 -9.14179 
0.02627 0.97584 -0.07389 41.30986 -24.63195 -16.03204 
0.03348 0.98157 -0.08744 48.68791 -29.69292 -19.26374 
0.02457 0.97913 -0.08402 40.70011 -30.60756 -22.80033 
0.02322 0.98194 -0.09196 35.82206 -30.85146 -21.33691 
0.02566 0.99061 -0.09696 -18.14136 -23.29049 -10.84911 
0.02542 0.99048 -0.09318 -76.43404 -8.59536 -0.72716 
0.02396 0.96570 -0.06229 -121.49502 7.68512 4.21187 
0.03543 0.97950 -0.09366 -186.19014 33.66074 8.17528 
0.01956 0.98804 -0.05741 -237.16576 45.30708 8.11430 
0.00919 1.00367 -0.03739 -301.49500 31.09976 7.38260 
0.01480 0.99940 -0.04606 -297.40964 20.55098 1.04113 
0.02530 0.98939 -0.01444 -266.43402 8.05098 3.54113 
0.02664 0.95814 -0.00992 -250.70233 5.97781 16.65089 
0.02762 0.96412 -0.01310 -284.97061 6.83147 16.10211 
0.03677 0.96973 0.01803 -260.15353 7.56317 11.40699 
0.01675 0.97462 0.00436 -204.84868 2.86805 12.87040 
0.02432 0.99024 -0.00065 -164.29990 -1.88805 -4.50765 
0.03274 0.98926 -0.01566 -122.04380 -9.69292 -0.23935 
0.03848 1.00135 0.01803 -141.49503 -1.88805 24.63869 
0.03787 0.99085 0.03768 -141.73892 25.97781 39.69967 
0.02982 0.97828 0.03329 -228.32430 65.61195 42.07772 
0.02798 0.96436 0.04037 -297.04379 84.75830 15.79723 
0.03567 0.99024 0.05050 -341.73892 74.39245 -9.99545 
0.06717 1.01490 0.13522 -353.50720 72.01440 2.07772 
0.04178 0.97022 0.12533 -422.16574 68.96561 31.34601 
0.04398 0.95826 0.11190 -494.60477 75.24610 32.01674 
0.02982 0.93885 0.14450 -641.79993 29.57537 16.34601 
0.02603 0.95032 0.12802 -449.48282 -12.25390 -7.31252 
0.03653 0.97498 0.15243 -222.34868 -7.25390 2.26065 
0.04471 0.96851 0.18929 -208.26331 35.42903 22.32162 
0.03079 0.95496 0.23251 -344.54379 52.31927 22.32162 
0.02737 0.94752 0.24789 -580.88531 8.78269 3.11431 
0.02994 0.95215 0.24752 -585.39746 -43.47341 -5.60521 
0.02505 0.94617 0.24191 -503.56818 -70.30268 2.07772 
0.03470 0.95435 0.27084 -451.49503 -44.08317 7.80943 
0.03360 0.96815 0.30184 -532.34869 -2.07097 -3.47106 
0.03018 0.97254 0.33187 -678.44629 3.05098 -7.98326 
0.03860 0.94764 0.33822 -819.72675 -32.80268 8.11430 
0.04105 0.92042 0.33773 -760.82434 -58.96122 23.84601 
0.04617 0.88758 0.37570 -713.75116 -29.69292 38.66309 
0.04068 0.86158 0.41586 -800.94629 15.73391 8.23626 
0.04178 0.87501 0.46859 -968.99506 55.67294 -60.11740 
0.03604 0.88404 0.47897 -1101.61710 46.64854 -77.67838 
0.04202 0.85889 0.50668 -1133.01940 9.75830 -44.32472 
0.03531 0.83155 0.52780 -1150.03160 12.99000 -29.81252 
0.03250 0.81104 0.56527 -1030.21460 44.63634 -51.39789 
0.03201 0.79932 0.62472 -938.14142 63.11195 -58.41009 
0.02933 0.76026 0.69283 -986.37311 60.06318 -34.38570 
0.02689 0.71046 0.69357 -1106.67800 27.44122 -31.94667 
0.05374 0.72193 0.54476 -1001.31210 328.66074 -45.60521 
-0.00595 0.66444 0.68331 -1029.36100 245.06317 -77.49545 
0.01175 0.62794 0.77023 -719.05603 140.67293 -73.22716 
-0.00107 0.59632 0.79635 -661.00726 114.75830 -49.93448 
-0.00253 0.58265 0.78060 -732.65356 158.23390 -54.93448 
-0.01511 0.59339 0.83615 -837.40967 209.02658 -63.22716 
-0.02914 0.54151 0.83431 -769.29993 205.42903 -62.67838 
-0.03793 0.52344 0.80551 -724.42188 171.70952 -62.37350 
-0.03403 0.47462 0.81100 -584.17798 93.90464 -58.59301 
-0.03110 0.47535 0.88278 -441.31207 28.78269 -42.25155 
-0.04648 0.46375 0.91293 -363.87305 -40.54659 -2.19057 
-0.03842 0.46375 0.85580 -440.27551 -32.61975 4.33382 
-0.04050 0.42603 0.85421 -562.04382 39.57537 -26.33691 
-0.05319 0.42481 0.93429 -523.75116 40.91684 -35.54423 
-0.04538 0.40565 0.92343 -511.79990 22.56318 -31.58082 
-0.04623 0.37061 0.93539 -478.08038 -0.05878 -23.47106 
-0.04880 0.35743 0.96493 -452.22672 -31.64414 -19.20277 
-0.03940 0.35718 0.94052 -460.64136 -31.94902 -6.39789 
-0.04245 0.32093 0.96615 -400.82428 -25.72951 -3.47106 
-0.05869 0.27869 1.01596 -446.06818 -84.14414 -13.95887 
-0.02377 0.33411 0.91439 -601.12921 -54.08317 -33.10521 
-0.01804 0.28382 0.88632 -594.60480 -25.30268 -37.31253 
-0.02377 0.25611 0.95248 -443.08038 15.73391 -33.83691 
-0.02853 0.23536 1.00863 -522.47064 18.53878 -26.39789 
-0.05295 0.17164 1.01315 -563.26337 -39.20512 -6.64179 
-0.03134 0.18702 0.97836 -541.19019 -119.63195 -21.15399 
-0.00473 0.17139 0.93453 -629.36090 -82.07098 -14.56862 
-0.00998 0.13270 0.92904 -579.36090 -39.26609 -21.88570 
-0.02304 0.11146 0.98104 -546.19019 8.84366 -28.34911 
-0.01901 0.10572 0.99606 -571.25116 14.94122 -20.78814 
-0.04440 0.06312 1.02401 -584.66577 -15.18073 -11.09301 
-0.04135 0.04066 0.98727 -518.44629 -55.66853 -19.08082 
-0.02707 0.03443 0.95565 -235.64136 -98.41244 10.43138 
-0.01193 0.02894 0.97054 -140.88527 -95.79049 36.16309 
-0.01230 0.00733 0.98715 -323.14136 -48.41244 -2.61740 
-0.00424 0.02332 0.98043 -478.56818 -1.09536 -30.36131 
-0.00864 0.00196 0.97213 -504.84866 27.13634 -20.84911 
-0.00229 -0.03539 0.98312 -285.21451 9.51439 5.73626 
-0.00107 -0.05493 0.98336 -96.86087 15.24610 36.22406 
-0.00607 -0.07702 1.01400 -44.97063 -1.40024 52.62650 
-0.01376 -0.09411 1.00802 -87.28770 4.39244 26.22406 
-0.01486 -0.07507 0.99960 -191.37306 13.17293 -9.69057 
-0.00900 -0.07116 0.98324 -250.15356 42.31927 -65.78813 
0.00259 -0.02953 0.97238 -11.61697 41.64854 -31.33691 
-0.00913 -0.04565 0.97811 110.39523 19.75830 16.83382 
-0.03171 -0.07678 1.03878 181.00499 -26.21732 23.54113 
-0.02683 -0.04382 1.05880 132.71231 -59.51000 14.63870 
-0.01315 -0.02490 1.03475 38.56596 -88.35146 20.98016 
-0.01523 -0.03259 1.00399 -41.73892 -97.37585 20.67528 
-0.00278 -0.05419 0.97067 26.85865 -94.44902 14.39479 
0.00601 -0.07079 0.94589 124.29767 -66.76610 15.79723 
0.01224 -0.06945 0.96725 205.57816 -36.88805 23.29723 
0.00735 -0.02953 0.99789 274.54160 -11.94902 38.17528 
0.00650 0.02686 1.03256 216.18791 14.33147 48.29723 
-0.01010 0.03370 1.03219 138.56596 -3.29048 60.55333 
-0.04367 -0.00219 1.02548 100.63913 -31.15634 37.44357 
-0.02231 0.00367 1.01339 80.63913 -46.21732 16.65089 
0.00455 -0.00524 1.03097 76.61475 -43.83926 4.45577 
0.00601 0.00648 1.01974 84.96840 -49.32707 5.79723 
0.01334 0.02466 1.03109 -7.77550 -47.74170 23.66309 
0.05691 0.02027 1.02792 -101.98283 -42.01000 26.10211 
0.00272 -0.02819 0.96810 -132.34868 -84.38805 53.05333 
0.03152 -0.01537 0.98422 4.29767 -113.16853 61.83382 
0.00345 0.01111 1.01034 74.96840 -104.20512 38.23626 
0.02005 0.00318 1.00057 63.07816 -97.13195 33.54113 
0.03348 -0.00598 1.00277 50.63913 -68.53439 21.40699 
0.03079 0.00233 0.97299 21.37084 -34.81488 21.71186 
0.02933 -0.00268 0.95236 -10.88526 -32.92463 26.46796 
0.02005 0.01807 0.99374 42.89523 -58.16853 6.52894 
0.02798 0.04029 1.01559 3.38303 -48.71732 -24.32472 
0.05789 0.00501 1.00619 -82.59258 -7.19292 -27.55643 
0.07083 0.00843 1.03988 -87.10477 29.51440 -33.65399 
0.04446 0.01221 1.05184 -120.27551 84.14854 -41.64179 
0.00442 -0.03625 0.98873 -106.25111 123.72172 -21.70277 
-0.03610 -0.06396 0.99825 -111.06819 97.38025 -8.47106 
-0.00302 -0.02892 0.94418 -24.17794 78.47781 -10.42228 
0.00308 -0.04833 0.97079 60.57816 48.35586 -56.64180 
-0.00327 -0.02392 0.98397 107.22450 44.27049 -37.98326 
-0.00107 -0.00549 0.97958 103.20011 13.29488 -53.59301 
0.02982 -0.00451 0.97067 66.12694 4.27049 -34.62960 
0.05264 0.01343 1.02084 59.78547 42.44122 -20.42228 
0.03909 0.02637 1.02865 79.72449 68.47781 -15.72716 
0.02444 0.00001 1.01693 58.87084 57.31927 -29.20277 
0.01102 -0.01623 1.00814 34.90742 27.92903 -3.71496 
0.00638 -0.00439 1.01486 20.02938 12.56317 22.93138 
-0.00559 0.01978 0.99838 1.67572 11.40464 8.41918 
-0.03085 0.02418 0.96261 -13.56819 4.20952 -17.25155 
-0.01181 -0.02172 0.95712 -48.99502 -20.72951 -38.65399 
0.00479 -0.03014 0.99703 -58.81209 -23.59536 -3.04423 
-0.01352 -0.00207 1.03170 8.50499 -15.24170 -4.81252 
-0.03354 0.00635 1.03500 57.04157 -6.58317 -25.36131 
0.01065 0.01539 0.99801 73.93182 -5.72951 -42.73935 
0.05398 0.01234 0.99227 55.02938 -24.99780 -32.37350 
0.06399 0.01710 1.00436 29.96840 -32.49780 -0.11740 
0.04263 0.01710 1.02523 19.60255 -22.92463 34.15089 
0.01419 0.02405 1.04147 8.62694 -14.51000 35.24845 
-0.01169 0.03162 1.01571 12.28547 -25.05878 12.50455 
-0.00375 0.03797 0.98312 -1.25111 -52.80268 -1.33691 
0.01712 0.01661 0.99215 -34.78770 -52.49780 23.23626 
0.01016 0.00819 0.99703 -46.19014 -10.97341 37.13869 
-0.00217 0.00074 1.00179 -31.92184 13.59976 11.28504 
-0.00400 -0.00243 1.00363 -16.86087 25.85586 -17.92228 
0.00552 -0.00659 0.99459 -1.86087 -10.54658 -18.95887 
0.02298 -0.00134 1.00277 0.57816 -36.21732 -6.70277 
0.02945 0.01331 0.99227 0.45620 -31.46122 11.71187 
0.01956 0.01710 0.98068 -11.79989 -13.47341 7.87040 
0.01273 0.01136 0.98532 -27.89745 -6.03439 2.01674 
0.01919 -0.00427 1.00826 -26.43404 -2.43683 -6.21496 
0.01492 0.00465 1.01266 -6.86087 -0.30268 -1.70277 
0.00467 0.01270 1.01388 30.09035 9.33147 2.32162 
0.00955 0.02576 1.00253 65.27328 17.92903 -0.48326 
0.01175 0.02296 1.00033 55.39523 7.07537 -9.62960 
0.03116 0.01942 0.99508 26.49279 -6.33927 -7.37350 
0.03702 0.00391 0.98605 -19.90965 -19.75390 1.46796 
0.02286 -0.01318 0.97921 -34.90965 -21.40024 3.54113 
0.01810 -0.03039 0.98239 -16.31209 -24.38805 0.67528 
0.01150 -0.02416 0.98568 -3.62916 -27.25390 4.21187 
0.00833 -0.02075 0.99642 -8.26331 -21.88805 -7.49545 
0.01956 -0.03466 1.02157 -17.47062 3.84366 -17.80033 
0.00760 -0.01855 1.01486 -3.81209 21.34366 -20.66618 
-0.00021 0.00257 0.99032 13.44401 11.03878 -35.54423 
0.00088 0.01636 0.97201 46.85864 -18.71732 -35.97106 
0.01529 0.02173 0.98995 136.24889 -78.16853 -24.56862 
0.02933 0.05030 0.99972 148.44402 -110.48561 -0.36130 
0.03567 0.06946 1.02926 67.28548 -94.81487 9.02894 
0.04336 0.05726 1.03182 -16.86087 -51.09536 0.67528 
0.07181 0.04273 1.02304 -52.34867 -5.60756 -15.72716 
0.06741 0.01636 1.00546 -27.53160 18.66074 -12.61740 
0.04336 0.00306 0.98092 -13.38526 18.78269 3.84601 
0.03177 -0.00121 0.98800 19.90742 5.85586 10.49235 
0.02737 0.02161 1.00021 44.41962 4.20952 10.67528 
-0.00180 0.03431 0.99850 34.05376 5.06317 3.11431 
0.01712 0.03236 0.99130 -3.01940 16.28269 -12.61740 
0.03543 0.01819 0.99423 -1.06819 13.84366 -16.21496 
0.02713 0.02943 1.00314 44.72450 1.89244 5.79723 
0.03152 0.03467 1.02755 64.29767 2.31927 10.43138 
0.02212 0.04676 1.02755 64.66352 5.49000 4.63870 
0.01773 0.04859 1.03036 41.73669 10.12415 -4.20277 
0.03909 0.03821 1.01803 5.27328 20.97781 -22.67838 
0.05130 0.04041 0.99447 -22.34867 15.61195 -25.11740 
0.05569 0.02442 0.95407 -37.10477 -7.25390 -1.58082 
0.04556 0.01075 0.95687 -18.62916 -26.46122 26.89479 
0.01517 0.00977 0.98617 5.27328 -32.49780 38.29723 
-0.00595 0.01441 1.01278 17.65133 -17.07097 15.85821 
0.00455 0.01649 1.02609 10.39523 1.16074 -8.95887 
0.02713 0.03370 1.02426 4.05377 20.00220 -21.33691 
0.03079 0.03821 1.00497 1.30986 17.86805 -24.69057 
0.04581 0.03394 0.99008 3.56596 3.17293 -22.61740 
0.05325 0.03516 0.98275 15.27328 -26.15634 -4.87350 
0.05276 0.04298 0.98861 1.98060 -35.72951 12.68748 
0.05154 0.03687 1.00192 -19.42184 -25.42463 20.43138 
0.03799 0.02882 1.01876 -22.28770 -1.03439 21.95577 
0.02212 0.02076 1.01730 -15.82428 10.85586 17.87040 
0.01358 0.01905 1.00595 2.83425 10.55098 10.12650 
0.01480 0.02186 0.99215 6.00499 7.68512 0.24845 
0.01932 0.02589 0.97738 1.85864 0.91683 -5.91009 
0.02652 0.03113 0.98385 0.21230 -7.98561 -3.47106 
0.02982 0.03028 0.99240 -13.32428 -23.35146 5.24845 
0.03482 0.02747 1.00778 -11.12916 -24.57097 9.94357 
0.03287 0.02466 1.02853 5.57816 -15.18073 7.93138 
0.02066 0.02332 1.01498 8.13913 3.05098 -5.30033 
0.02676 0.02247 0.98849 -11.12916 10.06317 -19.26374 
0.03262 0.02747 0.96554 -20.51941 12.99000 -27.80033 
0.06131 0.02796 0.96346 8.68791 20.18513 -17.86131 
0.05325 0.02662 0.98702 33.68791 21.52659 1.95577 
0.01016 0.02845 1.01315 42.10255 21.28269 8.35821 
-0.00058 0.03211 1.00924 42.28547 13.23391 -13.53204 
0.02615 0.03675 1.00033 33.74889 -0.48561 -33.34911 
0.05179 0.04298 1.01193 16.85864 -2.86366 -17.80033 
0.04092 0.03297 1.00851 -4.05599 -2.19292 -0.66618 
0.03311 0.03236 1.02340 8.44401 -2.07097 16.22406 
0.03311 0.04383 1.03866 22.52938 -1.88805 24.638