-0.03171 0.01185 1.00033 -19.11697 17.92903 -6.70277 
-0.03354 0.00855 1.00680 -21.00721 27.25830 -11.64179 
-0.01425 0.01490 0.99655 -8.99501 15.49000 5.30943 
-0.00217 0.02393 0.97787 4.41962 1.52659 14.69967 
-0.00534 0.02210 0.99008 -7.95843 2.01439 15.30943 
-0.02560 0.01124 1.00448 -30.21453 3.11195 1.89479 
-0.03268 0.00611 1.01547 -46.37307 9.94122 -24.26374 
-0.04367 0.00696 1.02096 -54.72672 17.99000 -31.76374 
-0.04196 0.00904 1.00912 -54.78770 18.66074 -14.01984 
-0.01376 -0.00561 0.99581 -39.36087 19.57537 22.13869 
-0.00925 -0.00927 0.98849 7.46840 27.99001 21.46796 
-0.02206 0.00208 0.98287 15.33425 29.27049 8.84601 
-0.03842 0.00745 0.98776 -5.82428 15.61195 -22.49545 
-0.04001 0.01185 1.00192 -55.70234 -20.85146 -50.23936 
-0.03159 0.00672 1.00302 -43.38526 -37.68073 -37.55643 
-0.01852 -0.01440 1.01242 -14.97062 -15.48561 -22.12960 
-0.02231 -0.01598 1.01058 58.20011 28.96561 -2.80033 
-0.02060 0.00513 0.99594 80.51718 41.03878 0.49235 
-0.03403 0.02381 0.99288 72.22449 38.11196 -18.95887 
-0.02402 0.02296 0.97738 32.83426 35.30708 -44.26374 
-0.03854 0.02357 0.97360 12.52938 39.51440 -32.73935 
-0.05649 0.00843 1.00558 -30.27550 64.75830 -15.36131 
-0.05490 -0.00280 1.01254 -35.76331 60.42903 -14.20277 
-0.05734 -0.00048 1.01998 -36.12916 40.49001 -1.51984 
-0.04709 -0.00683 1.01998 -25.15355 42.38025 15.18748 
-0.03647 -0.01196 1.00424 -20.45843 51.70952 26.16309 
-0.03610 -0.01318 1.00009 -27.28770 38.59976 9.94357 
-0.03952 -0.01721 0.99911 -64.42184 16.22171 -18.10521 
-0.04038 -0.03845 1.01498 -84.48282 9.51439 -17.80033 
-0.03720 -0.04565 1.03463 -69.54380 18.90464 -5.17838 
-0.05124 -0.04089 1.03427 -29.17794 50.06318 -1.09301 
-0.05356 -0.01562 0.99960 -3.81209 54.63634 -7.37350 
-0.06552 0.00550 0.97494 -9.84867 40.73391 -8.89789 
-0.07114 -0.01428 0.98446 -29.05599 43.47781 -15.36131 
-0.07285 -0.02575 1.00961 -26.92184 55.18513 -4.14179 
-0.07639 -0.00451 0.99533 19.90742 69.94122 12.87040 
-0.07602 0.00257 0.98226 44.23669 58.59976 11.22406 
-0.08310 0.00550 0.96676 49.78547 14.57537 3.78504 
-0.05112 -0.00353 0.95968 40.57816 7.86805 19.94357 
-0.05515 0.00696 0.97946 38.80986 23.29488 24.39479 
-0.07956 0.01136 0.99069 13.87084 10.36805 -4.44667 
-0.07712 0.00245 0.98971 -18.44624 -32.61975 -20.54423 
-0.06174 -0.00170 0.98898 -3.38526 -65.05878 20.37040 
-0.03720 -0.01306 1.00277 37.52938 -25.91244 41.34601 
-0.02512 -0.00317 0.99533 61.61474 -23.83927 35.30943 
-0.03391 0.01661 0.97982 27.28547 -64.32707 -3.22716 
-0.05905 0.02051 0.98605 -10.88526 -79.81487 -37.73935 
-0.08090 0.01710 0.97982 -49.11697 -50.54658 -44.69057 
-0.07565 0.00684 0.98910 -49.90965 -51.46122 -12.80033 
-0.03989 -0.01660 0.98373 -52.89746 -66.94902 6.65089 
-0.03366 -0.02453 0.99020 -34.72672 -69.02219 -9.99545 
-0.05124 -0.01745 1.00302 -9.17794 -38.59536 -2.06862 
-0.06796 -0.00732 1.02352 53.99279 -10.24170 7.80943 
-0.04746 0.00233 1.00436 119.05376 -22.37585 18.48016 
-0.05661 0.01600 1.00057 82.89523 -41.09536 31.77284 
-0.05112 0.00733 1.02059 -33.81209 -40.05878 27.56553 
-0.02463 -0.03552 1.05050 -10.09258 -24.32707 17.01675 
-0.01682 -0.02123 1.01437 25.94401 -16.64414 14.63870 
-0.00485 -0.00744 0.98434 -8.62916 -44.87585 27.56553 
-0.02744 -0.00500 0.99801 -10.58038 -41.46122 13.29723 
-0.05893 -0.00402 1.01705 31.91962 14.39244 -26.76374 
-0.05637 0.00806 1.01730 26.43182 43.29488 6.46796 
-0.04807 0.00452 1.01852 61.61474 -8.35146 21.22406 
-0.03159 0.00855 1.00436 74.35864 -44.81488 12.19967 
-0.02609 0.00770 0.99569 65.70011 -20.85146 26.65089 
-0.01572 0.01588 0.96969 -12.95843 -11.21731 15.49235 
-0.02463 0.01392 0.98849 -49.72672 -41.09536 -22.86131 
-0.01914 0.00965 0.99813 -21.73892 -49.32707 -10.84911 
-0.00876 0.00281 0.99825 27.34645 -33.16853 11.46796 
-0.02426 0.01282 1.00314 48.93182 -1.94902 5.18748 
-0.05527 0.01966 1.01962 10.27328 10.24610 -16.21496 
-0.03903 0.02088 1.00179 -47.22672 -16.03439 -34.08082 
-0.02365 0.00709 0.99325 -82.22672 -61.03439 -44.62960 
-0.02182 -0.00024 1.00131 -66.79990 -88.22951 -39.69057 
-0.03195 -0.00500 1.01693 -40.58038 -58.71732 -14.44667 
-0.03085 0.00550 1.02145 24.05377 -17.74170 1.46796 
-0.00729 0.00611 1.00717 30.94401 -11.64414 -2.67838 
-0.00363 0.01063 0.99496 -16.73892 -21.03439 -14.44667 
-0.00253 0.01050 0.99069 -54.97063 -53.47341 -43.47106 
-0.01022 0.00379 0.99752 -81.92184 -85.85146 -45.84911 
-0.01401 -0.00512 1.01266 -56.55599 -59.32707 -32.49545 
-0.00546 0.00403 1.01364 15.27328 -8.22951 -4.69057 
0.00076 0.00220 1.00399 31.61474 14.27049 21.46796 
-0.00375 -0.00414 0.99325 9.17572 7.86805 36.04113 
-0.01437 0.00623 0.99081 -35.33648 -17.25390 35.37040 
-0.02255 0.01282 0.99435 -105.21453 -54.81488 15.91918 
-0.01572 -0.00109 0.99728 -108.50721 -60.36366 -0.54423 
-0.00070 -0.01904 1.01571 -47.40965 -33.35146 -9.26374 
0.00418 -0.02636 1.00814 12.22450 17.44122 -3.83691 
0.01334 -0.02783 0.98556 72.83425 99.45342 -6.03204 
0.00125 -0.01452 0.98275 92.83425 131.70952 -14.93447 
-0.03220 -0.02123 1.01583 62.71230 189.69731 26.28504 
-0.04953 -0.02136 1.05709 33.26108 252.86804 105.91919 
-0.00644 0.08936 1.03121 92.16352 352.07538 108.78504 
-0.01230 0.05616 1.00021 60.27328 442.92902 -47.00765 
-0.06894 0.02747 1.02975 -195.76331 622.86804 -122.37350 
-0.11350 0.01539 1.06686 -357.47061 765.24609 -196.76375 
-0.17758 -0.04662 1.06918 -438.38525 904.20953 -211.70277 
-0.07626 -0.06945 1.02352 -452.10477 1225.67300 -148.47107 
-0.13388 -0.06237 0.95895 -540.58038 1610.12410 -145.11742 
-0.15146 -0.10705 0.91867 -686.31213 1826.16080 -147.12961 
-0.51584 -0.18981 0.94906 -591.73895 1782.68520 -97.61740 
-0.50034 -0.09582 0.94576 -262.28769 1602.56320 -40.30033 
-0.46689 -0.11401 0.84078 54.11474 1319.75830 213.29723 
-0.40036 -0.09777 0.88925 215.76109 1152.86800 400.37042 
-0.47202 -0.07629 0.86727 366.37085 1175.36800 391.46796 
-0.72934 -0.09594 0.74740 273.50500 1246.58760 286.16309 
-0.73972 -0.06225 0.72103 277.83429 1211.03880 161.77284 
-0.68442 -0.05615 0.68087 262.10257 1145.36800 157.68747 
-0.56943 -0.03356 0.65634 125.09035 1228.41690 338.23627 
-0.60922 -0.04882 0.63326 -56.79990 1378.23390 534.45581 
-0.79086 -0.05395 0.55978 -158.14136 1478.84380 510.37039 
-0.89377 -0.00146 0.46896 42.10255 1441.22170 208.90698 
-0.91171 0.00721 0.42611 184.72450 1348.90470 72.87041 
-0.87814 -0.00305 0.38937 205.63913 1260.67300 72.62650 
-0.76572 0.03382 0.34713 283.56598 1396.83150 87.99236 
-0.77292 0.01221 0.35800 332.59036 1655.61190 105.67529 
-0.97531 0.01490 0.21713 64.72449 1893.53880 239.69968 
-1.23081 0.07423 0.08383 49.72450 1740.67300 156.95576 
-1.07224 0.01514 0.11129 248.26109 1266.95350 -48.53204 
-0.89890 0.03126 0.11190 225.33426 998.35590 -64.44667 
-0.88620 0.02747 0.10018 149.35864 839.02661 -36.03204 
-0.97458 0.02527 0.04318 8.93182 729.81927 1.89479 
-1.03769 0.04005 -0.01444 -50.45843 591.22174 17.13869 
-1.08786 0.03077 -0.02958 -20.64136 413.53879 -53.34911 
-1.01901 0.03614 -0.02274 -56.55599 342.01440 -114.75155 
-0.96542 0.03882 -0.02811 -32.22672 218.23390 -103.34911 
-0.92465 0.02576 -0.02946 3.68791 174.20952 -54.32472 
-0.99326 0.02308 -0.05057 82.65133 262.98999 -73.77594 
-1.10727 0.02088 -0.07755 124.23669 219.63634 -116.64179 
-1.08371 0.01710 -0.07328 120.51718 39.33147 -133.95886 
-0.96396 -0.00134 -0.04032 116.30987 -132.98561 -118.41009 
-0.91928 0.00245 -0.02994 97.28548 -78.47341 -91.21497 
-0.96835 0.00086 -0.05594 91.43182 40.85586 -32.37350 
-1.05405 -0.00598 -0.05875 86.00499 144.02658 -31.15399 
-1.08078 -0.00744 -0.06132 63.99279 110.55098 -55.17838 
-1.00790 -0.01489 -0.05741 33.74889 20.49000 -94.08082 
-0.94418 -0.01391 -0.05839 -56.43404 37.07537 -78.34911 
-0.99228 -0.00463 -0.06510 -53.38526 78.23391 -42.31253 
-1.03684 -0.01525 -0.04667 5.33425 42.62415 -31.82472 
-1.03354 -0.01550 -0.05472 16.73669 -17.07097 -43.59301 
-0.98605 -0.01989 -0.05509 -20.21453 -71.58317 -16.15399 
-0.97311 -0.02123 -0.04862 -39.36087 -24.02219 30.24845 
-0.98911 -0.01904 -0.04935 -33.26331 14.20952 45.30943 
-0.99924 -0.01806 -0.04654 33.68791 14.08756 14.39479 
-1.00180 -0.02001 -0.04410 49.29767 -17.61975 -25.30033 
-0.99899 -0.01501 -0.05778 11.24889 -70.18073 -41.03204 
-1.01352 -0.01049 -0.05875 -21.43404 -100.05878 -28.28814 
-1.00925 -0.01806 -0.06327 -37.34867 -74.57098 16.16309 
-0.98776 -0.01623 -0.04935 -17.22672 17.25830 24.82162 
-0.99020 -0.01293 -0.04398 -1.49501 70.06318 15.67528 
-0.99020 -0.00805 -0.04923 -3.69014 33.53878 13.17528 
-1.00314 -0.01257 -0.05228 9.78547 -46.15634 18.48016 
-0.99216 -0.01537 -0.04703 16.67572 -93.04659 7.62650 
-1.00632 -0.01159 -0.04130 16.85864 -58.47341 -0.66618 
-1.00058 -0.00451 -0.03849 14.54157 -14.26609 3.72406 
-0.97385 -0.00231 -0.03129 16.49279 -4.63195 18.29723 
-0.99423 -0.00366 -0.03983 5.02938 -15.91244 13.54113 
-1.00510 -0.00976 -0.04557 -6.61697 -23.47341 -10.78813 
-0.99094 -0.00829 -0.03214 -16.19014 -25.11975 -18.83691 
-1.00241 -0.00561 -0.03971 -12.53160 -44.02219 -12.49545 
-1.00131 -0.00439 -0.04081 -14.05599 -49.93682 11.40699 
-0.99826 -0.01598 -0.03788 -29.05599 -41.21732 30.98016 
-0.98862 -0.01952 -0.03556 -43.20234 -25.18073 16.71187 
-0.99252 -0.00988 -0.03165 -32.89745 -23.59536 0.79723 
-0.99435 -0.00378 -0.02482 -1.49501 -29.38805 -13.59301 
-0.99362 -0.00463 -0.02799 18.62694 -15.60756 -16.76374 
-1.00314 -0.00854 -0.03592 8.68791 7.99000 -6.21496 
-1.01560 -0.00976 -0.03507 -9.60477 -3.04658 9.27284 
-1.00632 -0.00695 -0.02921 -9.29989 -43.10756 15.37040 
-0.98862 -0.01147 -0.02897 13.93182 -62.55878 16.52894 
-0.99484 -0.01098 -0.02714 21.30986 -23.83927 19.08992 
-1.01682 -0.01489 -0.03568 10.39523 30.67293 -3.71496 
-1.03134 -0.01013 -0.03531 10.57816 22.80708 -22.43447 
-1.01401 -0.01013 -0.03116 7.65133 -15.05878 -4.81252 
-1.00046 -0.01269 -0.02958 -2.28770 -35.42463 8.96796 
-0.98068 -0.01342 -0.02079 -4.72672 -36.94902 10.24845 
-0.99374 -0.01293 -0.02201 -8.81209 -17.13195 6.52894 
-1.00436 -0.00243 -0.02909 14.90742 5.91683 -0.54423 
-1.01560 -0.00121 -0.02482 22.77328 -0.24170 2.80943 
-0.98801 -0.00829 -0.01993 13.13913 -18.83927 4.33382 
-0.98801 -0.00610 -0.02469 -15.88526 -16.58317 -3.04423 
-0.98435 0.00184 -0.01835 -28.50721 -21.82707 -9.75155 
-0.98984 -0.00158 -0.01883 -28.50721 -32.49780 6.77284 
-0.99106 -0.00182 -0.01945 -25.27550 -35.85146 10.67528 
-0.99985 0.00245 -0.02518 -12.95843 -28.96122 6.83382 
-0.99753 -0.00121 -0.02604 -10.39745 -9.81488 6.22406 
-0.98947 -0.01037 -0.02482 -0.09258 3.05098 -4.75155 
-0.99313 -0.01208 -0.02433 16.24889 1.52659 -4.81252 
-1.02475 -0.00524 -0.02091 31.61474 1.52659 12.87040 
-1.01218 -0.00366 -0.00980 30.39523 -8.53439 14.63870 
-1.00717 -0.00561 -0.01456 15.27328 -44.38805 20.24845 
-0.99924 -0.01244 -0.02030 -14.05599 -65.85146 15.00455 
-1.01437 -0.01562 -0.01993 -44.84867 -52.13195 -1.09301 
-1.01779 -0.00903 -0.02054 -28.01941 -48.41244 -13.04423 
-1.02219 -0.00170 -0.01774 28.93182 -121.46122 -16.76374 
-1.00534 -0.00048 -0.01224 68.50499 -288.29050 4.39479 
-0.98557 -0.00305 0.00216 90.76109 -433.83929 26.28504 
-0.99741 -0.01074 0.02987 102.22450 -628.65637 22.62650 
-0.95895 -0.00927 0.05685 72.34645 -792.74170 22.13869 
-1.03146 -0.00561 0.02474 113.56596 -911.64417 56.34601 
-0.95981 -0.00585 0.11801 69.66352 -1168.10750 139.33382 
-0.93552 -0.00805 0.15316 76.12694 -1310.60750 107.32162 
-0.96030 -0.01257 0.19686 22.04157 -1402.31490 17.01675 
-0.98471 0.00281 0.25387 -60.03160 -1465.48560 -52.49545 
-0.95395 0.00513 0.28439 -68.08038 -1576.70520 -94.62959 
-0.85788 0.00135 0.35580 -51.49502 -1713.77830 -59.32472 
-0.82675 -0.00756 0.45614 -124.23892 -1739.02220 -25.97106 
-0.77573 -0.00109 0.49252 -235.27551 -1675.42470 -4.69057 
-0.76779 -0.01061 0.58126 -291.12915 -1557.68080 -40.17838 
-0.71713 -0.02807 0.65243 -238.99503 -1332.31490 -86.15398 
-0.73972 -0.03076 0.68832 -205.88527 -1197.92470 -56.76374 
-0.63681 -0.04186 0.70565 -161.49503 -1150.66860 -5.05643 
-0.58920 -0.01977 0.73287 19.35864 -1152.92470 73.11431 
-0.53818 -0.02868 0.79782 201.73669 -1120.36360 159.76065 
-0.54990 -0.04504 0.82833 221.43182 -1039.14420 134.02893 
-0.53977 -0.00024 0.80392 108.56596 -962.07098 69.82162 
-0.52011 0.01819 0.80319 40.94401 -904.51001 -73.04424 
-0.51999 0.02943 0.79818 4.11474 -973.47345 -152.12961 
-0.40451 -0.02343 0.91110 -0.21453 -1210.79050 -99.93447 
-0.39499 -0.04186 0.96798 -47.34867 -1437.07100 135.91917 
-0.31992 -0.02648 0.97128 -122.47063 -1545.30270 189.33382 
-0.20493 0.00550 0.93942 -125.45844 -1556.70520 63.35821 
-0.25034 -0.01391 0.98678 -143.93404 -1380.79050 -74.14179 
-0.24228 -0.04565 1.16293 -28.26331 -1163.47340 20.24845 
-0.15122 -0.03307 1.10507 54.66352 -1112.25390 55.37040 
0.04446 -0.02587 1.00326 -49.84867 -1152.55880 -122.80033 
0.01578 -0.06909 1.08200 -96.19014 -1047.49780 -211.58083 
0.00967 -0.10204 1.11971 -79.11697 -847.92468 -143.95888 
-0.00852 -0.09936 1.22872 316.98062 -580.91248 -49.08082 
0.04019 -0.05163 1.13436 564.84644 -337.92465 -23.04423 
0.10037 0.00269 1.01974 406.24890 -274.57098 -35.17838 
0.15408 0.04590 0.91012 -33.62916 -367.01001 -64.56862 
0.14200 0.03199 0.91683 -293.50720 -479.02222 -99.93447 
0.12918 -0.01415 0.98763 -343.81207 -486.15634 -85.42228 
0.11038 -0.04955 1.02242 -146.61697 -273.41245 -38.77594 
0.13882 -0.05383 0.99569 18.26108 -70.97341 16.28504 
0.15494 -0.03088 0.92831 124.05376 91.58757 60.43138 
0.13907 0.00025 0.91867 122.65133 113.11196 49.27284 
0.11417 -0.00256 0.94845 94.17572 105.55098 -5.30033 
0.09866 -0.00939 0.97897 114.78548 110.00220 -12.49545 
0.09891 -0.00024 1.00802 142.40742 148.41682 40.91918 
0.10086 -0.00085 1.01583 130.15132 185.85585 53.41919 
0.10306 0.00318 1.00753 117.10255 228.35585 56.46797 
0.10171 0.02076 0.98763 117.77328 255.36804 58.60211 
0.06338 0.02747 1.00326 80.21230 218.47781 19.21187 
0.04629 0.01588 1.01962 60.63913 159.08755 6.22406 
0.07059 0.02210 1.00509 53.20011 54.08757 12.19967 
0.06070 0.01746 1.02914 41.37084 39.51440 35.06553 
0.06155 0.02918 1.01815 39.35864 78.11195 50.00455 
0.07217 0.03980 0.97396 15.76108 85.67294 29.02894 
0.05240 0.03821 0.99581 4.84645 41.28269 -2.98326 
0.04288 0.02650 1.01351 0.82206 7.68512 -15.17838 
0.04971 0.02711 1.01571 16.49279 44.27049 19.57772 
0.04886 0.03553 0.98471 -20.27550 50.79488 33.23626 
0.04727 0.03541 0.98141 -103.62917 -9.51000 16.95577 
0.05618 0.00574 0.98959 -141.92184 -64.69292 11.04113 
0.07059 0.00733 0.98190 -97.16575 -51.76609 22.01674 
0.05557 0.01136 0.99240 -17.40965 28.90464 -11.45887 
0.05606 0.00819 0.99862 -19.36087 53.29488 -27.73935 
0.04263 0.01014 1.00338 -29.66575 24.20952 -9.69057 
0.04800 0.01478 0.99496 -20.27550 6.95342 -5.42228 
0.06424 0.01710 0.98544 -19.23892 -1.21731 9.02894 
0.05484 0.00806 0.98666 -21.31209 4.51439 4.57772 
0.05203 0.00147 0.99471 -15.03160 30.85586 -5.91009 
0.04239 -0.00170 0.99960 -29.60477 75.18513 -23.95887 
0.03470 0.00123 0.98995 -38.56819 63.96561 -32.37350 
0.03763 0.00440 0.98739 3.13913 23.35586 -32.92228 
0.04776 -0.00634 0.99923 25.51718 19.08757 -14.14179 
0.04666 -0.00329 0.99508 42.40742 48.47781 -6.94667 
0.03482 0.00074 1.01803 73.26109 88.53879 -17.37350 
0.03616 0.00550 1.01449 83.93182 85.85586 -27.67838 
0.02457 0.01673 1.01119 38.87084 44.20952 -8.83691 
0.01810 0.01404 1.01937 -6.06819 1.52659 -3.28813 
0.03494 0.00526 1.01864 -13.69014 -21.82707 2.50455 
0.03763 0.01160 1.00985 0.70011 2.25830 -10.30033 
0.03897 0.00587 1.01681 37.46840 42.80708 -17.98326 
0.03641 0.02882 0.98825 65.88303 78.53879 -14.93447 
0.02298 0.02759 0.98715 25.39523 84.69733 -28.83691 
0.01492 0.01588 1.01034 1.37084 41.46561 -20.91009 
0.02530 0.01173 0.98812 -14.42184 -23.53439 4.02894 
0.03909 0.00819 0.98422 -34.66575 -48.16853 11.04113 
0.03897 0.00831 0.98458 -45.88526 -25.24170 27.56553 
0.02249 0.01111 0.98959 -2.34867 29.20952 16.58992 
0.01834 0.00684 0.99874 0.15133 34.08757 9.88260 
0.02444 0.01636 0.98959 -1.37306 3.53878 0.98016 
0.03458 0.01636 0.98812 -8.81209 -30.85146 -4.38569 
0.04068 0.01551 0.98239 6.00499 -24.93683 0.85821 
0.03336 0.01758 0.99325 8.62694 1.40464 12.87040 
0.01822 0.01978 1.01119 21.91962 37.13634 0.49235 
0.01883 0.01575 1.01827 26.73669 45.30708 -9.26374 
0.01761 0.02027 1.00888 12.10255 31.40464 -24.62960 
0.02994 0.02100 0.99850 -27.22672 -19.69292 -34.32472 
0.04141 0.00550 1.00753 -44.97063 -34.20512 -18.95887 
0.04849 0.01465 0.99008 -43.87307 -6.94902 -3.22716 
0.02322 0.01478 1.00631 -26.00721 -6.58317 1.34601 
0.00601 0.01111 1.03597 -28.99501 -15.30268 7.62650 
0.01822 0.00965 1.01095 -29.84867 -1.40024 -6.09301 
0.02798 0.01636 0.99862 -52.10477 0.18513 -4.75155 
0.04556 0.01014 0.98617 -61.98282 -24.99780 -6.15399 
0.02994 0.01173 0.98898 -53.56819 -41.03439 13.72406 
0.02847 0.00111 1.00485 -65.64136 -33.59536 14.57772 
0.03067 0.00135 1.00631 -20.39745 -0.72951 4.33382 
0.02713 0.00440 0.99825 22.40742 51.77049 -17.31252 
0.02566 0.00355 0.98312 45.82206 74.08757 -33.10521 
0.01712 0.00611 0.99960 33.44401 34.88025 -18.59301 
0.02713 0.00501 0.98739 -16.25111 -39.14415 0.24845 
0.03799 -0.00146 0.99252 -46.00721 -81.33926 6.95577 
0.02798 -0.00817 1.01473 -42.04380 -60.24170 0.00455 
0.03360 -0.00890 1.00790 -0.58038 -11.70512 -13.10521 
0.02029 -0.00561 1.02181 47.89523 42.01440 -18.22716 
0.02127 -0.01000 1.02426 71.85864 78.35586 -4.93448 
0.01895 0.00599 1.00253 62.16352 82.92903 6.83382 
0.02200 0.00916 1.01425 18.74889 52.74610 11.52894 
0.02701 0.00562 1.02047 17.83426 54.69732 1.77284 
0.02872 0.01954 1.01412 23.74889 102.56318 -8.83691 
0.03140 0.00782 1.02413 47.46840 171.28268 -17.61740 
0.01382 0.01661 1.02011 64.05376 219.02658 -5.17838 
0.01114 0.02247 1.01583 74.96840 319.88025 -44.44667 
-0.01474 0.01758 1.00802 97.40742 408.29489 -76.82471 
-0.03696 0.03956 1.01144 110.33426 410.85587 -70.48325 
-0.04550 0.03541 0.98788 97.28548 348.11197 -67.73936 
-0.03061 0.04981 0.99337 31.12694 278.90463 -69.01984 
-0.06760 0.03931 0.99520 -23.93404 297.19733 -66.03204 
-0.08945 0.02967 1.00631 -57.04380 320.67294 -50.36131 
-0.09494 0.02003 1.01254 -68.14136 316.03879 -36.70277 
-0.09787 0.02759 1.00363 -36.67794 365.42902 -45.66618 
-0.12241 0.02576 0.98751 -36.55599 456.28268 -67.25155 
-0.14963 0.01392 0.98947 -85.33648 444.20953 -49.38570 
-0.16977 -0.00170 0.99264 -101.19014 356.52658 -23.16618 
-0.17600 0.00074 0.98190 -60.58038 323.35587 -14.50765 
-0.17551 0.00928 0.96627 2.04157 337.74609 -8.71496 
-0.18283 0.01575 0.96237 13.93182 357.07538 6.28504 
-0.20358 -0.00451 0.97384 -26.43404 383.05099 14.08992 
-0.22409 0.01331 0.96346 -45.27551 418.05099 -3.95887 
-0.25009 0.00513 0.94113 -71.73892 526.89246 -62.12960 
-0.26669 0.00001 0.94515 -83.93404 542.44122 -70.72716 
-0.29831 -0.00927 0.95822 -52.95843 509.81927 -8.41009 
-0.30893 -0.00146 0.94064 -22.71453 495.97781 10.73626 
-0.33151 0.00587 0.92587 -20.70233 478.90463 0.37040 
-0.36423 -0.00549 0.95590 35.88303 483.66074 -5.72716 
-0.36984 -0.00378 0.92636 76.79767 524.57538 -12.00765 
-0.38193 0.00757 0.91781 52.71230 600.36804 -25.66618 
-0.40439 -0.00610 0.92404 48.13913 617.19733 -20.72716 
-0.44272 0.01270 0.92074 56.37084 549.51440 -31.03204 
-0.44357 0.01270 0.90438 44.05376 482.92905 -47.43448 
-0.46359 -0.00073 0.88668 19.17572 461.64853 -44.62960 
-0.44614 0.00745 0.86898 -11.25111 529.81927 -20.17838 
-0.47202 -0.00378 0.86617 -45.64136 604.75830 -19.01984 
-0.49435 -0.00024 0.86007 -69.17794 627.50220 18.84601 
-0.55026 -0.00060 0.85372 -83.20233 593.29486 18.17528 
-0.57980 -0.00781 0.82943 -68.08038 547.56317 -31.03204 
-0.55905 -0.01147 0.80331 -83.44624 502.98999 -23.53204 
-0.54074 -0.00610 0.79501 -68.26331 446.89246 1.40699 
-0.58298 -0.01232 0.79782 -77.28770 470.30707 13.54113 
-0.64877 -0.02111 0.79122 -105.15356 573.47784 -7.37350 
-0.67380 -0.00976 0.76119 -38.69014 655.91687 -57.43448 
-0.66611 -0.01122 0.74825 -24.42184 631.03882 -56.09301 
-0.67807 -0.02575 0.74435 -28.99501 524.14856 -18.89789 
-0.67160 -0.01501 0.72470 -56.73892 480.12415 10.98016 
-0.66721 -0.01000 0.71762 -27.10477 522.50220 -8.04423 
-0.73361 -0.01537 0.70785 37.10255 590.12415 -18.53204 
-0.77084 -0.02795 0.68197 84.48060 659.27051 -54.56862 
-0.78989 -0.01550 0.66915 92.52937 635.61194 -70.84911 
-0.79709 -0.02282 0.66744 107.10255 571.52661 -42.00765 
-0.74008 -0.01037 0.64022 102.89523 529.27051 -20.11740 
-0.72116 -0.01074 0.60848 59.96840 586.22174 -27.49545 
-0.82102 -0.01000 0.58846 18.44401 664.33148 -23.65399 
-0.88400 -0.01440 0.55160 -17.40965 587.01440 -68.04424 
-0.88181 -0.00817 0.52645 -31.79989 532.31927 -140.66618 
-0.77206 -0.03076 0.52523 -14.66575 597.44122 -143.53204 
-0.79379 -0.03051 0.50485 -65.45843 705.18512 -96.76374 
-0.82541 -0.02905 0.47408 -112.28770 744.08759 -39.75155 
-0.93124 -0.04199 0.43563 -140.27551 728.29492 17.07772 
-0.94833 -0.03368 0.39511 -118.50721 699.81927 9.15089 
-0.89731 -0.03857 0.36581 -44.60477 650.12415 -14.99545 
-0.86508 -0.04357 0.36849 7.10255 659.57538 26.34601 
-0.88242 -0.03600 0.34445 5.39523 747.50220 96.95577 
-0.96713 -0.04870 0.32809 3.74889 830.67291 107.99236 
-1.03061 -0.04723 0.27645 -3.20233 858.84369 90.12650 
-1.01755 -0.04479 0.23239 -23.14136 804.88025 41.10211 
-0.99423 -0.02294 0.21847 -20.58038 654.33148 -8.22716 
-0.95505 -0.01830 0.21578 47.52938 476.95343 -26.15399 
-0.97141 -0.03552 0.20407 22.65133 479.81927 -17.06862 
-0.94260 -0.02282 0.18112 -120.76331 621.95343 -15.42228 
-0.97421 -0.02587 0.13742 -190.03160 729.33148 -24.69057 
-1.02292 -0.04565 0.09408 -177.40965 805.36804 -55.60521 
-0.99448 -0.03515 0.07137 -101.92184 791.89246 -116.27594 
-0.95212 -0.02734 0.04574 -27.22672 716.52661 -105.11740 
-0.94736 -0.03527 0.01620 -16.73892 696.09979 -58.83692 
-0.96848 -0.03881 -0.03287 -109.84868 720.30707 -7.25155 
-1.03879 -0.05688 -0.05265 -141.61697 722.50220 13.96796 
-1.00192 -0.03723 -0.07633 -70.88526 541.16077 24.94357 
-0.99118 -0.02770 -0.07609 -33.14136 260.36804 32.13869 
-0.99326 -0.03637 -0.10148 3.80986 171.16074 24.02894 
-0.99899 -0.03600 -0.11295 54.48059 162.86804 -17.37350 
-1.04746 -0.04394 -0.11527 120.82206 104.81927 -54.01984 
-1.01413 -0.03723 -0.09989 99.11475 -18.47341 -20.60521 
-0.98508 -0.04516 -0.09598 29.17572 -115.85146 49.45577 
-0.97348 -0.04565 -0.09391 14.17572 -94.26610 56.28504 
-1.00241 -0.05358 -0.09501 14.35864 -34.14414 19.51675 
-0.99851 -0.04662 -0.09916 -3.56819 39.88025 -1.09301 
-0.99960 -0.03954 -0.09806 -8.26331 91.22171 3.96796 
-1.01584 -0.03893 -0.09952 -20.27550 94.51440 12.13870 
-1.00607 -0.04003 -0.09208 -29.97063 17.62415 10.85821 
-0.98361 -0.04577 -0.08768 -39.78770 -85.91244 21.34601 
-0.98923 -0.03967 -0.10319 -23.32428 -54.14414 11.89479 
-0.98618 -0.03283 -0.09537 17.34645 65.36806 -8.41009 
-0.99423 -0.03210 -0.08719 39.23669 77.80708 -6.21496 
-1.00180 -0.03661 -0.09037 30.33426 -7.37585 5.24845 
-1.00217 -0.03796 -0.09513 -0.76331 -61.94902 14.88260 
-0.99936 -0.04003 -0.10074 -12.95843 -51.33926 4.82162 
-1.00632 -0.03845 -0.10441 -18.93404 17.38025 13.11431 
-0.99936 -0.02978 -0.09049 -10.94623 41.89244 21.34601 
-1.00900 -0.03295 -0.09110 -6.86087 22.56318 22.19967 
-1.00729 -0.03820 -0.09708 -4.60477 -24.99780 -5.30033 
-0.98447 -0.03784 -0.08915 2.04157 -85.72951 -42.00765 
-0.98373 -0.03112 -0.08353 9.78547 -98.71732 -36.27594 
-0.98813 -0.03552 -0.08573 1.73669 -54.87585 -1.27594 
-1.00974 -0.04089 -0.09171 10.70011 -12.92463 6.95577 
-1.00668 -0.03637 -0.08927 6.18791 -6.15634 8.66309 
-0.98996 -0.03967 -0.07926 20.88303 -31.94902 -7.43448 
-0.97617 -0.03869 -0.08304 24.35865 -12.25390 -13.95887 
-0.99179 -0.03820 -0.08646 16.43182 16.46561 -2.25155 
-0.99350 -0.04382 -0.07767 9.90742 16.46561 1.83382 
-0.99106 -0.03686 -0.08707 -11.49502 8.29488 11.22406 
-0.97189 -0.03076 -0.08707 -19.90965 -4.69292 12.56553 
-0.95920 -0.03539 -0.08280 -11.73892 0.00220 12.56553 
-0.97678 -0.03649 -0.08549 -3.75111 9.81927 8.17528 
-1.00522 -0.03063 -0.08219 8.20011 1.03878 8.78504 
-1.01413 -0.04785 -0.08317 34.17572 -24.81488 -24.08082 
-0.99960 -0.04772 -0.08231 17.52938 -13.59536 -28.16618 
-0.99362 -0.04382 -0.08292 -1.98282 11.16074 -5.91009 
-1.02219 -0.04077 -0.08878 -4.54380 27.01440 12.68748 
-1.02365 -0.03784 -0.08890 -6.55599 1.22171 15.79723 
-1.01181 -0.04064 -0.09037 -10.64136 -43.65634 27.93138 
-1.00913 -0.04162 -0.08939 -6.12916 -37.86366 19.15089 
-1.01218 -0.03466 -0.08658 -20.27550 -0.97341 8.96796 
-1.01767 -0.03332 -0.08512 -20.70233 -24.87585 6.77284 
-1.01755 -0.03368 -0.08719 -17.22672 -119.44902 9.27284 
-1.00009 -0.02844 -0.07560 -44.23892 -189.93684 27.62650 
-0.97739 -0.03515 -0.07084 -30.94624 -181.27831 48.05333 
-1.00607 -0.03784 -0.06742 -24.42184 -144.44904 44.76065 
-0.99326 -0.03527 -0.05790 1.61474 -156.82709 11.71187 
-0.97373 -0.02660 -0.03678 42.16352 -165.72952 6.89479 
-0.99069 -0.02844 -0.03104 62.40742 -173.10757 13.66309 
-0.99948 -0.02868 -0.03397 50.88303 -193.35147 18.23626 
-1.00937 -0.02709 -0.02079 45.63913 -234.75391 3.66308 
-0.99851 -0.03014 -0.01334 31.12694 -244.63196 -11.94667 
-0.99460 -0.02880 -0.00236 5.21230 -215.05879 9.88260 
-0.99619 -0.02892 0.00863 10.45621 -204.20512 14.33382 
-0.99728 -0.02050 0.00997 17.22450 -202.55879 29.45577 
-0.99985 -0.01891 0.01180 33.38303 -208.59537 21.95577 
-1.02829 -0.02270 0.02157 35.09035 -241.33928 23.78504 
-1.01340 -0.02123 0.03903 33.38303 -307.07098 0.98016 
-1.01413 -0.02563 0.05282 44.90742 -318.41245 -24.08082 
-1.00900 -0.02660 0.05734 27.95621 -312.31488 -36.70277 
-0.99118 -0.02148 0.08419 29.05377 -341.88806 -14.75155 
-0.97434 -0.02624 0.09811 8.20011 -377.49780 29.33382 
-1.00021 -0.02502 0.10555 8.01718 -388.90027 58.54113 
-1.01144 -0.02209 0.10409 7.28547 -361.03439 42.80943 
-0.98654 -0.02197 0.12997 21.00499 -362.49780 -22.73935 
-0.97897 -0.02001 0.14535 13.07816 -407.68076 -18.83691 
-0.96286 -0.02648 0.17282 2.52938 -506.46124 -12.80033 
-0.92929 -0.02245 0.20663 22.59035 -550.85150 10.18748 
-0.97556 -0.02429 0.19772 77.40742 -551.58319 33.11430 
-0.95688 -0.01672 0.22897 72.40742 -474.44904 79.15089 
-0.98581 -0.01806 0.24447 62.59035 -460.36368 63.41919 
-0.96445 -0.02233 0.27645 52.77328 -585.91248 49.39479 
-0.94455 -0.01550 0.28988 40.76108 -683.77832 51.71186 
-0.93613 -0.00866 0.29476 39.41962 -666.33929 56.40699 
-0.94284 -0.00207 0.33798 47.46840 -574.02222 43.60211 
-0.91879 0.00440 0.35165 23.62694 -512.92462 45.67528 
-0.91257 -0.00952 0.37460 7.28547 -541.27832 57.87040 
-0.90854 -0.00817 0.38607 -25.51941 -558.65637 47.74845 
-0.91000 -0.01513 0.41574 -69.17794 -567.86365 25.67528 
-0.91879 0.00782 0.43527 -46.19014 -600.18073 21.89479 
-0.86386 0.00257 0.46725 -1.06819 -649.51001 41.58992 
-0.85458 0.00941 0.48092 7.10255 -668.53442 50.12650 
-0.82394 0.01124 0.50070 5.57816 -623.53442 58.60211 
-0.85434 -0.00170 0.52011 -8.08038 -535.24170 62.26065 
-0.85397 0.00489 0.54135 -32.40965 -447.31488 21.89479 
-0.82907 -0.00488 0.55221 -41.86087 -445.72952 5.18748 
-0.83273 0.00892 0.56454 -0.15355 -508.53439 24.27284 
-0.78134 -0.00939 0.61117 4.60255 -555.60760 56.83382 
-0.77072 0.00159 0.61947 -18.32428 -564.93683 57.38260 
-0.75485 0.00831 0.62936 -22.28770 -554.51001 37.32162 
-0.75595 0.00196 0.63290 -24.11697 -509.57098 37.62650 
-0.80100 0.02869 0.65194 17.04157 -402.31488 16.10211 
-0.78464 0.01575 0.67135 47.40742 -325.30270 -2.61740 
-0.71384 0.00550 0.66879 7.52938 -347.01001 -20.48326 
-0.68527 -0.00158 0.70931 -41.55599 -456.15634 -33.65399 
-0.67831 -0.00060 0.71115 -102.28770 -575.79053 -38.47106 
-0.65634 0.01111 0.70895 -66.92184 -565.60760 -54.81253 
-0.67001 0.00111 0.72775 -45.51941 -494.99783 -36.76374 
-0.67709 -0.00927 0.73300 -31.79989 -444.08319 -2.31252 
-0.63693 -0.01037 0.75997 -38.44624 -483.47342 38.72406 
-0.62363 -0.00549 0.78024 -53.81209 -515.97339 26.22406 
-0.60202 -0.01464 0.79220 -56.12916 -511.03439 -22.98326 
-0.60373 -0.01269 0.80013 -38.99502 -499.81488 -38.22716 
-0.59433 -0.01232 0.79684 18.38303 -497.61978 4.33382 
-0.58713 -0.01684 0.81588 91.85864 -459.51001 28.48016 
-0.57590 -0.00890 0.84677 85.82206 -407.01001 11.34601 
-0.58151 -0.01684 0.87094 20.09035 -357.43683 -9.01984 
-0.56931 0.01063 0.86752 3.56596 -394.57098 -22.61740 
-0.51083 0.00538 0.84860 85.27328 -543.65637 -8.59301 
-0.46274 0.01026 0.85055 113.93182 -644.93683 38.05333 
-0.45004 -0.00280 0.86935 55.09035 -720.11975 54.82162 
-0.45151 0.01063 0.88217 -30.70233 -740.79053 31.34601 
-0.43430 0.01111 0.90048 -95.70233 -786.27832 -9.01984 
-0.37778 0.01148 0.90426 -64.05599 -769.93683 -27.98326 
-0.36557 0.00294 0.91732 -42.28770 -688.29053 8.96796 
-0.34006 -0.00060 0.92465 -9.97062 -558.16858 5.55333 
-0.29855 0.03480 0.93978 -29.23892 -507.43686 -8.77594 
-0.28598 -0.00329 0.94406 -17.89745 -484.99783 -41.27594 
-0.29977 -0.00927 0.92684 4.23669 -454.75391 -20.30033 
-0.29367 -0.03808 0.92025 116.85864 -443.77832 -21.33691 
-0.24350 -0.02441 0.94027 135.88304 -466.09537 71.58992 
-0.22861 -0.00048 0.98593 139.48059 -495.85147 151.58992 
-0.22018 0.00831 0.98104 68.62694 -529.57098 208.17528 
-0.18881 0.05091 1.01486 6.24889 -586.64417 191.34601 
-0.14755 0.08301 1.04891 -22.53160 -606.52222 126.04115 
-0.13315 0.03443 0.98641 -50.39746 -567.92462 -17.67838 
-0.10935 0.01197 0.97836 -11.49502 -530.91248 -76.76374 
-0.09287 0.01673 1.03146 -0.64136 -494.44904 -107.37350 
-0.12058 0.03443 1.00595 -50.64136 -467.55881 -120.30033 
-0.10861 0.02259 0.98886 -94.97063 -474.08319 -97.43447 
-0.01779 -0.02795 1.01046 -76.55599 -480.11978 -37.25155 
-0.00754 -0.00329 1.01901 -27.71453 -380.60757 -24.81252 
0.02579 -0.00585 1.01046 -1.37306 -240.18074 16.10211 
-0.01022 0.01734 1.01962 -7.59258 -81.27829 79.63870 
-0.02292 -0.00756 1.05526 -12.47062 -54.44902 60.61431 
-0.04257 0.01124 1.06747 3.07816 -51.94902 33.84601 
-0.00974 -0.00268 1.04635 11.49279 -0.11975 57.68747 
0.01382 0.00257 1.02255 -46.73892 -13.22951 44.39479 
0.02994 -0.00622 1.01950 -29.11697 -102.25390 28.90699 
0.01077 0.00220 1.02938 48.99279 -124.87585 24.63869 
0.00980 -0.02319 1.03402 97.83425 -32.19292 32.50455 
-0.01181 0.02479 1.00680 169.84645 22.68513 77.50455 
-0.00937 0.02381 1.01632 196.55377 -29.14414 71.89480 
0.03470 0.03455 0.95260 165.33426 -79.57098 33.84601 
0.06985 0.02503 0.92050 53.74889 -30.85146 59.88260 
0.05130 -0.00219 0.94992 -16.61697 51.40464 59.82162 
0.02225 -0.00463 0.95529 -28.20233 21.09976 1.58992 
-0.00717 0.04847 0.94052 -86.79990 -97.00999 -53.59301 
0.00638 0.03760 0.96078 -172.95844 -167.07098 -92.67838 
0.01285 -0.00585 1.02535 -142.53160 -55.42463 -67.55643 
-0.01267 -0.01013 1.05721 -27.77550 101.40464 1.34601 
0.00198 -0.00231 1.02389 40.94401 43.35586 22.62650 
0.03397 0.00953 0.99301 55.51718 -19.38805 4.94357 
0.02908 0.03260 0.96554 61.79767 9.45342 -4.81252 
0.03665 0.00342 0.98019 25.45621 85.12415 -8.53204 
-0.01962 0.02698 1.01449 -10.88526 66.28269 -22.25155 
-0.01340 0.00159 1.02023 -36.37307 -22.43683 -15.54423 
-0.00827 -0.00048 1.02340 -30.03160 -38.96122 -0.72716 
0.00003 0.00696 0.99862 14.41962 12.56317 -18.53204 
0.00955 0.00757 0.98165 64.78548 41.95342 -36.88570 
0.01053 0.01978 0.98068 90.09035 49.57537 -26.70277 
0.01773 0.01905 0.99325 102.83425 76.64854 -8.16618 
0.01395 0.03724 0.99423 94.35864 77.19733 -3.77594 
-0.00900 0.05469 1.00387 33.26108 34.81927 -9.75155 
-0.00253 0.05054 1.01766 2.52938 7.74610 -15.42228 
-0.00705 0.05006 1.03231 -14.54380 3.23391 -20.42228 
0.00198 0.03358 1.03658 -10.76331 11.40464 -29.75155 
-0.00473 0.03065 1.02596 24.35865 25.12415 -22.73935 
-0.00620 0.03236 1.00546 63.74889 50.18513 -11.76374 
-0.00559 0.02747 1.00643 65.45621 50.67293 -11.82472 
-0.00327 0.03504 0.99203 53.62694 35.79488 -5.78813 
0.00467 0.03309 0.97872 50.63913 31.40464 -12.06862 
-0.01083 0.04200 0.97885 43.99279 48.41684 -28.83691 
-0.01975 0.04847 0.97470 46.91962 56.58756 -37.06862 
-0.03964 0.05457 0.98922 28.13913 54.33147 -40.30033 
-0.03610 0.03846 1.00729 5.82206 39.51440 -25.60521 
-0.02927 0.03077 1.00936 20.70011 37.92903 -10.48326 
-0.02487 0.03687 1.00656 44.60255 55.49001 2.74845 
-0.02048 0.03528 1.00656 59.05377 65.42903 0.67528 
-0.02976 0.04664 0.99471 70.70011 58.11195 -10.17838 
-0.01291 0.04725 0.97897 41.49279 35.67293 -11.15399 
-0.01779 0.03919 0.98129 18.01718 19.33147 -10.78813 
-0.02292 0.04005 0.98641 8.62694 18.78269 -28.65399 
-0.03928 0.05701 0.99789 13.50498 33.66074 -37.61740 
-0.05368 0.05799 1.02658 24.35865 68.29488 -34.26374 
-0.04587 0.07020 1.01486 52.71230 80.55098 -15.05643 
-0.04392 0.08094 0.98776 66.98060 67.74610 4.88260 
-0.02902 0.07239 0.96981 39.72450 45.18513 6.83382 
-0.03256 0.07007 0.95284 1.06596 17.74610 7.68748 
-0.04623 0.05530 0.97653 -42.59258 -2.86366 -2.73935 
-0.05991 0.04603 1.01132 -38.08038 4.94122 -15.30033 
-0.05869 0.05347 1.01632 2.95620 28.59976 -13.59301 
-0.06381 0.05970 1.01168 21.24889 37.74610 1.65089 
-0.04648 0.05396 1.00021 42.77328 43.53878 18.05333 
-0.03915 0.05933 0.99667 46.67572 47.92903 17.99236 
-0.03207 0.05421 0.99313 47.22450 45.49001 3.66308 
-0.03366 0.06080 0.99252 37.40742 39.08757 -14.20277 
-0.04269 0.06812 0.99398 18.68791 27.74610 -11.33691 
-0.05966 0.07557 1.00460 6.43182 24.57537 -13.83691 
-0.06540 0.07020 1.00448 14.66352 31.22171 -7.73935 
-0.06406 0.06666 1.01327 22.77328 36.95342 -8.28813 
-0.06455 0.06104 1.00009 35.09035 31.83147 -7.98326 
-0.05380 0.05848 0.98434 38.68791 16.70951 -4.32472 
-0.05002 0.06019 0.98263 16.98059 5.73391 -5.42228 
-0.04990 0.06348 0.98202 19.41962 18.29488 -17.55643 
-0.05649 0.06592 0.98483 12.16352 34.20952 -15.97106 
-0.06918 0.06043 1.00973 -1.98282 29.14854 -13.41009 
-0.07407 0.06507 1.01144 2.16352 16.58756 -16.70277 
-0.06296 0.07532 0.99642 11.55377 18.17293 -15.11740 
-0.06284 0.08643 0.97982 14.17572 19.02659 -3.65399 
-0.05954 0.07886 0.98763 5.94401 14.08756 7.80943 
-0.06601 0.07459 0.99008 -3.38526 18.23391 12.93138 
-0.06723 0.07264 1.00082 -9.66575 16.46561 -2.37350 
-0.07687 0.07813 0.99545 -12.77550 -0.60756 -15.91009 
-0.07016 0.07911 0.99618 -9.84867 -1.82707 -11.88569 
-0.06979 0.07337 1.00521 -6.43404 8.35586 9.02894 
-0.06186 0.06763 1.00570 -1.79989 1.89244 13.29723 
-0.06113 0.06165 1.00033 2.04157 -7.68073 7.62650 
-0.06198 0.07105 0.98434 6.79767 -10.11975 -8.65399 
-0.05783 0.06165 0.99093 -12.22672 -16.58317 -6.94667 
-0.06381 0.06519 1.00106 -16.25111 -17.37585 -3.53204 
-0.05820 0.05823 0.99301 -14.66575 -7.61975 7.62650 
-0.06674 0.06702 0.99618 -0.39745 0.42903 9.76065 
-0.07297 0.06861 0.99764 13.38303 11.03878 -14.75155 
-0.07053 0.07032 0.99227 20.63913 18.66074 -18.95887 
-0.05576 0.07679 0.98422 15.09035 9.63634 -1.39789 
-0.05270 0.07825 0.98080 5.63913 4.75830 9.21187 
-0.06174 0.07581 0.98605 5.63913 7.07537 -8.41009 
-0.08298 0.07813 1.01229 -1.98282 21.16074 -21.21496 
-0.07810 0.07545 1.00839 9.60255 14.94122 -13.77594 
-0.07590 0.08204 0.99874 11.43182 2.31927 3.72406 
-0.05222 0.06629 0.99044 9.54157 -3.65634 11.04113 
-0.04941 0.07154 0.98226 7.59035 -11.70512 4.39479 
-0.05185 0.07532 0.98763 -7.04380 -8.41244 -13.41009 
-0.06711 0.07227 0.99325 -13.56819 1.58756 -12.06862 
-0.08591 0.07862 1.00558 -7.95843 6.46561 -14.20277 
-0.08090 0.07154 1.01522 10.02938 16.89244 -7.80033 
-0.07614 0.07654 0.99313 29.35865 18.17293 12.19967 
-0.05942 0.07972 0.97592 22.04157 13.78269 23.48016 
-0.06699 0.07093 0.98727 -8.44623 -0.24170 12.44357 
-0.06259 0.06190 0.98617 -28.62916 -20.18073 3.78504 
-0.06735 0.05530 0.99130 -49.97063 -31.15634 -6.58082 
-0.06393 0.04774 1.00143 -37.10477 -14.57097 -10.78813 
-0.06784 0.06141 1.00033 10.45621 21.83147 -7.49545 
-0.05747 0.07032 0.98385 28.38303 33.84366 3.90699 
-0.06345 0.07850 0.99105 -2.04380 25.67293 8.90699 
-0.06601 0.07630 1.00057 -19.78770 15.61195 -2.73935 
-0.07748 0.07777 1.00009 -24.48282 7.38025 -24.69057 
-0.08579 0.07484 1.00216 -15.82428 0.12415 -20.78814 
-0.08054 0.07520 0.99008 1.37084 3.90464 -2.49545 
-0.07822 0.08204 0.98165 18.93182 8.84366 8.29723 
-0.06540 0.07691 0.98178 15.70011 18.72171 0.24845 
-0.08017 0.07654 0.99679 12.71230 21.89244 -3.65399 
-0.07724 0.06629 1.01229 4.11474 14.69732 0.85821 
-0.07748 0.06263 1.00973 -6.12916 -3.71731 13.72406 
-0.05930 0.05994 1.00167 -3.99501 -29.20512 17.62650 
-0.06467 0.06470 0.98763 0.45620 -29.81488 2.74845 
-0.05283 0.06336 0.98141 0.27328 -9.20512 -6.45887 
-0.06125 0.06336 0.98678 15.51718 24.08757 -14.75155 
-0.07370 0.06824 0.99362 20.88303 34.69732 -9.99545 
-0.08810 0.08167 0.99838 18.80986 26.95342 5.61430 
-0.07541 0.07545 0.99166 17.10255 7.68512 12.19967 
-0.05966 0.08143 0.97372 10.45621 3.84366 10.24845 
-0.06613 0.07313 0.97433 8.93182 24.63634 -7.73935 
-0.07687 0.06837 1.00021 1.06596 49.14854 -13.59301 
-0.08713 0.07093 1.00949 6.49279 52.13634 -12.80033 
-0.09177 0.08192 0.99752 0.39523 23.66074 -9.38569 
-0.08933 0.07215 1.00253 -11.73892 16.52659 -3.95887 
-0.08579 0.06434 1.00863 -2.04380 -5.42463 6.77284 
-0.07394 0.06336 1.00570 7.46840 -16.76609 11.83382 
-0.06052 0.06885 0.99325 15.39523 -11.15634 12.93138 
-0.06308 0.07532 0.97860 27.95621 5.49000 3.60211 
-0.07822 0.08167 0.98739 6.79767 10.06317 -14.69057 
-0.09604 0.07886 0.99288 -13.14136 -8.77829 -24.26374 
-0.09714 0.07435 1.00656 -24.48282 -15.36366 -21.33691 
-0.08493 0.07435 0.99520 -17.16575 -29.32707 8.23626 
-0.06101 0.07386 0.97396 -2.16575 -36.46122 16.16309 
-0.05417 0.07752 0.96798 -3.81209 -7.86366 11.83382 
-0.05270 0.07178 0.97653 -13.50721 9.27049 -9.20277 
-0.08542 0.07447 1.00424 -17.77550 12.44122 -21.27594 
-0.10336 0.07227 1.02609 -10.27550 9.02659 -13.22716 
-0.10092 0.07569 1.02194 5.21230 4.81927 2.56553 
-0.06650 0.07093 0.98739 11.98060 -10.11975 22.44357 
-0.04990 0.07020 0.96859 5.45620 -14.57097 26.71186 
-0.05905 0.06739 0.9