-0.08114 3.92454 -25.71993 

-0.12463 3.59785 -25.91601 

0.41279 3.71676 -25.95753 

0.26815 3.86933 -25.95904 

0.01607 4.22548 -26.04633 

-1.04470 4.21335 -26.32098 

-1.05561 4.42291 -26.15756 

-0.81289 4.25447 -26.37818 

-1.07873 4.30791 -26.24507 

-1.27961 4.11040 -26.52419 

-1.09005 4.54526 -26.55807 

-0.08923 4.93115 -26.46159 

-0.58224 4.82943 -26.64411 

-1.29749 4.35250 -26.87952 

-8.43231 2.36405 -27.37930 

-34.44162 -12.44046 -24.14478 

-60.94267 -22.46553 -15.03281 

-76.99316 -25.41672 -10.07094 

-88.35044 -26.57167 -5.33390 

-90.71800 -26.77484 -3.96228 

-92.37363 -26.86545 -3.77334 

-93.86236 -26.99712 -3.20932 

-94.67512 -27.05735 -2.96463 

-94.23317 -26.57976 -3.33456 

-94.22050 -26.89081 -3.39349 

-94.35735 -26.83015 -3.39537 

-94.75453 -26.91548 -3.02877 

-94.79033 -26.67851 -3.25790 

-94.74353 -26.72861 -3.09279 

-94.83714 -26.74246 -3.02418 

-92.52656 -26.74166 -4.03278 

-67.05781 -23.10433 -15.51812 

-35.17491 -10.94405 -25.17467 

-15.98621 -0.56774 -28.50515 

-5.01807 1.97175 -27.56950 

-2.29312 2.27519 -28.18521 

-5.25602 2.02571 -28.51944 

-6.62134 2.03944 -28.60530 

-6.85224 2.09480 -28.77474 

-6.87738 2.49393 -29.06816 

-7.10308 2.94388 -29.22065 

-7.31451 2.82090 -29.29855 

-7.46543 2.81169 -29.43054 

-7.57350 2.90381 -29.47676 

-7.01072 3.01807 -29.44791 

-8.09911 2.86914 -29.68962 

-13.40372 0.51075 -30.32232 

-23.46329 -4.31965 -30.13968 

-32.18334 -7.56932 -29.11659 

-43.04916 -12.62836 -26.75284 

-52.92009 -17.43583 -23.70471 

-63.75671 -20.97524 -19.09091 

-74.01272 -23.23545 -15.29197 

-80.57025 -25.32706 -11.53395 

-86.73811 -26.60595 -7.51293 

-89.87962 -27.35398 -6.35442 

-91.38629 -28.09675 -5.60807 

-92.34805 -28.66052 -4.82542 

-92.16473 -28.80817 -4.78845 

-92.19246 -29.27452 -4.71523 

-92.42776 -29.05373 -4.79627 

-92.84585 -29.07688 -4.51202 

-93.32179 -28.99383 -4.29426 

-93.26992 -28.96944 -4.40009 

-93.00963 -29.05151 -4.37857 

-90.14741 -29.06484 -5.40699 

-82.43333 -28.14042 -8.96739 

-70.63489 -26.19916 -14.33806 

-61.10728 -23.98791 -18.16243 

-48.12809 -20.03510 -23.23321 

-33.71992 -13.44929 -28.09204 

-24.30157 -7.59213 -29.97632 

-16.49886 -3.72407 -30.43227 

-12.81406 -2.37280 -30.19793 

-12.46165 -1.71703 -30.03888 

-11.70507 -0.55133 -29.59342 

-11.18961 0.17959 -29.24554 

-9.33039 1.92154 -29.14819 

-7.23330 3.34649 -29.45547 

-6.16825 4.30768 -29.54535 

-6.09207 4.22482 -29.56710 

-6.69688 4.01991 -30.32532 

-7.09300 3.75332 -30.03822 

-7.21362 3.73230 -29.84425 

-7.24761 3.91163 -29.80340 

-7.27596 3.97314 -29.68238 

-7.27596 4.00026 -29.70665 

-7.00523 4.12110 -30.06679 

-7.07460 4.15089 -30.06815 

-7.41348 4.03812 -30.18987 

-7.48791 4.23484 -30.42892 

-7.18402 4.29472 -30.44789 

