-2.31083 -1.14125 -71.22937 

-2.30038 -1.15242 -71.31908 

-2.28809 -1.16586 -71.40769 

-2.28098 -1.17263 -71.48948 

-2.27002 -1.18644 -71.58010 

-2.26018 -1.19232 -71.66097 

-2.24722 -1.20452 -71.75444 

-2.23318 -1.21652 -71.84566 

-2.22661 -1.22524 -71.92651 

-2.21406 -1.23472 -72.01389 

-2.20521 -1.23077 -72.09270 

-2.18437 -1.10034 -72.18215 

-2.17251 -1.09220 -72.27322 

-2.16701 -1.08609 -72.34899 

-2.15800 -1.10169 -72.43864 

-2.14173 -1.13579 -72.51632 

-1.88832 -1.10305 -78.61089 

-1.29963 -1.22883 -97.87244 

-0.98350 -1.37567 -116.16507 

-0.43497 -1.10803 -141.34351 

0.03758 -0.95230 -156.26089 

0.35953 -0.82837 -163.18596 

0.49132 -0.81700 -166.05415 

0.58204 -0.84529 -166.81496 

0.65563 -0.89900 -166.90645 

0.72651 -0.94470 -166.98758 

0.80039 -0.99221 -167.07758 

0.86228 -1.03953 -167.16791 

0.91876 -1.07502 -167.24776 

0.98045 -1.11791 -167.33591 

1.03831 -1.15780 -167.42809 

1.08642 -1.19076 -167.50401 

1.14050 -1.25483 -165.51161 

1.10195 -1.62063 -154.44746 

0.84286 -2.08084 -133.68993 

-0.08026 -2.24737 -110.63257 

-0.67005 -2.20272 -89.14240 

-1.24784 -2.15059 -74.24716 

-1.32237 -2.04224 -72.16930 

-1.38598 -2.00916 -72.27582 

-1.42155 -1.99089 -73.33872 

-1.46659 -1.97281 -73.49606 

-1.51606 -1.95295 -73.58635 

-1.56354 -1.93191 -73.66389 

-1.61177 -1.91211 -73.75263 

-1.66459 -1.94384 -73.84584 

-1.70119 -1.88125 -73.92654 

-1.74253 -1.85399 -74.01672 

-1.77776 -1.84068 -74.09674 

-1.80964 -1.79432 -74.18620 

-1.83668 -1.77546 -74.27690 

-1.84155 -1.79048 -75.33359 

-1.71465 -1.84226 -81.57510 

-1.54580 -1.90314 -90.03733 

-1.22560 -1.92505 -101.17969 

-0.92809 -1.92069 -112.89588 

-0.61781 -1.90069 -122.88300 

-0.30419 -1.88116 -133.39532 

-0.02856 -1.73958 -144.30943 

0.20001 -1.56472 -153.46136 

0.43944 -1.37838 -161.55931 

0.57092 -1.29690 -166.95036 

0.70807 -1.24053 -170.74454 

0.82500 -1.21647 -172.51039 

0.89336 -1.24383 -172.58463 

0.97245 -1.27805 -172.65642 

1.03923 -1.30064 -172.62144 

1.10805 -1.34449 -172.20644 

1.16363 -1.37731 -172.03914 

1.22303 -1.40587 -172.11424 

1.28299 -1.43123 -172.20609 

1.32858 -1.44741 -172.28371 

1.36879 -1.46842 -172.15797 

1.36886 -1.58518 -167.51794 

1.38221 -1.71166 -162.89482 

1.30926 -1.89204 -156.47777 

1.12787 -2.06121 -148.12729 

0.93632 -2.33446 -135.29648 

0.58247 -2.49627 -123.36669 

0.21614 -2.62574 -113.81842 

-0.12792 -2.65732 -103.14848 

-0.42481 -2.65740 -94.82642 

-0.67122 -2.60271 -88.87700 

-0.93597 -2.51077 -82.75481 

-1.03925 -2.45065 -81.57413 

-1.10374 -2.41782 -81.30816 

-1.24013 -2.34106 -79.27401 

-1.29872 -2.31024 -79.34703 

-1.35483 -2.25737 -79.43884 

-1.41108 -2.20314 -79.52333 

-1.46321 -2.16447 -79.61435 

-1.51791 -2.12555 -79.70846 

-1.56053 -2.09514 -79.79064 

-1.60365 -2.05756 -79.88500 

-1.64138 -2.02603 -79.96558 

-1.67626 -1.99385 -80.05746 

-1.71433 -1.96720 -80.14536 

-1.74293 -1.94142 -80.22742 

-1.77741 -1.91369 -80.31841 

-1.80141 -1.88660 -80.39860 

-1.82814 -1.85779 -80.49493 

-1.85525 -1.83209 -80.58392 

-1.87513 -1.80833 -80.66483 

-1.89399 -1.78949 -80.75832 

-1.91320 -1.77038 -80.83699 

-1.93458 -1.74928 -80.92734 

-1.94877 -1.72950 -81.02039 

