-2.27461 1.70237 -60.92865 

-2.29118 1.49768 -60.94743 

-2.23319 1.25899 -60.96836 

-1.93095 1.15634 -61.21970 

-1.95982 0.86572 -61.24081 

-2.12217 0.84188 -61.30308 

-2.04048 0.75714 -61.78494 

-2.23075 0.55001 -61.61046 

-1.92316 0.83783 -62.42125 

-2.08830 0.91793 -62.33276 

-1.71562 2.09545 -62.31562 

-1.38966 1.83806 -62.46516 

4.11303 -1.33246 -62.60223 

21.36271 -11.70298 -64.14191 

50.78126 -24.44119 -72.86314 

74.85878 -29.03641 -83.79110 

85.04565 -27.63436 -86.44521 

88.82742 -28.15328 -87.46388 

89.66855 -29.28297 -88.10559 

89.75942 -30.26002 -88.26212 

90.19294 -30.42075 -88.49148 

90.43227 -30.86746 -88.39596 

90.80915 -31.20739 -88.85325 

91.04316 -31.71578 -89.36117 

91.30801 -31.96214 -89.66662 

91.04411 -32.15498 -89.68763 

89.71185 -32.57162 -89.30437 

78.56173 -33.03172 -84.09576 

58.12065 -31.16686 -74.57826 

30.23550 -22.33096 -63.51137 

10.96174 -8.85484 -59.91619 

2.23510 -4.32550 -59.39829 

-2.12533 -2.35652 -59.36745 

-1.69292 -0.92033 -60.94681 

-0.62942 -1.86595 -61.84010 

-0.46465 -1.53761 -61.74554 

-0.46163 -1.81970 -61.79865 

-0.64436 -1.73387 -61.87138 

-0.38884 -1.61587 -61.75468 

-0.56142 -1.44353 -61.77815 

-0.65380 -1.44613 -61.80446 

-1.00614 -1.38318 -61.89777 

-0.45928 -1.42306 -62.18180 

4.65321 -4.83871 -63.11553 

10.33778 -7.98396 -63.60250 

18.58491 -12.70803 -65.14130 

25.49181 -16.52335 -66.11639 

33.58867 -18.98030 -68.71241 

43.16822 -22.05679 -71.87845 

53.34809 -25.28043 -75.30172 

66.94678 -27.50895 -79.41624 

78.10216 -27.59310 -83.71621 

87.40154 -28.35541 -87.33971 

94.68565 -28.61593 -89.63495 

102.05381 -27.93993 -92.98244 

101.94820 -28.11086 -93.35531 

101.37946 -27.75417 -94.38709 

100.82315 -27.50115 -95.84496 

100.19897 -27.56435 -95.60882 

99.72453 -27.69924 -95.60443 

98.29565 -27.66999 -95.44114 

93.46398 -27.99754 -93.68056 

84.82522 -28.01011 -90.90693 

73.97304 -26.88050 -85.66615 

62.98214 -26.38101 -80.76449 

47.73957 -22.65777 -73.45216 

33.54759 -18.63386 -68.47489 

23.71473 -15.36281 -65.81944 

15.59901 -10.99716 -63.39273 

6.15703 -8.01025 -62.93081 

0.16379 -5.06743 -63.80742 

-1.04590 -3.47515 -64.08705 

-0.28000 -4.28016 -64.00169 

0.21751 -3.86964 -64.26225 

0.24154 -0.99991 -64.24091 

0.22558 -1.41500 -64.41057 

-0.53083 -1.99294 -64.82156 

-0.65093 -3.10117 -64.69276 

-0.82909 -3.58865 -64.56056 

-0.75515 -4.36001 -64.45594 

-0.86538 -4.79421 -64.44538 

-0.65893 -5.17924 -64.14339 

-0.61331 -5.93991 -63.70106 

-0.83218 -5.87153 -63.81417 

-0.87756 -5.80403 -63.80059 

-1.13456 -5.62349 -64.04124 

-1.16599 -5.77371 -64.14877 

-1.45266 -5.86478 -64.29276 

-1.63667 -5.91505 -64.38824 

