0.02661 0.04309 0.91357 0.16794 1.25954 1.28244 
0.02686 0.04114 0.91858 0.23664 1.25954 1.19084 
0.02795 0.04028 0.91174 0.08397 1.25954 1.22137 
0.02527 0.03601 0.91406 0.05344 1.19084 1.09924 
0.02222 0.03857 0.90881 -0.09924 1.35115 1.09924 
0.02368 0.03699 0.91711 -0.05344 1.36641 1.16794 
0.02917 0.03552 0.90674 0.09924 1.16031 1.22137 
0.02771 0.03699 0.90784 -0.12214 1.32824 1.16794 
0.02014 0.03809 0.91638 -0.01527 1.29008 1.13740 
0.02112 0.04041 0.91248 0.20611 1.22137 1.16031 
0.02002 0.04065 0.90918 0.07634 1.24427 1.19847 
0.02966 0.03918 0.91479 0.00763 1.35878 1.15267 
0.02759 0.03870 0.91504 0.04580 1.36641 1.12977 
0.02686 0.03479 0.91626 0.05344 1.30534 1.13740 
0.02466 0.03210 0.91003 0.00000 1.29771 1.15267 
0.02148 0.03601 0.90942 -0.08397 1.38931 1.15267 
0.02307 0.03650 0.91504 -0.09160 1.32061 1.12977 
0.02527 0.03943 0.91663 0.14504 1.29008 1.03053 
0.02368 0.03943 0.90979 0.11450 1.17557 1.14504 
0.02734 0.03772 0.91541 -0.09160 1.31298 1.15267 
0.02698 0.03320 0.91650 -0.12214 1.39695 1.12977 
0.02295 0.03467 0.91406 -0.03053 1.31298 1.19847 
0.02551 0.03406 0.91357 0.05344 1.23664 1.20611 
0.02002 0.03748 0.90869 0.14504 1.25954 1.24427 
0.02295 0.04321 0.91467 0.02290 1.30534 1.16794 
0.02637 0.04431 0.91687 0.08397 1.27481 1.11450 
0.02576 0.03711 0.91406 -0.03817 1.28244 1.08397 
0.02588 0.03113 0.90955 0.02290 1.38168 1.15267 
0.02588 0.02856 0.91431 -0.06870 1.33588 1.19084 
0.02258 0.03247 0.91443 0.06870 1.19847 1.12977 
0.01880 0.03674 0.90869 0.16031 1.20611 1.19084 
0.02283 0.04163 0.90833 0.10687 1.20611 1.22137 
0.03174 0.04260 0.91443 -0.09924 1.31298 1.09924 
0.03357 0.04211 0.91650 -0.15267 1.32824 1.12214 
0.03442 0.04004 0.91321 0.05344 1.26718 1.08397 
0.01990 0.02820 0.90088 -0.11450 1.30534 1.10687 
0.01038 0.02734 0.91443 -0.32824 1.43511 1.16031 
0.01672 0.03088 0.91846 -0.17557 1.32824 1.29771 
0.02966 0.03735 0.92151 0.09924 1.20611 1.25191 
0.04028 0.04443 0.91235 0.16794 1.16031 1.29771 
0.03003 0.04541 0.90625 -0.15267 1.38931 1.22901 
0.01453 0.04150 0.91833 -0.27481 1.45038 1.15267 
0.01074 0.03577 0.91394 -0.27481 1.40458 1.15267 
0.01770 0.03040 0.91235 -0.06870 1.19847 1.27481 
0.02832 0.02844 0.91040 -0.06107 1.32824 1.24427 
0.03088 0.03613 0.91541 -0.07634 1.37405 1.16031 
0.02869 0.03906 0.91113 -0.03053 1.45802 1.15267 
0.02710 0.04138 0.91028 0.05344 1.29008 1.14504 
0.02112 0.04028 0.91052 -0.10687 1.35878 1.12214 
0.01733 0.03699 0.91577 -0.05344 1.31298 1.11450 
0.02100 0.03271 0.92017 0.05344 1.34351 1.14504 
0.02588 0.03247 0.92090 0.16031 1.35878 1.11450 
0.03308 0.03699 0.90930 0.21374 1.25954 1.09160 
0.02673 0.03955 0.91235 -0.07634 1.48855 1.12977 
0.01868 0.04004 0.91492 -0.16031 1.49618 1.16794 
0.01648 0.03259 0.91736 -0.00763 1.39695 1.15267 
0.03748 0.02222 0.91455 0.12977 1.22901 1.20611 
0.04187 0.02747 0.91333 0.18321 1.34351 1.16794 
0.00403 0.04590 0.91931 0.28244 1.34351 0.91603 
-0.01318 0.05493 0.90906 0.35115 1.20611 0.94656 
-0.00549 0.05603 0.90552 0.16794 1.17557 1.31298 
0.01575 0.04773 0.90784 -0.13740 1.38168 1.59542 
0.03052 0.02820 0.91565 -0.19847 1.33588 0.99237 
0.06458 0.00952 0.92285 0.06107 1.16031 0.44275 
0.08618 -0.00525 0.91467 0.19084 1.20611 0.87023 
0.03723 0.02917 0.90942 0.10687 1.42748 1.60305 
0.00073 0.05042 0.91406 0.03817 1.32061 1.30534 
0.01294 0.05273 0.91235 -0.14504 1.38931 0.83969 
0.02551 0.04199 0.92017 -0.21374 1.41221 1.09924 
0.01367 0.04590 0.91858 -0.09924 1.32824 1.46565 
0.02661 0.03528 0.90662 -0.02290 1.32061 1.25191 
0.04102 0.01953 0.91589 -0.06107 1.31298 0.98473 
0.03186 0.02490 0.91321 0.06107 1.31298 1.13740 
0.01929 0.03748 0.90674 0.06870 1.25191 1.21374 
0.01282 0.04395 0.91492 0.10687 1.19084 1.21374 
0.01538 0.04382 0.90930 0.07634 1.12977 1.23664 
0.03479 0.03674 0.91370 -0.05344 1.32824 1.29008 
0.02869 0.04016 0.91492 0.00763 1.35878 1.24427 
0.02551 0.03540 0.91455 0.16794 1.26718 1.13740 
0.02344 0.03442 0.91223 0.22137 1.30534 1.06870 
0.01807 0.03870 0.91064 -0.03053 1.29008 1.23664 
0.01440 0.04004 0.91626 -0.07634 1.41985 1.09160 
0.02344 0.03845 0.91492 0.12977 1.24427 1.11450 
0.02759 0.03613 0.91492 0.14504 1.29008 1.09160 
0.02930 0.03479 0.91113 0.07634 1.32061 1.09160 
0.02795 0.03418 0.91443 -0.03817 1.35878 1.21374 
0.02588 0.03528 0.92407 0.00000 1.31298 1.25191 
0.02502 0.03845 0.91406 0.22137 1.21374 1.25191 
0.02209 0.03845 0.90527 0.06870 1.20611 1.06107 
0.02332 0.03809 0.91516 -0.11450 1.34351 1.08397 
0.02661 0.03992 0.91699 -0.09160 1.35878 1.15267 
0.02576 0.04065 0.91858 -0.19084 1.41221 1.12214 
0.02405 0.04333 0.91541 -0.16794 1.39695 1.09924 
0.02588 0.03931 0.91846 -0.16794 1.41985 1.09924 
0.02563 0.04150 0.91272 -0.34351 1.38931 1.12214 
0.02698 0.04626 0.91113 -0.50382 1.51908 1.16794 
0.02429 0.04236 0.91760 -0.60305 1.49618 1.13740 
0.02747 0.04285 0.91956 -0.62595 1.48855 1.15267 
0.02527 0.04480 0.91260 -0.70229 1.46565 1.12977 
0.02637 0.03955 0.91919 -0.97710 1.58779 1.16031 
0.02417 0.04028 0.91443 -1.12214 1.71756 1.09924 
0.02319 0.03931 0.91028 -0.86260 1.47328 1.16031 
0.02393 0.03748 0.90601 -1.29008 1.61832 1.09924 
0.01855 0.03687 0.91309 -1.33588 1.70229 1.11450 
0.01794 0.03833 0.91528 -1.25191 1.48092 1.09924 
0.01855 0.03528 0.90820 -1.12214 1.48092 1.16031 
0.02258 0.03418 0.90698 -1.27481 1.60305 1.12977 
0.02869 0.02954 0.92896 -1.35115 1.70992 1.14504 
0.02942 0.02917 0.92236 -1.28244 1.77863 1.13740 
0.02917 0.02551 0.90051 -0.83206 1.29771 1.18321 
0.02112 0.02563 0.89441 -0.79389 1.41985 1.03817 
0.01172 0.02808 0.91455 -1.40458 1.78626 1.06107 
0.00891 0.02905 0.92883 -0.84733 1.55725 1.12214 
0.01526 0.02905 0.91406 -0.50382 1.14504 1.10687 
0.02637 0.03101 0.89246 -0.72519 1.41221 1.05344 
0.03601 0.02649 0.92078 -1.03053 1.74046 1.03053 
0.03210 0.03003 0.92456 -0.84733 1.55725 1.12214 
0.02576 0.03015 0.90845 -0.43511 1.31298 1.18321 
0.01855 0.02820 0.90247 -0.59542 1.43511 1.18321 
0.01941 0.02490 0.90991 -0.88550 1.60305 1.12214 
0.01086 0.02563 0.91528 -0.51145 1.48092 1.21374 
0.01074 0.02966 0.90991 -0.25191 1.30534 1.20611 
0.02026 0.02698 0.90002 -0.33588 1.32824 1.10687 
0.03003 0.02026 0.91638 -0.47328 1.61069 1.03817 
0.03052 0.01953 0.92041 -0.22901 1.45802 1.21374 
0.02588 0.02661 0.91370 -0.00763 1.25191 1.25191 
0.01794 0.02722 0.90637 -0.09924 1.25191 1.16794 
0.01355 0.02478 0.91040 -0.20611 1.51908 1.01527 
0.01514 0.02563 0.91199 -0.13740 1.28244 1.09160 
0.01416 0.02441 0.90747 0.30534 1.18321 1.26718 
0.02100 0.02161 0.90552 0.25954 1.17557 1.18321 
0.02869 0.01990 0.90808 0.25954 1.39695 1.32824 
0.02881 0.01929 0.91431 0.41985 1.31298 1.31298 
0.02014 0.02368 0.90771 0.61069 1.23664 1.38168 
0.01270 0.02258 0.90417 0.70992 1.18321 1.28244 
0.01196 0.01746 0.90784 0.66412 1.16794 1.14504 
0.01172 0.01526 0.90869 0.93893 1.06870 1.22901 
0.01489 0.01733 0.90918 1.32061 0.88550 1.32061 
0.02063 0.01416 0.90369 1.70992 0.87023 1.26718 
0.02075 0.01367 0.90613 1.83969 0.83206 1.16794 
0.02515 0.01843 0.90906 2.06107 0.74809 1.22901 
0.01807 0.01843 0.90613 2.39695 0.61069 1.26718 
0.01392 0.01819 0.90527 2.63359 0.57252 1.28244 
0.02222 0.01941 0.90210 2.74046 0.61832 1.23664 
0.01929 0.01807 0.90662 3.15267 0.45802 1.29008 
0.02112 0.02234 0.90784 3.38168 0.43511 1.19084 
0.01917 0.02502 0.90234 3.61832 0.40458 1.21374 
0.04736 0.07910 0.86414 0.03053 1.06870 1.22137 
0.05151 0.21289 0.84302 1.51908 0.64122 1.61069 
0.01575 0.14661 0.88562 -0.22137 1.45802 1.13740 
0.03369 0.07605 0.87317 -1.25191 1.98473 0.42748 
0.01477 -0.01331 0.99158 -1.43511 2.30534 0.63359 
0.03101 -0.02124 0.86987 -2.30534 1.35878 0.87786 
0.02893 0.01672 0.80591 -0.30534 1.08397 0.87023 
0.02039 -0.00708 0.91113 -0.53435 1.83206 0.36641 
0.02271 -0.00378 0.90869 -1.16031 1.96183 0.22137 
-0.00317 0.01111 0.91821 1.42748 0.74046 0.66412 
-0.00757 0.01123 0.88245 1.38168 0.70229 0.70229 
0.00305 0.01428 0.85913 1.39695 1.03817 0.92366 
0.03247 0.03540 1.13647 0.96947 1.51908 1.00763 
0.06653 0.10327 0.87231 1.12977 0.69466 1.71756 
0.02295 0.12561 0.96826 0.86260 0.75573 1.55725 
0.02979 0.09277 0.89539 -0.42748 1.57252 0.91603 
0.03601 0.03943 0.92004 -1.30534 2.08397 0.96183 
0.01184 -0.00476 0.94458 -0.48092 1.58779 1.41985 
-0.00159 -0.01270 0.89429 0.39695 1.09160 1.33588 
0.03369 -0.00940 0.89246 -0.03053 1.38168 1.03053 
0.05420 0.02673 0.91772 -0.22137 1.56489 1.37405 
0.02490 0.07776 0.93591 0.50382 1.24427 1.66412 
0.01282 0.08813 0.90186 0.44275 1.23664 1.33588 
0.02966 0.04150 0.91284 -0.22901 1.58015 1.50382 
0.01587 0.02539 0.91479 -0.30534 1.63359 1.97710 
0.00415 0.01831 0.92065 0.12214 1.40458 1.81679 
0.03906 0.00256 0.90051 0.48855 0.99237 1.24427 
0.04309 0.02234 0.90796 0.30534 1.32061 1.26718 
0.02393 0.05286 0.91406 0.16031 1.42748 1.22901 
0.00842 0.06738 0.92493 0.45802 1.35878 1.00763 
0.02209 0.06067 0.91455 0.33588 1.29008 0.96183 
0.02698 0.04370 0.90808 -0.16031 1.39695 1.25191 
0.01892 0.03186 0.91858 -0.33588 1.49618 1.06107 
0.03198 0.02209 0.91345 -0.00763 1.34351 0.86260 
0.04211 0.01868 0.91248 0.03817 1.26718 1.12214 
0.01880 0.03455 0.90234 -0.09924 1.36641 1.18321 
0.00342 0.04578 0.91895 0.05344 1.41221 1.13740 
0.01929 0.04260 0.91968 0.36641 1.25191 1.14504 
0.02405 0.04102 0.91479 0.37405 1.11450 1.33588 
0.02039 0.03931 0.90674 0.17557 1.28244 1.29008 
0.03406 0.02917 0.91211 -0.05344 1.32061 1.21374 
0.03564 0.03040 0.91577 0.09160 1.20611 1.45802 
0.01404 0.04492 0.91064 0.06107 1.26718 1.36641 
0.01001 0.04211 0.91675 -0.14504 1.45802 1.23664 
0.02466 0.03796 0.91602 -0.16794 1.37405 1.31298 
0.02551 0.04175 0.91138 0.07634 1.31298 1.54198 
0.02673 0.03735 0.91138 -0.03053 1.39695 1.56489 
0.02881 0.02234 0.91846 -0.12214 1.49618 1.63359 
0.01880 0.02014 0.92175 0.06870 1.32061 1.59542 
0.00793 0.03088 0.91589 0.35115 1.22137 1.77863 
0.01941 0.04492 0.91296 0.06870 1.27481 1.85496 
0.03455 0.04492 0.91382 -0.14504 1.35115 1.90840 
0.03040 0.04675 0.91833 0.12214 1.38931 2.03817 
0.02515 0.04077 0.90930 0.10687 1.24427 2.22901 
0.02588 0.02893 0.90796 -0.05344 1.29771 2.30534 
0.01648 0.02808 0.91565 -0.16794 1.48855 2.52672 
0.01489 0.03198 0.91602 0.06107 1.24427 2.35115 
0.02820 0.03516 0.91016 0.10687 1.18321 2.38168 
0.03296 0.04102 0.90906 -0.02290 1.32824 2.31298 
0.02734 0.04565 0.92151 -0.08397 1.38931 2.30534 
0.02087 0.03503 0.91370 0.22137 1.23664 2.70992 
0.02075 0.03381 0.91345 0.14504 1.19084 3.14504 
0.01477 0.03918 0.90906 -0.61069 1.04580 2.36641 
0.02087 0.03040 0.91443 -0.17557 1.27481 1.41221 
0.03113 0.03613 0.91907 0.07634 1.27481 1.30534 
0.02954 0.03772 0.91077 0.12977 1.16794 1.25191 
0.02344 0.04773 0.90686 -0.14504 1.40458 1.17557 
0.02246 0.04321 0.91907 -0.14504 1.46565 1.17557 
0.02185 0.03674 0.91895 0.12977 1.35878 1.25191 
0.02051 0.02966 0.90857 0.10687 1.20611 1.22901 
0.02466 0.02771 0.90881 -0.05344 1.32061 1.18321 
0.02698 0.03076 0.91077 -0.06870 1.35878 1.25954 
0.02490 0.04114 0.91748 0.05344 1.29008 1.26718 
0.02356 0.04517 0.91089 0.13740 1.29008 1.25191 
0.02332 0.04199 0.91101 0.03053 1.42748 1.19847 
0.02173 0.03882 0.91711 -0.14504 1.35878 1.33588 
0.02405 0.03223 0.91541 0.04580 1.36641 1.30534 
0.02417 0.03247 0.91248 0.09924 1.39695 1.16794 
0.02625 0.03479 0.91370 -0.06870 1.33588 1.26718 
0.02051 0.03931 0.91357 0.05344 1.36641 1.19847 
0.02136 0.03735 0.91016 0.08397 1.32061 1.26718 
0.02686 0.03796 0.90967 0.04580 1.34351 1.31298 
0.02380 0.03821 0.91260 0.05344 1.32824 1.33588 
0.02563 0.03345 0.91406 0.00000 1.31298 1.29008 
0.02527 0.03479 0.91321 0.08397 1.23664 1.28244 
0.02319 0.03320 0.91113 0.09160 1.15267 1.24427 
0.01941 0.03894 0.90796 -0.00763 1.19847 1.21374 
0.02319 0.03967 0.91162 0.06107 1.12977 1.19084 
0.02429 0.04114 0.91345 -0.06107 1.21374 1.29008 
0.02539 0.03882 0.91235 -0.12214 1.16794 1.20611 
0.02698 0.03503 0.90942 -0.05344 1.25191 1.20611 
0.02356 0.03369 0.91235 -0.05344 1.32824 1.23664 
0.02161 0.03186 0.91394 0.02290 1.31298 1.19847 
0.02112 0.03479 0.91052 0.03053 1.24427 1.11450 
0.02197 0.03674 0.91187 0.06870 1.26718 1.21374 
0.02820 0.04163 0.91321 0.06107 1.29771 1.25191 
0.02905 0.04309 0.91345 0.03053 1.26718 1.25191 
0.02393 0.03857 0.91626 0.00000 1.31298 1.21374 
0.01831 0.03455 0.91821 0.01527 1.33588 1.28244 
0.02222 0.03430 0.91516 0.03817 1.23664 1.17557 
0.02539 0.03906 0.91443 0.05344 1.24427 1.35115 
0.02747 0.03943 0.91248 0.03817 1.30534 1.25191 
0.02795 0.03528 0.91211 0.00000 1.33588 1.30534 
0.02234 0.03589 0.91333 0.06107 1.29008 1.18321 
0.02173 0.03357 0.91345 0.03817 1.18321 1.22137 
0.01880 0.03625 0.91125 0.03817 1.27481 1.23664 
0.02307 0.03772 0.91357 0.00763 1.36641 1.29008 
0.02539 0.03748 0.91675 0.10687 1.23664 1.25954 
0.03003 0.03870 0.91248 -0.01527 1.35115 1.25191 
0.02612 0.03845 0.91284 -0.10687 1.39695 1.14504 
0.02124 0.03503 0.91333 -0.03053 1.39695 1.19084 
0.02075 0.03955 0.91797 -0.00763 1.27481 1.28244 
0.01941 0.03491 0.90991 0.16031 1.29008 1.21374 
0.02686 0.03540 0.91199 0.03817 1.32824 1.23664 
0.02759 0.03601 0.91504 0.03817 1.29771 1.23664 
0.02759 0.03857 0.91418 0.00000 1.23664 1.25954 
0.02539 0.03809 0.90967 0.10687 1.17557 1.24427 
0.02161 0.03540 0.91028 0.09924 1.32061 1.22901 
0.02063 0.03674 0.91162 -0.09160 1.33588 1.29008 
0.02197 0.03601 0.91650 0.00000 1.33588 1.22137 
0.02734 0.03918 0.91370 0.11450 1.22901 1.25191 
0.02661 0.03674 0.91125 0.12214 1.25954 1.26718 
0.02087 0.04358 0.91492 0.03053 1.36641 1.19084 
0.02197 0.03723 0.91431 -0.25191 1.41985 1.22137 
0.02283 0.03564 0.91272 -0.04580 1.19847 1.23664 
0.02075 0.03296 0.90796 0.05344 1.29008 1.24427 
0.02222 0.03113 0.91052 -0.09160 1.32061 1.18321 
0.02588 0.03772 0.91174 -0.05344 1.36641 1.28244 
0.02612 0.03833 0.91418 0.14504 1.25191 1.25954 
0.02478 0.04321 0.91064 0.12214 1.17557 1.25954 
0.02502 0.03955 0.91040 0.05344 1.35878 1.16794 
0.02271 0.03906 0.91418 0.00000 1.38931 1.19084 
0.02271 0.03491 0.90857 0.04580 1.27481 1.25191 
0.02612 0.03320 0.91223 0.07634 1.30534 1.20611 
0.02722 0.03442 0.91284 -0.06870 1.32824 1.29771 
0.02661 0.04102 0.91516 0.01527 1.38931 1.27481 
0.02124 0.04248 0.91418 0.12214 1.25954 1.15267 
0.02356 0.03943 0.91028 0.04580 1.26718 1.23664 
0.02271 0.03625 0.91345 -0.07634 1.35115 1.24427 
0.02405 0.03320 0.91589 0.00000 1.30534 1.26718 
0.02356 0.03186 0.91711 0.00763 1.25191 1.29008 
0.02832 0.03320 0.91162 0.00763 1.26718 1.21374 
0.02051 0.03760 0.91064 -0.08397 1.34351 1.40458 
0.01709 0.04297 0.91296 -0.09924 1.34351 1.36641 
0.02454 0.04199 0.91235 -0.02290 1.24427 1.32824 
0.02966 0.04480 0.90833 0.01527 1.23664 1.26718 
0.03198 0.04041 0.91064 -0.16031 1.29008 1.19084 
0.02893 0.03369 0.91125 -0.15267 1.35878 0.98473 
0.03735 0.02954 0.91406 -0.05344 1.35115 1.16031 
0.05798 0.02905 0.90894 -0.06107 1.36641 1.30534 
0.10217 0.03064 0.91321 -0.00763 1.35878 1.38168 
0.24133 0.04456 0.91882 0.07634 1.19847 1.03817 
0.18054 0.05188 0.91394 0.19847 1.25191 1.06107 
0.22046 0.03711 0.91199 0.12214 1.19084 1.26718 
0.21631 0.03943 0.91064 -0.02290 1.32824 1.45802 
0.22144 0.03491 0.91223 -0.08397 1.35878 1.64885 
0.23657 0.02368 0.90967 -0.41985 0.93893 4.72519 
0.17163 0.03101 0.89832 0.26718 1.32824 7.21374 
0.13428 -0.00879 0.91541 0.44275 1.43511 2.44275 
0.12903 0.04407 0.92151 0.11450 1.53435 10.12977 
0.11060 0.04810 0.91223 0.31298 1.45802 10.51145 
0.01392 0.04773 0.90759 0.28244 1.40458 7.68702 
0.03674 0.05212 0.92017 -0.02290 1.40458 3.10687 
-0.01453 0.03052 0.91443 -0.25954 1.52672 2.42748 
0.00439 0.04138 0.91785 0.18321 1.32061 1.18321 
0.04272 0.03625 0.90833 0.34351 1.36641 1.71756 
0.04700 0.02649 0.90833 -0.07634 1.35115 0.80916 
0.07837 0.02625 0.91992 -0.12977 1.51145 0.95420 
0.03418 0.04492 0.91589 0.03053 1.37405 0.51908 
0.08850 0.04468 0.90686 -0.20611 1.18321 2.14504 
0.03064 0.04431 0.90369 -0.04580 1.41221 2.15267 
0.04871 0.03845 0.91858 -0.26718 1.37405 1.80916 
0.07141 0.02942 0.92383 -0.22901 1.39695 1.68702 
0.12866 0.04236 0.91895 -0.23664 1.27481 1.32061 
0.11877 0.04114 0.91736 -0.56489 1.25191 1.42748 
0.08728 0.04077 0.90857 -0.47328 1.29008 1.16794 
0.08472 0.04224 0.91235 -0.38168 1.31298 1.39695 
0.05127 0.03162 0.91650 -0.33588 1.35878 1.35115 
0.00293 0.04126 0.91223 -0.11450 1.52672 1.32061 
-0.01550 0.03113 0.90955 -0.00763 1.42748 1.34351 
-0.00183 0.03369 0.91003 0.16794 1.42748 0.89313 
0.05334 0.03540 0.91174 -0.26718 1.21374 0.64885 
-0.03064 0.03003 0.91028 -0.14504 1.03817 -0.32824 
-0.06470 0.03271 0.90869 -0.25954 1.17557 -0.54198 
-0.06409 -0.00269 0.91248 -0.29008 1.19084 -2.67176 
-0.09436 0.02075 0.92676 -0.05344 1.17557 -5.67176 
-0.03174 0.03394 0.91602 -0.28244 0.95420 -7.43511 
-0.00879 0.06775 0.91211 0.02290 0.96183 -5.43511 
-0.01807 0.06995 0.90808 -0.03817 1.09160 -2.57252 
-0.00818 0.05920 0.90967 0.11450 1.19847 -0.50382 
-0.04846 0.03931 0.91272 0.12214 1.28244 1.04580 
-0.04126 0.03235 0.91602 0.07634 1.29008 1.09924 
-0.03052 0.02502 0.91907 -0.01527 1.18321 0.67939 
0.02271 0.06116 0.91504 -0.48092 0.71756 0.46565 
0.01611 0.05872 0.91113 0.10687 1.25954 0.48092 
0.00537 0.03210 0.91040 0.07634 1.16031 1.39695 
0.01770 0.05493 0.91785 -0.22137 1.02290 1.51908 
0.01660 -0.01257 0.91675 0.05344 1.27481 1.90076 
0.01257 0.04663 0.91101 0.04580 1.19847 -0.41985 
-0.03125 0.02466 0.91467 0.19847 1.18321 0.59542 
0.00159 0.04041 0.92078 0.53435 1.39695 0.25191 
-0.03564 0.04163 0.91272 0.68702 1.41985 0.22137 
0.01343 0.06140 0.91150 -0.06107 1.12977 2.55725 
-0.06897 0.04370 0.91614 0.19084 1.27481 1.32061 
-0.05981 0.02295 0.91406 0.18321 1.20611 0.94656 
-0.07166 0.00513 0.91504 0.01527 1.12977 -0.11450 
-0.06079 0.03003 0.91687 0.21374 1.12214 -1.18321 
-0.02722 0.05664 0.91565 0.06107 1.18321 -1.08397 
-0.01440 0.06055 0.91296 0.15267 1.16794 -0.15267 
-0.04407 0.04529 0.90710 0.04580 1.16031 0.77863 
-0.03979 0.03015 0.90625 -0.00763 1.17557 0.88550 
-0.02283 0.01611 0.91785 0.14504 1.27481 0.35878 
-0.01624 0.03040 0.91431 0.09160 1.22901 -0.35115 
-0.01013 0.03381 0.90479 0.03817 1.16794 -0.63359 
-0.00415 0.04114 0.91443 -0.06107 1.12977 -0.83969 
-0.00220 0.05164 0.92126 0.11450 1.23664 -0.70229 
0.01379 0.04089 0.91589 0.35878 1.35115 -1.77863 
0.01758 0.04858 0.90881 0.00000 1.22901 -0.57252 
0.01331 0.03137 0.91418 -0.10687 1.12977 -1.82443 
0.00952 0.03345 0.91956 -0.01527 1.20611 -1.16794 
0.02100 0.02649 0.91418 0.26718 1.26718 -1.01527 
0.01062 0.02844 0.90527 0.08397 1.21374 -0.19847 
0.01880 0.03748 0.91956 0.03817 1.33588 1.48092 
0.02869 0.04114 0.91833 0.06107 1.29008 2.95420 
-0.00452 0.05530 0.90515 0.16794 1.32061 1.96183 
-0.01489 0.04004 0.90576 0.01527 1.24427 -1.10687 
0.01062 0.02832 0.91858 0.22137 1.31298 -2.90840 
0.00171 0.02991 0.91577 0.10687 1.21374 -2.35115 
0.02246 0.03271 0.91003 0.12214 1.15267 -1.06870 
0.01941 0.04211 0.91333 -0.06107 1.25191 0.54198 
0.03516 0.04224 0.91663 0.04580 1.38168 1.48092 
0.02075 0.03809 0.91113 -0.02290 1.31298 0.70229 
0.01489 0.03979 0.91125 -0.07634 1.19847 -0.79389 
0.01404 0.03540 0.91028 -0.03817 1.17557 -1.03053 
0.04004 0.02625 0.92041 0.12214 1.25191 -0.70229 
0.05017 0.03357 0.91589 -0.02290 1.18321 -0.74809 
0.05103 0.04309 0.91504 0.11450 1.24427 0.74809 
0.03149 0.03772 0.90759 0.06870 1.25954 1.74046 
0.02722 0.04053 0.91992 0.03817 1.29008 1.48855 
0.03284 0.03870 0.91895 0.06870 1.31298 0.03817 
0.03027 0.03479 0.91370 0.12214 1.23664 -1.38931 
0.03564 0.02478 0.90869 0.21374 1.30534 -2.12977 
0.07043 0.03210 0.91602 -0.03053 1.19084 -1.68702 
0.04712 0.04114 0.91638 0.14504 1.28244 1.06870 
0.04590 0.00696 0.90735 0.02290 1.29008 2.51908 
0.03052 0.04053 0.91321 0.02290 1.35115 1.35878 
0.01721 0.03809 0.91492 -0.19847 1.15267 1.05344 
0.01721 0.03796 0.91797 0.01527 1.19847 -0.89313 
0.03174 0.02295 0.90662 0.06107 1.28244 -2.00000 
-0.00134 0.03064 0.91016 -0.15267 1.14504 -3.11450 
0.01062 0.04846 0.91479 0.04580 1.23664 -1.46565 
0.00427 0.05383 0.91235 0.04580 1.23664 -0.01527 
0.01306 0.04797 0.90991 0.19847 1.32061 0.16031 
0.00940 0.03845 0.91150 0.02290 1.20611 -0.32824 
-0.01587 0.02002 0.91321 0.06107 1.23664 -1.85496 
0.01257 0.03333 0.91553 0.10687 1.23664 -5.06870 
0.01929 0.04700 0.91406 -0.02290 1.09160 -6.74046 
0.01941 0.04480 0.91272 -0.20611 1.08397 -5.80916 
0.01282 0.04004 0.91052 -0.17557 1.12977 -2.80916 
-0.00232 0.02502 0.91418 0.03053 1.28244 -1.05344 
0.00745 0.03198 0.90991 0.04580 1.30534 -2.71756 
0.01453 0.03516 0.91272 0.08397 1.11450 -4.76336 
0.00623 0.04443 0.91235 -0.16031 1.09160 -3.90076 
-0.01758 0.02991 0.91492 -0.09924 1.17557 -0.90076 
-0.02002 0.02893 0.91663 0.16794 1.35878 0.56489 
-0.04468 0.02930 0.91284 0.05344 1.29771 0.29008 
0.00403 0.04077 0.91492 -0.04580 1.25954 -1.35878 
0.01758 0.04492 0.91394 0.13740 1.32824 -1.41985 
0.00500 0.04651 0.91089 0.04580 1.29008 -0.30534 
-0.00525 0.04150 0.90857 -0.03817 1.14504 0.40458 
0.00903 0.03979 0.91577 -0.17557 1.20611 0.92366 
0.01880 0.03796 0.91309 0.03053 1.25191 1.06870 
0.02002 0.03772 0.90820 0.03053 1.24427 1.22137 
0.02087 0.03406 0.90942 -0.11450 1.30534 1.23664 
0.02905 0.03613 0.91467 0.03817 1.26718 1.19847 
0.02905 0.03821 0.91089 0.08397 1.40458 1.22137 
0.02686 0.03503 0.90894 0.12977 1.28244 1.31298 
0.02283 0.03796 0.91321 -0.03817 1.31298 1.51145 
0.02136 0.03601 0.91394 0.09924 1.33588 1.85496 
0.01965 0.03552 0.91003 0.07634 1.30534 2.52672 
0.02600 0.03662 0.91040 -0.07634 1.32824 2.77099 
0.02502 0.03491 0.91296 -0.05344 1.28244 2.45802 
0.02429 0.03198 0.91431 0.03817 1.33588 2.84733 
0.02930 0.03235 0.90979 0.15267 1.34351 3.87023 
0.02234 0.03638 0.91064 -0.00763 1.43511 4.56489 
0.01953 0.04126 0.91602 0.06107 1.32061 4.64885 
0.01917 0.03943 0.91492 0.16031 1.34351 4.22901 
0.01917 0.03088 0.91345 0.15267 1.31298 4.00000 
0.01819 0.02820 0.90552 -0.11450 1.34351 4.06870 
0.02222 0.02637 0.91602 -0.06870 1.28244 4.23664 
0.03601 0.04639 0.91650 -0.00763 1.33588 4.46565 
0.03333 0.04932 0.91064 -0.04580 1.22901 2.74046 
0.02466 0.04175 0.91125 0.03817 1.27481 1.85496 
0.01770 0.03540 0.90930 -0.09924 1.25191 1.79389 
0.02234 0.03699 0.91675 0.00763 1.22901 1.93893 
0.02576 0.03455 0.91577 0.06870 1.38931 1.66412 
0.02454 0.03198 0.91309 0.07634 1.32061 1.68702 
0.02124 0.03442 0.90906 0.03817 1.21374 1.93130 
0.02698 0.03821 0.91711 -0.03053 1.32061 2.48092 
0.02515 0.04236 0.91833 -0.00763 1.35878 2.62595 
0.01941 0.03674 0.90991 0.12977 1.35115 2.33588 
0.02087 0.03491 0.90796 -0.10687 1.19084 1.83206 
0.01807 0.03430 0.91345 -0.03053 1.23664 1.51145 
0.02539 0.03601 0.91565 -0.03053 1.26718 1.52672 
0.02881 0.03955 0.91028 0.04580 1.22901 1.90840 
0.03662 0.04431 0.91089 -0.02290 1.35878 1.79389 
0.03491 0.04309 0.91919 0.00763 1.26718 1.42748 
0.02637 0.03979 0.91479 0.03053 1.35115 1.17557 
0.02258 0.03601 0.91223 0.07634 1.35878 1.30534 
0.02454 0.03113 0.90686 0.08397 1.29008 1.47328 
0.02612 0.03638 0.92041 0.05344 1.22901 1.58779 
0.02954 0.03882 0.91870 0.08397 1.35115 2.15267 
0.02258 0.03662 0.90527 0.27481 1.42748 2.83206 
0.02454 0.03906 0.91077 0.01527 1.47328 2.93130 
0.02173 0.04102 0.91455 -0.19847 1.25191 2.23664 
0.01733 0.03723 0.91980 -0.03817 1.26718 1.60305 
0.02344 0.03369 0.91321 0.17557 1.36641 1.61832 
0.03137 0.03735 0.90723 0.03053 1.36641 1.44275 
0.03064 0.04041 0.91211 0.00763 1.23664 1.27481 
0.02551 0.04138 0.91565 0.02290 1.35878 1.24427 
0.01953 0.03687 0.91321 0.12214 1.40458 1.16794 
0.01782 0.04053 0.91223 -0.03053 1.28244 1.25954 
0.02075 0.03577 0.91296 0.00763 1.35115 1.25954 
0.02820 0.03198 0.91357 -0.03053 1.27481 1.30534 
0.03284 0.03467 0.91125 0.25954 1.25191 1.34351 
0.03113 0.03748 0.91040 0.12214 1.32061 1.30534 
0.02026 0.04028 0.91748 0.22137 1.41985 1.26718 
0.01965 0.04175 0.91467 0.09160 1.33588 1.22901 
0.02258 0.03870 0.91101 0.10687 1.41985 1.29771 
0.02661 0.03589 0.91016 0.06107 1.33588 1.36641 
0.02930 0.03564 0.91711 0.04580 1.23664 1.33588 
0.02759 0.03601 0.91431 0.04580 1.25191 1.29008 
0.02209 0.04102 0.91199 -0.17557 1.24427 1.29008 
0.01978 0.03711 0.92065 -0.05344 1.30534 1.21374 
0.02100 0.03735 0.91162 0.08397 1.31298 1.18321 
0.02344 0.03625 0.90601 0.03053 1.33588 1.25954 
0.02917 0.03223 0.91443 -0.21374 1.23664 1.37405 
0.02478 0.03906 0.92322 -0.07634 1.32824 1.41221 
0.01794 0.03406 0.91443 0.11450 1.39695 1.56489 
0.01538 0.03210 0.91077 0.06107 1.33588 1.96947 
0.02332 0.04236 0.90747 -0.06107 1.28244 2.29008 
0.02710 0.03833 0.91895 0.09160 1.32824 1.73282 
0.02710 0.03772 0.91174 0.18321 1.43511 1.35115 
0.02722 0.03906 0.90686 0.04580 1.35878 1.19847 
0.02075 0.03955 0.90918 -0.09160 1.25954 1.24427 
0.01697 0.03967 0.91638 -0.12214 1.23664 1.32061 
0.02051 0.03894 0.91357 0.14504 1.34351 1.28244 
0.02539 0.03418 0.90442 0.17557 1.32824 1.32061 
0.03003 0.03650 0.90894 -0.09160 1.30534 1.23664 
0.03198 0.03455 0.91577 -0.16031 1.16794 1.27481 
0.02161 0.03381 0.91418 0.00000 1.32824 1.23664 
0.01672 0.03845 0.90833 0.03817 1.35115 1.19084 
0.01990 0.03931 0.90686 0.02290 1.33588 1.28244 
0.02356 0.03918 0.90967 0.02290 1.31298 1.30534 
0.02783 0.03662 0.91589 -0.01527 1.36641 1.32824 
0.02759 0.03577 0.91174 0.08397 1.37405 1.25954 
0.02527 0.03845 0.90967 0.21374 1.41985 1.25954 
0.01917 0.03699 0.91687 0.07634 1.30534 1.24427 
0.01697 0.03821 0.91125 0.10687 1.24427 1.22901 
0.02283 0.03613 0.91602 0.31298 1.30534 1.29008 
0.02393 0.03784 0.91162 0.33588 1.43511 1.25191 
0.02661 0.04175 0.91150 0.10687 1.36641 1.24427 
0.02502 0.03821 0.91321 0.16031 1.21374 1.20611 
0.01941 0.03699 0.91565 0.10687 1.25954 1.03817 
0.01001 0.03894 0.91418 0.00763 1.27481 0.29008 
0.00488 0.03345 0.91443 0.02290 1.22137 -1.34351 
-0.01660 0.03333 0.90845 0.05344 1.12977 -4.70992 
-0.01355 0.02258 0.91406 0.27481 1.21374 -5.95420 
0.00732 0.03625 0.91650 0.24427 1.28244 -4.54198 
-0.00720 0.03564 0.91052 0.18321 1.22901 -3.60305 
-0.07056 0.01794 0.90723 0.10687 1.11450 -3.42748 
-0.08044 0.01758 0.91846 0.02290 1.16031 -3.02290 
-0.11670 0.01331 0.91980 0.00000 1.16031 -2.54198 
-0.05920 0.02637 0.91479 -0.13740 1.09924 -6.14504 
-0.07666 0.02734 0.91052 -0.04580 1.08397 -6.77863 
-0.08325 0.03198 0.91431 -0.24427 0.98473 -6.51145 
-0.16675 -0.01929 0.91650 0.03053 1.15267 -4.31298 
-0.01086 0.05066 0.90857 0.03817 1.32061 -1.97710 
-0.03540 0.04932 0.91394 -0.12214 1.16794 -4.47328 
-0.07910 0.01477 0.91626 -0.15267 1.22137 -3.56489 
0.00012 0.04285 0.91638 0.11450 1.35878 -1.12214 
-0.06702 0.06091 0.91040 0.00763 1.25191 -0.51145 
-0.04993 0.04407 0.90955 0.00000 1.52672 6.00000 
-0.08655 -0.00366 0.91736 -0.03053 1.53435 6.08397 
-0.05676 0.04028 0.90991 0.02290 1.64122 7.09160 
-0.06616 0.09070 0.91052 -0.14504 1.43511 1.22137 
-0.03247 0.13245 0.91162 -0.35878 1.22137 -3.54962 
0.02673 0.13354 0.91003 -0.32061 1.29008 0.88550 
-0.04285 0.05811 0.90747 -0.12977 1.39695 0.77863 
0.04297 0.03198 0.90820 -0.13740 1.39695 1.11450 
0.04016 0.02856 0.91870 -0.36641 1.25954 0.66412 
0.06201 0.03333 0.91492 -0.06870 1.50382 1.28244 
0.00305 0.04895 0.91089 0.06107 1.44275 1.04580 
-0.00623 0.04907 0.90649 -0.03053 1.32824 1.04580 
0.03601 0.03735 0.91565 -0.13740 1.37405 -0.16794 
-0.06201 0.02185 0.91504 -0.35115 1.27481 3.39695 
0.06567 0.04285 0.91748 0.17557 1.51908 2.14504 
0.08606 0.02954 0.90796 -0.05344 1.48092 1.47328 
-0.04358 0.02991 0.92688 -0.15267 1.46565 0.92366 
0.00024 0.04187 0.91748 -0.07634 1.39695 0.54198 
-0.01501 0.04846 0.91504 -0.16031 1.39695 0.27481 
0.05188 0.04932 0.91101 -0.00763 1.40458 2.03817 
0.03516 0.03564 0.91614 -0.38168 1.32061 0.92366 
0.04431 0.03088 0.91760 -0.31298 1.30534 0.93130 
0.01428 0.03931 0.91064 -0.28244 1.19847 0.55725 
0.00842 0.03345 0.91821 0.16794 1.39695 1.77863 
0.00171 0.03650 0.90918 0.16794 1.39695 1.69466 
-0.00830 0.03516 0.91455 0.21374 1.48092 1.41985 
0.00500 0.03540 0.91235 0.06870 1.42748 1.26718 
-0.01038 0.02869 0.91467 -0.24427 1.26718 1.11450 
-0.02295 0.04163 0.91248 -0.16031 1.33588 0.97710 
-0.00317 0.04724 0.91699 -0.15267 1.29771 0.37405 
0.00452 0.03284 0.90393 -0.34351 1.01527 -0.62595 
0.08630 0.01636 0.90137 0.36641 1.46565 1.42748 
0.05103 0.03845 0.91833 0.19847 1.30534 1.46565 
-0.02502 0.04150 0.91760 0.04580 1.14504 0.24427 
0.03052 0.04053 0.91028 0.31298 1.30534 1.08397 
0.01392 0.03577 0.91162 0.35115 1.35878 1.35115 
0.04187 0.03772 0.90918 0.25191 1.29008 1.51908 
0.06506 0.05273 0.91638 0.31298 1.26718 2.12214 
0.06909 0.05139 0.92004 0.29008 1.29771 3.96947 
0.04602 0.05066 0.91797 0.16031 1.32061 5.73282 
0.04297 0.03040 0.91492 0.26718 1.26718 7.45802 
0.02515 0.01770 0.91345 0.31298 1.30534 6.30534 
0.06287 0.01831 0.91272 -0.19084 1.25191 3.81679 
0.07324 0.02844 0.91125 -0.06870 1.26718 2.68702 
0.09119 0.03162 0.90955 0.12214 1.23664 2.60305 
0.08374 0.04602 0.91260 0.05344 1.19847 3.00000 
0.08618 0.03918 0.91602 0.03817 1.31298 3.83206 
0.07788 0.04358 0.91223 0.03817 1.29771 4.45802 
0.11218 0.04065 0.91321 0.09924 1.32061 4.89313 
0.10742 0.03528 0.90759 0.03817 1.38168 5.26718 
0.14966 0.03442 0.91724 -0.02290 1.51908 5.32824 
0.11377 0.03052 0.91492 0.14504 1.42748 5.02290 
0.12158 0.02979 0.90881 0.15267 1.48092 5.49618 
0.10657 0.04639 0.91516 0.08397 1.51908 6.57252 
0.11438 0.03430 0.91260 -0.00763 1.41221 6.40458 
0.11365 0.03870 0.91479 -0.00763 1.29008 5.89313 
0.11365 0.03979 0.91003 -0.00763 1.37405 4.85496 
0.07080 0.03528 0.91162 -0.16031 1.43511 4.96947 
0.06641 0.03174 0.91504 -0.00763 1.43511 4.92366 
0.05005 0.03186 0.91638 0.02290 1.34351 5.12977 
0.06165 0.03247 0.90967 0.05344 1.38931 5.00000 
0.05396 0.03674 0.90662 -0.05344 1.46565 4.70992 
0.06104 0.03748 0.91296 -0.04580 1.36641 4.11450 
0.06433 0.04309 0.91541 0.06870 1.37405 3.81679 
0.06824 0.03552 0.90930 -0.08397 1.32824 3.48092 
0.05579 0.03528 0.91138 -0.16031 1.38931 2.93893 
0.02576 0.03931 0.91406 0.06870 1.35878 3.23664 
-0.01062 0.03918 0.91650 -0.02290 1.36641 3.54962 
-0.01709 0.03943 0.91589 0.07634 1.29008 2.76336 
-0.00769 0.03821 0.91321 0.01527 1.40458 1.77099 
-0.00732 0.03296 0.91370 0.04580 1.34351 1.84733 
0.03491 0.03406 0.91528 -0.00763 1.35878 2.09924 
0.03613 0.03833 0.91174 0.09160 1.39695 2.63359 
0.01819 0.03735 0.91504 -0.00763 1.35878 2.99237 
0.05713 0.03345 0.91455 -0.03817 1.43511 2.73282 
0.09949 0.03760 0.91467 -0.03053 1.31298 2.63359 
0.06604 0.03516 0.91028 0.04580 1.26718 2.49618 
0.09204 0.03662 0.91003 0.08397 1.41985 2.83206 
0.04309 0.03442 0.91223 -0.18321 1.32824 2.56489 
0.03479 0.03491 0.91418 -0.02290 1.33588 2.70229 
0.03906 0.03601 0.91138 0.07634 1.31298 2.57252 
0.04480 0.03540 0.90991 0.13740 1.26718 2.68702 
0.07373 0.03809 0.91052 0.00000 1.34351 2.42748 
0.08215 0.03662 0.91687 0.00763 1.38931 2.16031 
0.06750 0.03882 0.91724 0.05344 1.32061 2.06107 
0.04114 0.03870 0.90674 0.18321 1.29008 1.80153 
0.02759 0.03882 0.90735 -0.02290 1.31298 1.54962 
0.01624 0.03687 0.91699 -0.12214 1.45038 1.32824 
0.01880 0.03748 0.91699 0.07634 1.25954 1.20611 
0.02014 0.03979 0.90833 0.12977 1.23664 1.25954 
0.02490 0.03760 0.91370 -0.15267 1.35878 1.22137 
0.02869 0.03735 0.91357 -0.05344 1.36641 1.20611 
0.03125 0.03809 0.91040 0.10687 1.26718 1.24427 
0.02344 0.03735 0.90759 0.10687 1.28244 1.29771 
0.01782 0.03613 0.91492 -0.02290 1.38931 1.23664 
0.01758 0.03357 0.92334 -0.02290 1.28244 1.25954 
0.01843 0.03833 0.91211 0.15267 1.22137 1.34351 
0.02380 0.03528 0.90283 0.01527 1.27481 1.20611 
0.02759 0.03638 0.91406 -0.16031 1.40458 1.22901 
0.02368 0.04028 0.91895 -0.02290 1.40458 1.27481 
0.02161 0.04175 0.90857 0.12977 1.19847 1.24427 
0.02026 0.03699 0.91235 -0.08397 1.37405 1.19084 
0.02051 0.03430 0.91602 -0.09924 1.40458 1.27481 
0.02258 0.03564 0.91199 0.03053 1.23664 1.25954 
0.02258 0.03674 0.90771 0.11450 1.16794 1.18321 
0.02283 0.03650 0.90979 0.06870 1.26718 1.19847 
0.02222 0.03894 0.91589 -0.04580 1.31298 1.19084 
0.01941 0.03918 0.91760 0.02290 1.32824 1.29771 
0.02588 0.03589 0.90942 0.15267 1.30534 1.32824 
0.02710 0.03381 0.91150 0.02290 1.28244 1.50382 
0.02673 0.03418 0.91516 -0.03053 1.35115 1.56489 
0.02136 0.03723 0.91565 0.09924 1.19847 1.45802 
0.01855 0.03931 0.91626 0.12214 1.22901 1.34351 
0.02368 0.04272 0.90845 0.03053 1.25191 1.46565 
0.02344 0.03796 0.91284 -0.06107 1.38931 1.54198 
0.02966 0.03784 0.91418 -0.06107 1.33588 1.56489 
0.02783 0.03601 0.91125 0.06870 1.24427 1.35115 
0.01978 0.03638 0.90466 -0.00763 1.23664 1.26718 
0.02087 0.03467 0.91260 -0.07634 1.40458 1.18321 
0.01831 0.03638 0.91602 -0.05344 1.38168 1.19847 
0.02393 0.04114 0.91028 0.05344 1.22901 1.24427 
0.02820 0.03674 0.91016 0.06107 1.19084 1.20611 
0.02893 0.03845 0.91516 -0.05344 1.30534 1.22901 
0.02759 0.03552 0.91992 -0.01527 1.30534 1.31298 
0.01917 0.03369 0.91479 0.03053 1.23664 1.28244 
0.01965 0.03516 0.91577 0.03053 1.26718 1.19847 
0.02173 0.03516 0.91846 -0.01527 1.27481 1.23664 
0.02820 0.03918 0.91504 0.01527 1.30534 1.32824 
0.02844 0.04065 0.90942 0.07634 1.20611 1.28244 
0.02954 0.03796 0.90906 0.03817 1.22901 1.25191 
0.02283 0.03796 0.91565 -0.06107 1.35115 1.19847 
0.01794 0.03674 0.91418 -0.02290 1.31298 1.22137 
0.02136 0.03870 0.91357 0.00763 1.20611 1.22137 
0.02368 0.03210 0.91040 0.12214 1.25191 1.21374 
0.02625 0.03699 0.90930 -0.02290 1.35878 1.22901 
0.02490 0.03687 0.91565 0.09160 1.29771 1.20611 
0.02490 0.03918 0.91321 0.12977 1.27481 1.18321 
0.02209 0.03394 0.91016 0.05344 1.31298 1.26718 
0.02124 0.03857 0.91187 -0.00763 1.33588 1.29771 
0.02222 0.03870 0.91785 -0.02290 1.29008 1.26718 
0.02515 0.03479 0.91394 0.03053 1.32061 1.15267 
0.02515 0.03833 0.91492 0.06870 1.35115 1.17557 
0.02454 0.03601 0.91919 -0.09924 1.32061 1.27481 
0.02502 0.03674 0.91077 0.00763 1.33588 1.27481 
0.02368 0.03613 0.91113 -0.01527 1.25954 1.26718 
0.02246 0.03247 0.90869 -0.03053 1.29771 1.25191 
0.02405 0.03638 0.91431 0.00000 1.24427 1.25191 
0.02612 0.03540 0.91431 0.03817 1.31298 1.25954 
0.02368 0.03979 0.91370 0.06107 1.29771 1.27481 
0.02283 0.03894 0.91248 -0.00763 1.33588 1.19084 
0.02380 0.03674 0.91345 -0.02290 1.32824 1.23664 
0.02368 0.03748 0.91162 0.03817 1.27481 1.22137 
0.02515 0.03735 0.91394 -0.00763 1.39695 1.29008 
0.02417 0.03528 0.91138 -0.07634 1.37405 1.16794 
0.02295 0.03833 0.91577 -0.02290 1.32824 1.24427 
0.02075 0.03918 0.91272 0.06107 1.35878 1.25191 
0.02014 0.03809 0.90942 0.10687 1.29771 1.23664 
0.02136 0.03589 0.91187 -0.00763 1.26718 1.28244 
0.02686 0.03760 0.90942 0.00763 1.22137 1.25954 
0.02832 0.04028 0.91626 0.10687 1.27481 1.22901 
0.02710 0.03760 0.91333 0.14504 1.25191 1.26718 
0.02136 0.04041 0.91467 0.01527 1.39695 1.29008 
0.02112 0.03479 0.91565 0.02290 1.28244 1.26718 
0.02209 0.03394 0.91284 0.04580 1.27481 1.25191 
0.02588 0.03430 0.91052 0.03053 1.29008 1.29008 
0.02612 0.03540 0.91394 0.07634 1.29008 1.23664 
0.02380 0.03796 0.91370 0.06107 1.32824 1.27481 
0.02295 0.03699 0.91492 0.15267 1.28244 1.29008 
0.02258 0.03894 0.91565 0.02290 1.29008 1.22901 
0.01770 0.03931 0.91772 0.06870 1.32824 1.25954 
0.02393 0.03723 0.91296 0.08397 1.29771 1.26718 
0.02686 0.03357 0.91003 0.01527 1.20611 1.24427 
0.02563 0.03247 0.91479 0.00000 1.32061 1.25954 
0.02209 0.03699 0.91602 -0.02290 1.35878 1.19084 
0.02124 0.03882 0.91394 0.09924 1.22137 1.28244 
0.01965 0.03784 0.91309 0.09160 1.29771 1.26718 
0.02539 0.03955 0.90942 0.00763 1.30534 1.27481 
0.02661 0.03772 0.91614 0.00763 1.32061 1.29771 
0.02222 0.03918 0.91589 0.02290 1.35878 1.29771 
0.02112 0.03418 0.91577 0.09924 1.18321 1.25191 
0.02075 0.03748 0.91028 0.02290 1.26718 1.26718 
0.02026 0.03613 0.90845 0.09160 1.25954 1.33588 
0.02258 0.03979 0.91016 0.05344 1.28244 1.32061 
0.02576 0.03748 0.91028 0.15267 1.29008 1.31298 
0.03052 0.03674 0.90955 0.06870 1.26718 1.22901 
0.02307 0.03601 0.91199 0.01527 1.36641 1.22901 
0.01660 0.03735 0.91125 0.02290 1.29008 1.27481 
0.02319 0.03906 0.91724 0.05344 1.22901 1.21374 
0.02527 0.03650 0.91150 0.09924 1.26718 1.29771 
0.02673 0.03784 0.90991 -0.01527 1.36641 1.27481 
0.02637 0.03967 0.91675 -0.12977 1.34351 1.25954 
0.02393 0.03601 0.91321 0.05344 1.25191 1.23664 
0.01843 0.03625 0.91321 0.14504 1.19847 1.19847 
0.02087 0.03418 0.90833 -0.00763 1.25191 1.19847 
0.02258 0.03296 0.91650 0.01527 1.32824 1.28244 
0.02551 0.03809 0.91174 -0.00763 1.27481 1.26718 
0.02527 0.03662 0.91370 0.07634 1.32061 1.25954 
0.02417 0.03674 0.90918 0.08397 1.25954 1.26718 
0.01819 0.03943 0.91174 -0.00763 1.29008 1.28244 
0.02002 0.03723 0.91382 -0.03817 1.20611 1.22901 
0.02405 0.03198 0.91394 0.03053 1.32061 1.29771 
0.02515 0.03442 0.91675 -0.00763 1.32061 1.34351 
0.02515 0.03760 0.91199 0.04580 1.32061 1.25954 
0.02600 0.03516 0.90991 0.01527 1.33588 1.21374 
0.02429 0.04028 0.91711 -0.01527 1.34351 1.20611 
0.02051 0.03918 0.91504 -0.00763 1.31298 1.22137 
0.02051 0.03955 0.91064 0.01527 1.25954 1.25191 
0.02502 0.03455 0.91394 0.03053 1.33588 1.24427 
0.02795 0.03748 0.91003 0.03053 1.27481 1.25954 
0.02344 0.03503 0.91077 0.05344 1.32824 1.27481 
0.02356 0.03943 0.91260 -0.02290 1.34351 1.25191 
0.02197 0.03699 0.91760 0.03053 1.30534 1.30534 
0.02100 0.03601 0.91235 0.16031 1.22137 1.27481 
0.02356 0.03735 0.91101 0.10687 1.22901 1.29771 
0.02563 0.03564 0.91138 0.00763 1.23664 1.28244 
0.02295 0.03479 0.91785 0.02290 1.31298 1.24427 
0.02429 0.03906 0.91492 0.03817 1.21374 1.24427 
0.02832 0.03784 0.91040 0.07634 1.26718 1.28244 
0.02246 0.03870 0.91785 0.00000 1.25191 1.32061 
0.02258 0.03772 0.91943 -0.03817 1.30534 1.31298 
0.02271 0.03821 0.91370 -0.09924 1.25191 1.22137 
0.02649 0.03796 0.91333 0.16794 1.28244 1.30534 
0.03003 0.03821 0.90967 0.03053 1.40458 1.43511 
0.02783 0.03564 0.91235 -0.04580 1.32824 1.30534 
0.03772 0.03320 0.91479 0.18321 1.27481 1.47328 
0.03247 0.03601 0.91333 0.18321 1.29008 1.81679 
0.01514 0.03992 0.90906 0.05344 1.32824 2.11450 
0.03210 0.03687 0.91455 0.19084 1.36641 2.40458 
0.04663 0.03625 0.91577 0.16794 1.22137 2.61069 
0.02771 0.03894 0.89978 0.17557 1.29771 1.84733 
0.04517 0.03601 0.90552 0.12214 1.28244 1.68702 
0.04382 0.03674 0.91309 0.06107 1.41221 1.76336 
0.06689 0.03979 0.91748 0.12977 1.41221 2.02290 
0.02417 0.03564 0.90857 0.16794 1.36641 1.86260 
0.06104 0.03442 0.90881 0.13740 1.28244 1.80153 
0.05786 0.03577 0.91333 0.22901 1.35878 1.61832 
0.06458 0.03943 0.91541 0.05344 1.32061 1.64885 
0.04651 0.03796 0.91553 0.12977 1.24427 1.55725 
0.02417 0.03455 0.91248 0.08397 1.22901 2.00000 
-0.01404 0.04529 0.91675 -0.11450 1.31298 2.27481 
0.03540 0.04126 0.91260 0.02290 1.39695 2.32824 
0.01257 0.03333 0.91504 0.00763 1.27481 2.12977 
0.04993 0.03638 0.90869 0.10687 1.34351 2.02290 
0.02649 0.03821 0.91565 0.09924 1.31298 1.60305 
0.02356 0.03809 0.91699 0.19084 1.26718 1.35878 
0.03320 0.03638 0.90979 0.11450 1.25954 1.49618 
0.02698 0.04321 0.91162 -0.01527 1.35878 1.51145 
0.01880 0.04028 0.91211 0.06107 1.37405 1.28244 
0.02991 0.03479 0.91394 -0.02290 1.38168 1.32824 
0.05103 0.03760 0.91541 -0.02290 1.32061 1.37405 
0.03406 0.04285 0.91077 0.12977 1.35878 1.16794 
0.02014 0.03833 0.91333 0.41221 1.51145 0.93130 
0.04004 0.03882 0.91199 0.25191 1.37405 0.94656 
0.05408 0.02625 0.91797 0.22901 1.32824 1.05344 
0.03931 0.03955 0.91248 0.04580 1.29771 1.36641 
0.02930 0.03259 0.91833 0.08397 1.34351 1.35878 
0.04236 0.03247 0.91809 -0.27481 1.18321 1.64885 
0.05737 0.04199 0.91687 -0.06107 1.19847 1.62595 
0.07495 0.03625 0.90833 -0.04580 1.22901 1.44275 
0.07043 0.04309 0.91125 0.00000 1.19084 1.58015 
0.06445 0.04089 0.91357 0.06107 1.22901 1.45802 
0.05627 0.03723 0.91113 0.07634 1.25191 1.32061 
0.06641 0.03931 0.91113 -0.04580 1.26718 1.93893 
0.05701 0.04016 0.91418 -0.07634 1.25191 2.16794 
0.07605 0.03418 0.91785 0.02290 1.28244 2.06107 
0.04810 0.03723 0.91528 0.01527 1.24427 2.03817 
0.07568 0.03967 0.90894 0.08397 1.25954 1.54198 
0.07312 0.03711 0.91589 -0.09924 1.25191 1.25954 
0.06775 0.03442 0.91614 0.06870 1.34351 1.69466 
0.06482 0.03271 0.90979 0.00000 1.28244 1.90076 
0.04895 0.03638 0.91064 0.01527 1.32061 2.00000 
0.05786 0.03796 0.91040 0.00763 1.26718 1.97710 
0.03418 0.03857 0.90942 0.01527 1.26718 2.27481 
0.03076 0.03735 0.91492 0.03817 1.31298 2.64885 
0.00122 0.03308 0.91296 -0.03817 1.35115 1.74809 
0.01904 0.03821 0.91382 0.04580 1.36641 0.97710 
0.00610 0.03796 0.91211 0.02290 1.34351 0.56489 
0.00439 0.03735 0.91492 0.06107 1.34351 1.03817 
-0.00305 0.03162 0.91504 0.10687 1.33588 0.72519 
0.00427 0.02832 0.91248 0.12977 1.33588 1.04580 
-0.02515 0.03638 0.91333 0.01527 1.28244 1.21374 
0.00037 0.03809 0.90735 0.04580 1.37405 1.18321 
-0.00513 0.04065 0.91223 0.02290 1.36641 1.24427 
-0.01233 0.03857 0.91284 -0.05344 1.36641 0.92366 
0.00891 0.02600 0.91711 -0.09160 1.36641 1.12214 
0.01440 0.04761 0.90771 0.01527 1.32061 1.13740 
0.03259 0.03784 0.91101 -0.04580 1.29008 1.16794 
0.02625 0.03015 0.91235 -0.09924 1.33588 1.06107 
0.02502 0.03430 0.91357 -0.03817 1.32061 1.22901 
0.02649 0.04285 0.91406 -0.01527 1.32824 1.37405 
0.03320 0.03247 0.91284 0.07634 1.33588 1.19847 
0.04895 0.03638 0.91003 0.09160 1.31298 1.26718 
0.06287 0.04248 0.91125 0.09160 1.32824 1.21374 
0.04541 0.04663 0.91309 -0.01527 1.29008 1.19084 
0.07458 0.03088 0.91284 0.06107 1.33588 1.34351 
0.04114 0.03064 0.91431 0.26718 1.35878 1.26718 
0.04431 0.04102 0.90930 0.24427 1.32824 1.36641 
0.06372 0.03503 0.90771 0.02290 1.30534 1.38168 
0.04333 0.03235 0.90857 -0.41985 1.38931 0.90076 
0.06042 0.04260 0.91382 -0.52672 1.25191 1.18321 
0.05591 0.04578 0.90967 -0.42748 1.25191 1.35115 
0.03882 0.02283 0.90918 -0.22901 1.23664 1.79389 
0.04993 0.03210 0.91162 -0.38168 1.16031 1.51908 
0.02173 0.04163 0.91492 0.02290 1.51145 2.58779 
0.00537 0.04407 0.91431 -0.06870 1.32061 2.41221 
0.00012 0.03833 0.91064 -0.06870 1.19084 1.16794 
0.01038 0.03247 0.91150 -0.27481 1.18321 -0.02290 
-0.02161 0.03088 0.91626 -0.21374 1.23664 1.96947 
0.02600 0.04077 0.91333 -0.10687 1.23664 1.55725 
0.01099 0.03821 0.91418 -0.16031 1.16794 0.87786 
-0.02661 0.03064 0.91833 -0.22901 1.23664 1.15267 
0.01099 0.03723 0.91565 -0.16031 1.23664 1.19847 
0.00842 0.03760 0.91431 -0.07634 1.18321 0.86260 
-0.00647 0.02795 0.91162 -0.04580 1.19084 1.24427 
-0.00635 0.03992 0.91589 0.03817 1.31298 1.71756 
0.00513 0.03333 0.91296 -0.16031 1.16794 1.41985 
0.00378 0.03967 0.91772 0.07634 1.21374 1.77099 
-0.00940 0.03564 0.91577 0.12214 1.25191 1.71756 
0.01343 0.03638 0.91077 -0.19084 1.16794 0.61069 
0.01050 0.04016 0.91284 -0.08397 1.24427 1.41985 
0.00537 0.03772 0.91553 0.00763 1.28244 1.35115 
0.00024 0.03687 0.91614 0.06107 1.29008 1.45038 
0.00464 0.03564 0.91248 -0.03817 1.24427 1.53435 
0.04163 0.03223 0.91455 0.02290 1.36641 1.32824 
0.04163 0.03735 0.91321 -0.06107 1.22901 1.50382 
0.02820 0.03967 0.90723 -0.01527 1.22137 1.22901 
0.03650 0.03174 0.91443 0.00000 1.25191 1.53435 
0.03662 0.03906 0.91187 -0.03817 1.25191 1.55725 
0.02625 0.03906 0.91357 0.58779 1.54962 1.71756 
0.03406 0.03638 0.91882 1.22901 1.61832 -0.90076 
0.02454 0.03540 0.91162 -0.11450 1.17557 1.59542 
0.00928 0.03271 0.91675 0.00763 1.38168 3.59542 
0.01514 0.03455 0.91980 0.21374 1.32061 2.13740 
0.00647 0.03955 0.91028 -0.08397 1.15267 1.03817 
0.01013 0.03760 0.90820 -0.36641 1.02290 -0.57252 
0.01135 0.04053 0.91736 -0.00763 1.25191 0.96183 
0.01257 0.03796 0.91528 0.24427 1.27481 1.31298 
0.01929 0.03711 0.90625 0.20611 1.25191 1.18321 
0.00220 0.05188 0.90942 0.10687 1.31298 1.46565 
-0.00476 0.02991 0.91711 0.25191 1.32061 0.74046 
-0.00562 0.03381 0.91528 0.22137 1.32061 1.45802 
0.00439 0.01624 0.91089 0.00000 1.24427 1.06870 
0.00000 0.03247 0.91614 0.11450 1.25954 0.23664 
0.00818 0.04089 0.91748 0.06870 1.28244 1.74046 
-0.00378 0.03381 0.91235 0.29008 1.25191 0.56489 
-0.01062 0.03357 0.91211 0.66412 1.46565 -0.53435 
0.00635 0.03674 0.91113 -0.08397 1.17557 0.20611 
0.00525 0.02734 0.91650 0.01527 1.28244 -0.22137 
0.01831 0.03650 0.91870 0.06870 1.23664 -0.94656 
0.01697 0.04492 0.91235 0.00763 1.15267 -0.78626 
0.03394 0.05176 0.91150 0.04580 1.25954 0.22137 
0.02661 0.03503 0.91687 0.06107 1.18321 -0.02290 
0.03955 0.04224 0.90906 0.13740 1.30534 1.13740 
0.02979 0.03503 0.90613 0.07634 1.15267 0.11450 
0.02661 0.04907 0.91296 -0.07634 1.16031 0.50382 
0.01636 0.03845 0.91638 -0.03817 1.29771 0.71756 
0.03979 0.03381 0.91296 0.09924 1.25191 0.88550 
0.03064 0.03223 0.91638 0.15267 1.30534 1.05344 
0.02417 0.03870 0.91016 0.02290 1.24427 1.37405 
0.01306 0.03760 0.91968 -0.03817 1.25191 0.92366 
0.02368 0.03528 0.91479 0.22137 1.31298 0.76336 
0.00000 0.03650 0.90845 0.19084 1.22137 1.03053 
0.00073 0.03259 0.91223 0.06870 1.33588 0.38168 
0.00977 0.03516 0.91602 0.09924 1.16031 0.19084 
0.01404 0.04126 0.91431 0.07634 1.25954 0.19084 
0.00781 0.04517 0.91089 -0.02290 1.25191 0.79389 
0.00806 0.04614 0.90906 -0.08397 1.09924 0.43511 
0.01099 0.04272 0.91711 -0.03817 1.24427 0.41221 
-0.00012 0.04785 0.91223 0.09160 1.21374 -0.32061 
0.02844 0.02747 0.91614 0.00763 1.24427 -0.66412 
0.02295 0.03369 0.91516 -0.06870 1.22901 0.83206 
-0.00195 0.04626 0.91248 -0.00763 1.24427 -0.06107 
0.04700 0.02222 0.91492 0.04580 1.27481 0.74046 
0.00085 0.04541 0.91272 0.26718 1.24427 1.16031 
0.03613 0.03564 0.91235 0.03053 1.30534 0.09160 
0.02185 0.04199 0.91650 -0.03053 1.19084 0.26718 
0.03833 0.03784 0.91602 0.08397 1.22901 0.06107 
0.02600 0.03833 0.91248 0.09924 1.19847 0.13740 
0.02795 0.03418 0.91406 -0.05344 1.23664 0.45802 
0.02734 0.04248 0.91638 -0.12977 1.24427 0.01527 
0.01807 0.04822 0.91528 0.09160 1.17557 -1.48855 
0.02673 0.04785 0.91394 0.12214 1.22901 -3.33588 
0.01758 0.03589 0.90845 0.09160 1.18321 -4.01527 
0.03369 0.02917 0.91638 0.00000 1.25954 -2.13740 
0.00208 0.04236 0.91492 0.13740 1.28244 -1.32061 
0.00183 0.03821 0.91370 0.01527 1.23664 -0.36641 
0.01563 0.03870 0.91382 0.10687 1.24427 -1.21374 
0.02417 0.04163 0.91406 -0.09924 1.16031 -3.27481 
0.03662 0.03479 0.91650 0.10687 1.18321 -4.38931 
0.03027 0.02515 0.91321 -0.08397 1.06870 -4.11450 
-0.00513 0.04004 0.90649 -0.09160 1.15267 -3.32824 
0.00293 0.03809 0.91113 0.09924 1.31298 -2.05344 
0.03235 0.03149 0.91797 0.01527 1.22901 -0.96183 
0.03345 0.03772 0.91028 0.11450 1.29771 -0.85496 
0.04150 0.02197 0.91321 -0.22137 1.26718 1.16794 
0.06262 0.03650 0.91528 0.24427 1.40458 1.70992 
0.01965 0.02344 0.91455 -0.06870 1.32824 4.51908 
0.07300 0.02588 0.91589 0.29008 1.41221 3.25191 
-0.00427 0.04785 0.91052 0.07634 1.36641 5.25954 
0.02087 0.03357 0.90527 0.19847 1.39695 4.48855 
-0.00293 0.03455 0.91455 0.00000 1.35115 3.80916 
-0.02380 0.05859 0.91101 0.03817 1.35115 3.24427 
0.02478 0.03369 0.91016 0.35878 1.41221 3.74809 
0.03076 0.03210 0.91748 0.14504 1.35878 3.89313 
-0.00647 0.03699 0.90759 0.60305 1.35115 2.29008 
0.02625 0.03552 0.91272 0.21374 1.32824 2.00000 
-0.00024 0.03259 0.91003 0.06870 1.31298 0.06870 
0.01184 0.03809 0.90747 0.18321 1.24427 -1.74809 
0.00659 0.03992 0.91699 -0.04580 1.23664 -1.83206 
0.01428 0.04297 0.91138 0.03817 1.29008 -0.33588 
0.01514 0.04297 0.91284 -0.07634 1.31298 1.09924 
0.00366 0.03601 0.90991 -0.06107 1.28244 1.33588 
-0.00293 0.03455 0.91296 -0.05344 1.29008 0.58779 
0.00659 0.04065 0.91699 -0.14504 1.21374 -0.09924 
0.00452 0.04724 0.91223 -0.12977 1.29008 0.03053 
0.01343 0.04150 0.91467 0.03817 1.30534 -0.24427 
0.02417 0.03235 0.91541 0.18321 1.29771 -1.21374 
0.01099 0.03662 0.91138 0.01527 1.21374 -1.65649 
0.02002 0.03955 0.91467 -0.04580 1.19084 -1.81679 
0.03027 0.04004 0.91602 -0.00763 1.21374 -1.46565 
0.02783 0.03577 0.91040 0.07634 1.20611 -0.58015 
0.00928 0.03723 0.91418 -0.02290 1.22901 0.14504 
0.00378 0.03723 0.91467 -0.12977 1.27481 -0.05344 
0.03320 0.03870 0.91467 -0.05344 1.28244 -0.03053 
0.04944 0.03540 0.91260 0.03053 1.35878 0.93130 
0.04248 0.03650 0.91003 -0.07634 1.34351 1.90840 
0.03113 0.03723 0.91589 0.16031 1.33588 1.48092 
0.00293 0.03760 0.91394 -0.03817 1.25191 0.81679 
0.00488 0.03748 0.91125 -0.04580 1.26718 0.38168 
0.03857 0.03467 0.91589 -0.04580 1.26718 0.30534 
0.03943 0.04016 0.91296 0.03053 1.29008 0.65649 
-0.00342 0.03821 0.91516 0.09924 1.31298 0.54962 
0.00488 0.04126 0.91113 0.01527 1.20611 0.02290 
0.02112 0.03467 0.91455 -0.06107 1.20611 0.21374 
0.03088 0.03064 0.91785 0.03053 1.30534 0.61832 
0.03052 0.03113 0.90967 0.10687 1.28244 0.45802 
0.02344 0.04639 0.91064 0.09160 1.33588 0.09160 
-0.00354 0.04370 0.90955 0.03053 1.35115 0.04580 
-0.01733 0.03857 0.91296 -0.11450 1.25954 -0.41985 
0.00220 0.03943 0.91504 -0.06107 1.32061 -0.48092 
0.01501 0.03699 0.91370 -0.11450 1.24427 -0.06107 
0.01611 0.03467 0.91528 0.02290 1.37405 0.41221 
0.01807 0.03699 0.91223 0.03053 1.38168 0.57252 
0.02173 0.03821 0.91553 -0.05344 1.31298 0.74809 
0.02905 0.03894 0.91736 0.11450 1.32061 0.92366 
0.02881 0.03748 0.91199 0.12214 1.28244 0.94656 
0.02466 0.03662 0.91492 0.08397 1.27481 1.17557 
0.02539 0.03857 0.91602 -0.06107 1.26718 1.08397 
0.02954 0.03516 0.91565 0.02290 1.27481 1.06870 
0.03015 0.03601 0.91101 0.07634 1.32824 0.97710 
0.01709 0.03491 0.90771 -0.00763 1.32061 0.90840 
0.01819 0.04321 0.91052 -0.19084 1.29008 0.75573 
0.01929 0.04138 0.91968 -0.14504 1.19847 0.83206 
0.01990 0.03809 0.91199 -0.00763 1.25191 0.99237 
0.02393 0.03455 0.91064 0.00763 1.29771 1.00763 
0.02991 0.03308 0.91370 0.02290 1.27481 1.02290 
0.03052 0.03601 0.91479 -0.04580 1.30534 0.93893 
0.02051 0.04041 0.91345 0.03817 1.29008 0.85496 
0.02039 0.04150 0.91235 0.06870 1.27481 0.82443 
0.02380 0.04150 0.91260 -0.06107 1.27481 0.94656 
0.02759 0.03625 0.91443 0.01527 1.29008 1.00763 
0.02490 0.03577 0.91394 -0.02290 1.32824 0.94656 
0.01672 0.03760 0.91333 -0.04580 1.27481 0.90840 
0.01416 0.03760 0.91711 -0.09160 1.25191 0.85496 
0.02014 0.04065 0.91687 0.02290 1.31298 1.04580 
0.02185 0.03796 0.91187 0.00000 1.32061 1.13740 
0.02466 0.03882 0.91064 -0.03053 1.28244 1.08397 
0.02478 0.03918 0.91846 -0.07634 1.22137 1.16031 
0.02405 0.03699 0.91614 -0.00763 1.35115 1.19084 
0.02124 0.03650 0.91223 0.07634 1.32061 1.22137 
0.02441 0.03809 0.91577 0.02290 1.30534 1.29771 
0.02368 0.03760 0.91638 0.06107 1.32061 1.28244 
0.02563 0.03894 0.91125 0.03817 1.31298 1.29008 
0.02380 0.03442 0.90710 0.03817 1.27481 1.25954 
0.02344 0.03870 0.91345 -0.06107 1.23664 1.26718 
0.02136 0.03894 0.91431 -0.03817 1.25954 1.25954 
0.02356 0.03467 0.91052 -0.05344 1.24427 1.24427 
0.02197 0.03918 0.91321 -0.05344 1.29771 1.22901 
0.02417 0.03552 0.91333 -0.10687 1.34351 1.22137 
0.02478 0.03857 0.91260 -0.05344 1.32824 1.15267 
0.02637 0.03894 0.90942 0.00000 1.32824 1.27481 
0.02100 0.04114 0.91260 0.00000 1.26718 1.25954 
0.02063 0.03516 0.91748 -0.05344 1.34351 1.21374 
0.02441 0.03662 0.91455 -0.03817 1.30534 1.24427 
0.02454 0.03467 0.91516 0.04580 1.32061 1.22901 
0.02600 0.03491 0.91064 0.03053 1.31298 1.29008 
0.02734 0.03918 0.91064 0.04580 1.28244 1.19847 
0.02234 0.03906 0.91101 0.03817 1.36641 1.23664 
0.01892 0.03918 0.91528 0.09924 1.26718 1.28244 
0.01990 0.04102 0.90845 0.12214 1.38931 1.26718 
0.02271 0.03638 0.90576 0.04580 1.22137 1.22901 
0.02686 0.03662 0.91663 -0.01527 1.32824 1.26718 
0.02393 0.03589 0.91284 0.12214 1.25191 1.35115 
0.02283 0.03491 0.91553 0.03817 1.34351 1.19847 
0.02441 0.03613 0.90869 0.07634 1.41985 1.32061 
0.02429 0.04248 0.91296 0.01527 1.28244 1.29008 
0.02197 0.03918 0.91296 0.03817 1.29771 1.32824 
0.02527 0.03821 0.90942 0.02290 1.29771 1.21374 
0.02148 0.03748 0.91345 -0.13740 1.30534 1.19084 
0.02393 0.03467 0.91785 -0.13740 1.21374 1.30534 
0.02490 0.03564 0.91077 0.00000 1.25954 1.27481 
0.02502 0.03479 0.91211 0.01527 1.19084 1.20611 
0.02551 0.03809 0.91455 0.01527 1.26718 1.22137 
0.02283 0.04285 0.91748 -0.01527 1.22137 1.22901 
0.02185 0.04272 0.91272 0.03817 1.28244 1.22137 
0.01904 0.03674 0.91040 0.07634 1.29771 1.16031 
0.02039 0.03552 0.91382 0.05344 1.28244 1.23664 
0.02039 0.03577 0.91589 0.03817 1.25191 1.09924 
0.01575 0.03845 0.91003 0.17557 1.28244 0.95420 
0.01416 0.03479 0.91211 0.13740 1.32824 1.09160 
0.01965 0.03601 0.91187 0.10687 1.33588 1.30534 
0.01917 0.03821 0.91211 0.07634 1.32061 1.43511 
0.01404 0.03979 0.91248 0.02290 1.38168 1.56489 
0.00903 0.03589 0.91296 0.03053 1.25954 1.80916 
0.00647 0.03223 0.91504 0.02290 1.31298 2.24427 
0.01550 0.03223 0.91577 -0.06870 1.31298 2.35878 
-0.00122 0.03699 0.91321 -0.06870 1.32061 1.93130 
0.02747 0.04565 0.91406 0.07634 1.29008 1.55725 
-0.02148 0.03784 0.91016 0.03817 1.29771 0.42748 
-0.01123 0.03418 0.91382 0.09924 1.35878 1.89313 
0.00940 0.03943 0.92102 0.13740 1.38931 2.27481 
0.01367 0.03308 0.90674 0.06870 1.35115 1.80153 
0.01111 0.02917 0.91064 0.02290 1.32824 0.98473 
0.01624 0.03906 0.91492 -0.06870 1.27481 0.41221 
0.01062 0.04126 0.91284 0.00000 1.22901 0.28244 
0.00281 0.03992 0.91296 0.13740 1.34351 1.12214 
-0.00720 0.03625 0.90710 0.04580 1.31298 1.99237 
-0.00037 0.02612 0.91467 0.10687 1.23664 2.74809 
-0.00122 0.02539 0.91406 0.00763 1.34351 3.30534 
-0.00586 0.03589 0.91589 0.08397 1.41985 4.45038 
0.00049 0.03943 0.91040 0.10687 1.32061 3.94656 
-0.00793 0.04077 0.91626 0.09160 1.33588 4.18321 
0.01453 0.04224 0.91614 0.00000 1.35115 3.64122 
0.00439 0.04663 0.91321 0.00763 1.32061 3.60305 
0.00085 0.03125 0.90918 0.08397 1.35115 3.41221 
-0.00232 0.03027 0.91077 0.06107 1.39695 4.25954 
-0.00745 0.02979 0.91504 -0.08397 1.36641 5.83206 
0.00342 0.03894 0.91565 -0.08397 1.34351 4.68702 
0.00928 0.04468 0.91418 0.03817 1.42748 5.29771 
0.02185 0.03223 0.91626 0.11450 1.41985 4.78626 
0.02551 0.03711 0.90881 -0.11450 1.34351 3.77863 
0.04126 0.03577 0.91443 -0.12977 1.24427 1.85496 
0.04395 0.04895 0.90808 -0.04580 1.30534 1.21374 
0.03528 0.04663 0.91028 0.08397 1.22901 0.70992 
0.02893 0.04285 0.91321 0.00763 1.29008 0.09924 
0.05225 0.03894 0.91565 -0.09160 1.16794 -0.20611 
0.06152 0.04956 0.91162 -0.04580 1.30534 2.57252 
0.02966 0.03552 0.91309 0.00763 1.35878 1.38168 
0.05334 0.03491 0.91333 -0.07634 1.28244 0.41221 
0.02319 0.04126 0.91736 0.03817 1.32061 0.41985 
0.01990 0.04358 0.91406 -0.01527 1.29008 0.40458 
0.01001 0.03479 0.91272 0.03817 1.30534 0.64885 
-0.00122 0.04858 0.91614 -0.05344 1.21374 1.13740 
-0.01379 0.03711 0.91528 0.03817 1.29771 1.14504 
-0.00195 0.03735 0.91821 -0.01527 1.32061 1.06107 
-0.00146 0.03906 0.91272 -0.16794 1.25954 0.98473 
-0.00977 0.03711 0.91455 -0.13740 1.23664 1.17557 
-0.01685 0.03455 0.91565 -0.25191 1.21374 1.17557 
-0.02246 0.03760 0.91577 -0.07634 1.27481 1.20611 
-0.01245 0.03564 0.91211 -0.17557 1.19847 1.19084 
-0.01233 0.03699 0.91772 -0.02290 1.35878 1.19847 
-0.00525 0.03064 0.91785 0.01527 1.32061 1.04580 
-0.00037 0.03870 0.91455 -0.06107 1.29008 0.80153 
0.01282 0.03577 0.91431 -0.07634 1.34351 0.90076 
0.00989 0.03320 0.91455 -0.00763 1.32824 0.66412 
0.01392 0.04260 0.91333 0.03053 1.37405 0.93130 
0.01477 0.03357 0.90735 -0.12214 1.29008 1.04580 
0.02087 0.04028 0.91003 -0.29771 1.21374 0.99237 
0.02930 0.03918 0.92334 -0.19847 1.30534 1.11450 
0.01880 0.03992 0.91626 0.00000 1.34351 1.45802 
0.03162 0.03101 0.90576 -0.09924 1.29008 1.09160 
0.00818 0.03809 0.91357 -0.19847 1.27481 1.00763 
0.00073 0.03467 0.91467 -0.27481 1.27481 1.46565 
0.00806 0.03760 0.91309 -0.15267 1.27481 1.35115 
0.03882 0.02979 0.91040 0.03053 1.34351 0.78626 
0.02209 0.03662 0.90930 -0.24427 1.23664 1.42748 
0.02258 0.03979 0.91467 -0.21374 1.30534 2.17557 
0.04663 0.04224 0.91382 -0.00763 1.36641 1.57252 
0.03809 0.04419 0.90820 -0.14504 1.29771 2.10687 
0.04602 0.02454 0.91052 -0.09924 1.35115 0.82443 
0.02747 0.04492 0.91614 -0.17557 1.36641 2.20611 
0.07056 0.04700 0.91260 0.09924 1.39695 2.96947 
0.07556 0.02539 0.90344 0.00000 1.35878 2.05344 
0.05334 0.02905 0.90894 -0.13740 1.33588 1.52672 
0.07617 0.03833 0.91748 -0.12977 1.34351 1.38931 
0.07788 0.04285 0.91638 0.01527 1.29771 1.61069 
0.07166 0.03772 0.90674 0.05344 1.44275 1.77863 
0.06335 0.04260 0.91064 -0.19084 1.29771 1.89313 
0.06055 0.03748 0.91345 -0.04580 1.41985 2.34351 
0.06494 0.03369 0.91821 0.01527 1.32824 2.40458 
0.03101 0.03967 0.90942 0.19847 1.30534 2.50382 
0.02136 0.04138 0.91321 -0.12977 1.31298 2.57252 
0.02942 0.03845 0.91797 -0.19084 1.29008 2.44275 
0.00903 0.03979 0.91821 -0.09924 1.34351 2.58015 
0.00317 0.03381 0.90820 -0.18321 1.22137 1.66412 
0.02222 0.02808 0.90991 -0.05344 1.34351 1.56489 
0.00684 0.03967 0.91821 -0.09924 1.33588 2.96947 
0.02441 0.04041 0.91785 0.03053 1.35878 3.18321 
0.01184 0.03381 0.91016 0.21374 1.40458 3.14504 
0.02063 0.03235 0.90527 -0.01527 1.41985 2.60305 
0.02588 0.04114 0.91895 -0.19084 1.31298 2.61832 
0.02600 0.03760 0.91565 0.09924 1.42748 2.97710 
0.01917 0.02454 0.90808 0.25191 1.38168 3.09924 
0.03137 0.02832 0.90723 0.08397 1.38168 2.81679 
0.03418 0.02441 0.91943 0.11450 1.41221 1.91603 
0.02234 0.04382 0.91992 0.09160 1.36641 2.52672 
0.01721 0.04077 0.91528 0.18321 1.41221 2.95420 
0.00916 0.04089 0.91211 0.04580 1.42748 2.67939 
0.02307 0.03674 0.91223 -0.08397 1.32824 2.22137 
0.02454 0.03271 0.91528 0.02290 1.25191 1.96947 
0.00854 0.03101 0.91101 -0.00763 1.35115 1.98473 
0.01086 0.03174 0.90869 -0.09924 1.35878 1.57252 
0.00098 0.03735 0.91565 -0.16794 1.29008 1.23664 
0.00525 0.04187 0.91394 0.00000 1.19847 1.66412 
0.00891 0.03430 0.91467 -0.16031 1.30534 1.44275 
0.01038 0.03577 0.91138 -0.22901 1.30534 0.92366 
0.01672 0.03748 0.91272 0.00763 1.28244 0.19084 
0.01196 0.03455 0.91174 0.08397 1.25191 -0.05344 
0.01416 0.03247 0.91101 -0.04580 1.32061 1.01527 
0.02087 0.03650 0.91882 0.01527 1.29771 2.09160 
0.01526 0.04199 0.91040 -0.23664 1.10687 2.02290 
0.00720 0.03455 0.91199 0.07634 1.26718 0.92366 
0.02087 0.03418 0.91040 0.12214 1.42748 1.40458 
0.01648 0.03564 0.91760 0.16794 1.37405 1.49618 
0.01416 0.03418 0.91724 0.38931 1.43511 1.78626 
0.00098 0.03821 0.90576 0.38168 1.45802 1.93130 
0.01318 0.04016 0.91150 0.22901 1.49618 2.05344 
0.02209 0.03674 0.91968 0.16031 1.43511 1.69466 
0.01794 0.03491 0.91321 0.07634 1.33588 1.16031 
0.01526 0.03137 0.91187 0.12977 1.30534 1.14504 
0.03381 0.04236 0.90771 0.09160 1.28244 1.20611 
0.04199 0.04199 0.91809 0.14504 1.34351 1.33588 
0.02429 0.03650 0.91675 0.03053 1.32824 1.25954 
0.03894 0.03479 0.90991 0.01527 1.27481 1.19084 
0.02515 0.03113 0.91003 0.04580 1.31298 1.31298 
0.03711 0.03516 0.91736 0.05344 1.35115 1.27481 
0.03625 0.03564 0.91565 0.07634 1.23664 1.27481 
0.04004 0.04272 0.91431 0.03817 1.29771 1.20611 
0.03430 0.04272 0.91418 -0.05344 1.25191 1.10687 
0.03540 0.03772 0.91675 0.06870 1.22901 0.95420 
0.02502 0.03650 0.91309 0.16794 1.37405 1.14504 
0.01660 0.03320 0.90955 0.18321 1.37405 1.32061 
0.03027 0.03174 0.91284 0.20611 1.37405 1.37405 
0.03406 0.03821 0.91211 0.12977 1.29008 1.35115 
0.02185 0.04114 0.91492 0.12214 1.26718 1.37405 
0.01758 0.04333 0.91516 0.11450 1.30534 1.45802 
0.01245 0.03784 0.91626 0.12214 1.33588 1.37405 
-0.01160 0.03833 0.91528 0.12214 1.25191 1.32061 
-0.00256 0.03540 0.91174 0.11450 1.29008 1.62595 
0.00208 0.03577 0.91772 0.13740 1.28244 1.62595 
0.01660 0.03711 0.91589 0.17557 1.33588 1.61069 
0.00989 0.04224 0.91016 0.13740 1.30534 1.92366 
0.00745 0.04077 0.90906 0.16031 1.32061 2.28244 
0.02527 0.03601 0.91113 0.12214 1.29008 2.18321 
0.02173 0.03760 0.91260 0.11450 1.22901 2.08397 
0.01892 0.03918 0.91125 -0.00763 1.22137 2.16031 
0.03357 0.04346 0.91125 -0.01527 1.34351 2.38168 
0.01587 0.03833 0.91248 -0.05344 1.26718 2.67176 
0.02124 0.03345 0.91113 0.12214 1.25954 2.44275 
0.01917 0.03857 0.91064 0.00763 1.28244 2.23664 
0.01001 0.03650 0.91174 -0.20611 1.27481 2.04580 
0.02466 0.03662 0.91418 -0.16031 1.26718 2.14504 
0.03552 0.03699 0.91772 0.22137 1.29771 1.90840 
0.01453 0.03149 0.90454 -0.06870 1.15267 1.56489 
-0.00806 0.03552 0.90881 -0.17557 1.27481 1.44275 
0.02734 0.04309 0.91895 0.06107 1.31298 1.58779 
0.01941 0.03918 0.91016 0.21374 1.21374 1.74046 
0.03552 0.03784 0.90564 -0.19847 1.29771 1.95420 
0.02466 0.04053 0.91455 -0.03817 1.33588 1.94656 
0.02966 0.03992 0.91943 0.19084 1.38168 1.83206 
0.03284 0.04358 0.91455 0.20611 1.32061 1.37405 
0.02734 0.04163 0.90894 0.14504 1.32061 1.38168 
0.03467 0.03003 0.91650 0.04580 1.34351 1.71756 
0.03076 0.03174 0.91797 0.21374 1.34351 2.05344 
0.04333 0.03967 0.91272 0.25191 1.34351 2.41221 
0.05664 0.04041 0.91028 0.05344 1.30534 1.82443 
0.04114 0.03821 0.91907 0.09160 1.39695 1.81679 
0.03662 0.03784 0.91406 -0.03817 1.24427 1.71756 
0.02966 0.03833 0.91003 0.03053 1.30534 1.77863 
0.04321 0.03552 0.91333 0.01527 1.40458 2.32061 
0.03333 0.03809 0.91626 0.03053 1.44275 2.90076 
0.04089 0.03418 0.91760 0.20611 1.28244 2.61069 
0.03455 0.04089 0.90820 0.09924 1.33588 2.19084 
0.02173 0.03223 0.91492 0.04580 1.38931 1.73282 
0.03894 0.04578 0.91724 -0.00763 1.41221 2.01527 
0.04590 0.04102 0.91663 -0.04580 1.30534 2.41985 
0.02991 0.03442 0.91028 0.01527 1.29008 1.88550 
0.04382 0.03284 0.91345 -0.05344 1.38168 1.83206 
0.05090 0.03027 0.91626 -0.00763 1.32824 1.62595 
0.05322 0.04004 0.91541 -0.06870 1.21374 1.48855 
0.04443 0.04272 0.91016 0.02290 1.23664 1.67176 
0.05371 0.03809 0.91260 -0.09160 1.32824 1.83969 
0.05212 0.03564 0.91479 0.06107 1.40458 2.19847 
0.04443 0.03479 0.91321 -0.00763 1.31298 2.61832 
0.03540 0.03088 0.90991 0.05344 1.35115 2.54962 
0.02625 0.02686 0.91052 -0.22137 1.29008 2.59542 
0.05054 0.03748 0.92261 -0.04580 1.34351 1.91603 
0.04578 0.03577 0.91260 0.09160 1.28244 2.01527 
0.01941 0.03479 0.90576 -0.01527 1.34351 2.30534 
0.01917 0.03845 0.90564 -0.07634 1.39695 2.78626 
0.00623 0.03845 0.91833 -0.09160 1.38931 2.43511 
0.03699 0.03662 0.91333 0.15267 1.35115 2.12214 
-0.00232 0.03882 0.91394 0.01527 1.28244 1.74046 
0.03040 0.03918 0.90906 0.13740 1.32824 1.58779 
0.03467 0.03723 0.91162 -0.05344 1.32061 1.64122 
0.03223 0.03870 0.91797 -0.02290 1.28244 1.79389 
0.03125 0.03833 0.91223 -0.00763 1.41221 2.21374 
0.04089 0.03906 0.91003 0.00000 1.29771 2.34351 
0.03577 0.03577 0.91272 0.01527 1.29771 2.56489 
0.04797 0.03857 0.91528 0.01527 1.28244 2.54962 
0.02832 0.03430 0.91479 0.03817 1.31298 2.67939 
0.03931 0.03735 0.91223 0.02290 1.31298 2.55725 
0.02429 0.03625 0.91467 0.07634 1.36641 2.70229 
0.00879 0.03491 0.91321 -0.00763 1.39695 3.29008 
0.01392 0.03796 0.91370 0.05344 1.35878 3.09160 
0.02722 0.03625 0.91321 -0.01527 1.30534 2.93893 
0.04187 0.03394 0.91028 0.02290 1.41221 2.94656 
0.05164 0.03857 0.91418 0.03817 1.35878 3.36641 
0.04626 0.03906 0.90686 0.08397 1.35115 3.77863 
0.03198 0.03845 0.90808 0.06870 1.34351 3.64122 
0.00366 0.03784 0.91052 0.00000 1.32824 3.48855 
-0.00525 0.03699 0.91260 0.07634 1.35878 3.71756 
0.01978 0.03333 0.90857 0.09160 1.46565 3.74809 
0.02905 0.03442 0.91589 0.00763 1.35115 3.27481 
0.03735 0.03638 0.91699 0.07634 1.29008 3.11450 
0.04004 0.03784 0.91016 0.06870 1.39695 3.26718 
0.06006 0.04248 0.90967 0.03817 1.34351 2.88550 
0.04858 0.03748 0.91248 -0.06107 1.38168 2.66412 
0.05725 0.03748 0.91089 -0.06870 1.31298 2.03817 
0.06140 0.03589 0.91626 -0.07634 1.30534 1.43511 
0.06677 0.03577 0.91211 0.00763 1.32824 1.35878 
0.05127 0.03577 0.91211 0.06870 1.29771 1.45038 
0.03564 0.03748 0.91101 0.09160 1.30534 1.48092 
0.02173 0.03906 0.91199 -0.09160 1.38931 1.30534 
0.02441 0.03833 0.90845 0.00000 1.31298 1.28244 
0.02661 0.03308 0.91321 -0.01527 1.25191 1.26718 
0.02637 0.03564 0.91052 0.03053 1.22137 1.28244 
0.02393 0.03540 0.91357 0.04580 1.31298 1.25954 
0.02075 0.03699 0.91760 -0.02290 1.34351 1.22901 
0.02332 0.03918 0.91345 0.00763 1.19847 1.20611 
0.02393 0.03894 0.90784 0.03053 1.25191 1.23664 
0.02380 0.03833 0.91260 0.04580 1.26718 1.21374 
0.02344 0.03650 0.91370 -0.04580 1.36641 1.22137 
0.01978 0.03662 0.91479 0.02290 1.32824 1.19084 
0.02502 0.03784 0.91467 0.07634 1.27481 1.19847 
0.02405 0.03943 0.91455 0.12214 1.27481 1.19847 
0.02380 0.03552 0.91846 -0.09160 1.22901 1.25191 
0.02637 0.03796 0.91174 0.10687 1.32824 1.29008 
0.02393 0.03638 0.91382 0.09160 1.25954 1.28244 
0.03162 0.03113 0.91479 0.19847 1.39695 1.44275 
0.02649 0.04028 0.91687 0.03817 1.43511 2.25191 
0.02100 0.04077 0.91492 0.02290 1.33588 2.56489 
0.01978 0.04321 0.91296 0.03817 1.26718 2.26718 
0.02173 0.03772 0.91016 -0.03817 1.26718 1.82443 
0.02405 0.03198 0.91687 -0.06870 1.35115 1.31298 
0.02576 0.03748 0.91650 -0.03817 1.21374 1.22901 
0.02148 0.03430 0.91199 0.10687 1.21374 1.22137 
0.02100 0.03674 0.90759 0.17557 1.16794 1.21374 
0.01904 0.04065 0.91577 0.05344 1.28244 1.35878 
0.02246 0.03772 0.91565 0.09160 1.24427 1.28244 
0.02649 0.03906 0.91248 0.16794 1.15267 1.38931 
0.02783 0.03613 0.91504 0.04580 1.24427 1.28244 
0.02686 0.03699 0.91260 -0.09160 1.28244 1.41985 
0.02661 0.03638 0.91833 0.03053 1.17557 1.29008 
0.02466 0.03381 0.91638 0.06107 1.19847 1.13740 
0.02600 0.03552 0.91663 0.07634 1.25191 1.11450 
0.02039 0.04114 0.90784 -0.09924 1.25954 1.05344 
0.02014 0.03772 0.92700 -0.11450 1.29771 0.96947 
0.02771 0.03784 0.91431 -0.03817 1.22137 1.01527 
0.03125 0.04260 0.91858 -0.14504 1.31298 1.09924 
0.02893 0.04333 0.91809 -0.33588 1.42748 1.12977 
0.02856 0.04858 0.91895 -0.34351 1.34351 1.06870 
0.02686 0.05103 0.91431 -0.58779 1.42748 1.06870 
0.02417 0.04602 0.92004 -0.85496 1.53435 1.10687 
0.02344 0.04797 0.91321 -1.06107 1.70992 1.12977 
0.02600 0.04712 0.91858 -1.19847 1.65649 1.19084 
0.02966 0.04333 0.91614 -1.35115 1.67939 1.11450 
0.02930 0.04382 0.91382 -1.65649 1.74809 1.16794 
0.02893 0.03931 0.91724 -1.79389 1.80916 1.16794 
0.02258 0.04065 0.92480 -1.85496 1.75573 1.16031 
0.02405 0.04224 0.91589 -1.88550 1.83206 1.16794 
0.02295 0.03955 0.91223 -2.06870 1.84733 1.11450 
0.02283 0.03479 0.91650 -2.11450 1.95420 1.19084 
0.02576 0.03650 0.91614 -2.09924 1.93893 1.17557 
0.02466 0.03186 0.91357 -2.12977 1.93130 1.14504 
0.02905 0.03308 0.91467 -2.27481 1.97710 1.14504 
0.02136 0.02979 0.91174 -2.36641 2.05344 1.19084 
0.02332 0.02844 0.91626 -2.36641 1.96947 1.12977 
0.01709 0.02954 0.91394 -2.29008 1.97710 1.21374 
0.01843 0.03125 0.90686 -2.34351 2.03817 1.17557 
0.01965 0.02527 0.91577 -2.40458 2.07634 1.12214 
0.02295 0.02478 0.91650 -2.38931 1.99237 1.16794 
0.02148 0.02344 0.91125 -2.28244 1.99237 1.19084 
-0.00391 -0.02405 0.89294 -1.34351 1.54198 1.06107 
-0.01440 -0.06006 0.91772 -0.59542 1.49618 1.06107 
0.00830 -0.06006 0.81506 0.01527 1.19847 1.22137 
0.01270 -0.01489 0.92957 0.77863 1.44275 1.41985 
0.02734 0.03564 0.92505 1.14504 1.23664 1.21374 
0.02576 0.04919 0.89563 2.13740 0.52672 1.13740 
0.01697 0.03284 0.95093 2.45802 0.35115 1.12977 
0.02100 0.03589 0.89099 1.19084 0.71756 1.05344 
0.01868 0.04382 0.92297 0.99237 1.08397 1.18321 
0.01758 0.03833 0.96252 0.92366 1.07634 1.22901 
0.02942 0.04370 0.89648 1.16794 0.67176 1.12214 
0.03870 0.03809 0.89685 0.99237 0.92366 1.06870 
0.03674 0.03320 0.92896 -0.35115 1.70229 1.13740 
0.02405 0.04395 0.93640 0.18321 1.16794 1.35878 
0.01270 0.04626 0.92163 0.33588 0.89313 1.20611 
0.01868 0.04114 0.89392 -0.36641 1.37405 1.11450 
0.01794 0.03674 0.92456 -0.68702 1.67176 1.03817 
0.02161 0.03210 0.93469 -0.80153 1.59542 1.19084 
0.02686 0.03528 0.90906 -0.44275 1.25191 1.16794 
0.02954 0.02917 0.91235 -0.67939 1.53435 1.08397 
0.03271 0.02905 0.90649 -1.35878 1.87023 1.09160 
0.02625 0.02588 0.93066 -0.96183 1.63359 1.27481 
0.01611 0.02808 0.91370 -0.83206 1.46565 1.25954 
0.01526 0.03369 0.89001 -1.09924 1.70229 1.15267 
0.01636 0.02393 0.91687 -1.29771 1.84733 1.14504 
0.02319 0.02112 0.90808 -1.33588 1.71756 1.15267 
0.01489 -0.01050 0.92175 0.23664 1.12977 1.08397 
0.02295 -0.01660 0.87451 -0.29008 1.23664 1.10687 
0.01880 -0.00549 0.89197 0.12977 1.50382 1.32061 
0.01294 0.00879 0.94556 0.35115 1.41985 1.43511 
0.01904 0.04150 0.91016 1.06870 0.89313 1.22901 
0.01953 0.03735 0.91187 1.02290 0.99237 1.11450 
0.02002 0.03247 0.92761 0.38931 1.30534 1.09160 
0.02185 0.03979 0.90979 0.25191 1.31298 1.22901 
0.02441 0.03845 0.92554 0.48855 1.16031 1.22137 
0.02490 0.03650 0.91479 -0.09924 1.37405 0.99237 
0.03247 0.03516 0.90771 -0.13740 1.32824 1.19084 
0.02942 0.03552 0.93005 -0.36641 1.53435 1.27481 
0.02063 0.03528 0.91638 -0.41221 1.45038 1.22901 
0.01526 0.03467 0.91150 -0.45802 1.48855 1.14504 
0.01807 0.03137 0.91052 -0.77863 1.58015 1.10687 
0.02026 0.02454 0.91382 -0.76336 1.54962 1.18321 
0.01501 0.00732 0.92017 -0.15267 1.23664 1.19847 
0.01672 0.00122 0.90369 -0.22901 1.29008 1.11450 
0.02148 -0.00061 0.90186 0.21374 1.28244 1.22137 
0.01794 0.01355 0.91541 0.09924 1.46565 1.35115 
0.01709 0.03357 0.91663 0.43511 1.26718 1.25954 
0.01868 0.03821 0.91748 0.55725 1.07634 1.22901 
0.02063 0.03528 0.91187 0.61832 1.06870 1.22901 
0.01953 0.03613 0.91455 0.10687 1.28244 1.22901 
0.02332 0.03516 0.91296 0.02290 1.35878 1.22137 
0.02368 0.03442 0.91772 0.03053 1.25954 1.21374 
0.02539 0.03357 0.91748 -0.21374 1.31298 1.20611 
0.02222 0.02966 0.91284 -0.41985 1.43511 1.25191 
0.01355 0.02563 0.90015 -0.55725 1.45038 1.29771 
0.01550 0.01501 0.91602 -0.01527 1.30534 1.19847 
0.01526 0.00635 0.89905 -0.13740 1.19084 1.19084 
0.01831 0.01025 0.89941 0.12214 1.33588 1.14504 
0.02258 0.01660 0.91809 0.20611 1.25191 1.29771 
0.02368 0.02710 0.91504 0.48855 1.09924 1.25191 
0.02539 0.03369 0.91504 0.29008 1.19084 1.22137 
0.01990 0.03735 0.92090 0.25191 1.17557 1.25954 
0.01672 0.03760 0.92078 0.08397 1.28244 1.23664 
0.02271 0.03198 0.91284 -0.09160 1.24427 1.21374 
0.02649 0.03174 0.91260 -0.05344 1.27481 1.19084 
0.02466 0.02649 0.91492 -0.29008 1.34351 1.17557 
0.02307 0.01855 0.91711 -0.22901 1.31298 1.22901 
0.02039 0.01221 0.90967 -0.12214 1.26718 1.26718 
0.01990 0.01733 0.90283 0.06107 1.25191 1.27481 
0.01440 0.01843 0.91418 0.03817 1.34351 1.26718 
0.01721 0.02698 0.91711 0.10687 1.33588 1.21374 
0.01855 0.03101 0.91919 0.32824 1.09924 1.19084 
0.02600 0.03516 0.91553 0.09924 1.25954 1.25954 
0.02563 0.03223 0.92151 0.03817 1.33588 1.23664 
0.02234 0.02942 0.91980 -0.12977 1.34351 1.25954 
0.02136 0.02563 0.90747 0.00763 1.21374 1.24427 
0.02075 0.02368 0.91235 -0.10687 1.32824 1.22137 
0.01904 0.02087 0.90808 -0.14504 1.38931 1.29771 
0.01904 0.01978 0.91431 -0.02290 1.34351 1.26718 
0.02319 0.02185 0.91162 0.03817 1.21374 1.23664 
0.02417 0.01990 0.90942 0.11450 1.28244 1.24427 
0.02161 0.02563 0.91479 0.09160 1.29771 1.34351 
0.01868 0.03174 0.91602 0.14504 1.23664 1.27481 
0.02087 0.02930 0.91968 0.14504 1.18321 1.23664 
0.01514 0.02820 0.90747 0.00763 1.23664 1.17557 
0.01501 0.02490 0.91602 -0.09924 1.31298 1.20611 
0.02209 0.02600 0.91772 -0.12977 1.35878 1.19847 
0.03088 0.02283 0.91699 0.01527 1.25954 1.21374 
0.02869 0.01880 0.90796 -0.12214 1.28244 1.19847 
0.02087 0.01904 0.91040 -0.09160 1.42748 1.33588 
0.01563 0.02344 0.91748 -0.08397 1.32061 1.25191 
0.01233 0.02673 0.91028 0.22901 1.25954 1.27481 
0.01245 0.03040 0.91382 0.03817 1.37405 1.17557 
0.01855 0.03149 0.91565 0.06870 1.35878 1.24427 
0.02112 0.03003 0.91760 0.12977 1.25954 1.23664 
0.02588 0.02832 0.91345 0.04580 1.12214 1.22901 
0.02954 0.02466 0.91333 0.00000 1.27481 1.18321 
0.02417 0.02246 0.91626 -0.11450 1.35115 1.26718 
0.01843 0.02173 0.91211 -0.01527 1.28244 1.29008 
0.01538 0.02429 0.91052 0.05344 1.35115 1.28244 
0.01746 0.02637 0.90796 -0.08397 1.34351 1.21374 
0.02527 0.02881 0.91382 -0.02290 1.30534 1.15267 
0.02307 0.02808 0.92004 -0.06107 1.39695 1.22137 
0.02551 0.02881 0.91772 -0.15267 1.29008 1.22901 
0.02258 0.02356 0.91382 -0.02290 1.23664 1.12214 
0.01636 0.02563 0.91199 -0.03817 1.29771 1.25954 
0.01404 0.01978 0.91675 -0.08397 1.43511 1.23664 
0.01953 0.02307 0.91516 0.15267 1.28244 1.20611 
0.02722 0.01892 0.91272 0.20611 1.17557 1.17557 
0.03137 0.02209 0.90601 0.00763 1.41985 1.25191 
0.02161 0.02539 0.92566 0.08397 1.27481 1.39695 
0.01477 0.03076 0.91467 0.09160 1.22137 1.32061 
0.01147 0.03308 0.91223 0.06107 1.16794 1.21374 
0.01685 0.02844 0.91846 -0.11450 1.48092 1.19084 
0.02429 0.02112 0.91663 0.02290 1.25191 1.20611 
0.02710 0.02307 0.91272 0.01527 1.35878 1.19847 
0.02808 0.01953 0.91541 -0.05344 1.35115 1.20611 
0.02185 0.02222 0.91895 0.04580 1.21374 1.29008 
0.01587 0.02808 0.91748 0.06870 1.29008 1.27481 
0.01489 0.02905 0.91772 -0.00763 1.34351 1.29008 
0.02014 0.02747 0.92334 -0.00763 1.25954 1.12977 
0.02747 0.02686 0.92090 -0.07634 1.25954 1.16794 
0.02795 0.02393 0.92053 0.03817 1.33588 1.23664 
0.02820 0.02515 0.91223 -0.16031 1.25954 1.29008 
0.01794 0.02283 0.91541 0.03053 1.21374 1.29008 
0.01184 0.02405 0.91687 0.00763 1.25954 1.32824 
0.01392 0.02271 0.91260 -0.00763 1.39695 1.21374 
0.01978 0.02490 0.91418 0.14504 1.25954 1.23664 
0.02661 0.02344 0.91821 -0.02290 1.34351 1.25954 
0.02783 0.02490 0.91296 0.12977 1.21374 1.25954 
0.02600 0.02771 0.92065 -0.01527 1.33588 1.25954 
0.01721 0.02478 0.91687 0.09160 1.27481 1.32061 
0.01428 0.03162 0.91748 0.01527 1.25954 1.29771 
0.01465 0.02795 0.91040 -0.14504 1.38931 1.22137 
0.01917 0.02515 0.92297 0.12977 1.24427 1.20611 
0.02319 0.02368 0.90710 -0.00763 1.24427 1.23664 
0.02380 0.02161 0.91614 0.06870 1.34351 1.18321 
0.02344 0.02124 0.91724 0.01527 1.23664 1.24427 
0.02124 0.02429 0.91052 0.08397 1.27481 1.30534 
0.01672 0.02698 0.91833 0.07634 1.32061 1.31298 
0.01721 0.02832 0.91052 0.02290 1.38168 1.28244 
0.01941 0.02563 0.91260 0.09924 1.25191 1.22137 
0.02563 0.02563 0.91907 0.09924 1.21374 1.32061 
0.02734 0.02637 0.91028 -0.10687 1.32061 1.24427 
0.02576 0.02417 0.92004 0.03817 1.32824 1.22901 
0.02332 0.02344 0.91223 -0.03053 1.29008 1.32061 
0.01440 0.02686 0.91443 0.02290 1.23664 1.33588 
0.01428 0.02490 0.91187 -0.03053 1.22901 1.27481 
0.01831 0.02734 0.90686 -0.03817 1.30534 1.19084 
0.02209 0.02722 0.92004 -0.01527 1.30534 1.17557 
0.02710 0.02612 0.91626 0.00763 1.31298 1.18321 
0.02832 0.02637 0.91040 -0.05344 1.21374 1.22137 
0.02307 0.02222 0.91077 -0.06870 1.31298 1.29771 
0.01636 0.02417 0.91882 -0.06870 1.25954 1.27481 
0.01196 0.02527 0.91357 0.08397 1.18321 1.23664 
0.01563 0.02478 0.90808 0.15267 1.19084 1.23664 
0.02087 0.02344 0.91089 0.08397 1.32061 1.25954 
0.02515 0.02454 0.92017 0.16031 1.24427 1.23664 
0.02393 0.02856 0.92102 0.17557 1.19084 1.28244 
0.02271 0.02820 0.91699 0.03817 1.29771 1.29008 
0.01660 0.02588 0.91516 -0.01527 1.35115 1.26718 
