0.02124 0.03699 0.91284 0.24427 1.37405 1.16794 
0.02454 0.03723 0.91565 0.21374 1.32824 1.14504 
0.01831 0.03235 0.90833 0.14504 1.29008 1.21374 
0.01160 0.03430 0.90967 0.01527 1.30534 1.18321 
0.01904 0.03235 0.91284 0.06870 1.30534 1.23664 
0.01599 0.03418 0.91211 0.20611 1.35878 1.32061 
0.02161 0.03845 0.91333 0.12214 1.35115 1.14504 
0.02490 0.03479 0.90881 0.09160 1.37405 1.09924 
0.02100 0.03259 0.91711 0.09924 1.35115 1.17557 
0.01074 0.03174 0.91162 0.12214 1.32824 1.23664 
0.01611 0.03589 0.90906 0.12977 1.32824 1.13740 
0.02014 0.03711 0.91187 0.13740 1.30534 1.22901 
0.02136 0.03577 0.91638 0.12214 1.29771 1.25191 
0.01892 0.03564 0.91248 0.14504 1.33588 1.20611 
0.02124 0.03442 0.90759 0.03053 1.32824 1.13740 
0.01892 0.03015 0.91125 0.03053 1.34351 1.20611 
0.01416 0.03223 0.91443 0.12214 1.29008 1.22137 
0.01843 0.03503 0.91711 0.06107 1.29771 1.16794 
0.01953 0.03564 0.91504 0.07634 1.30534 1.19084 
0.01880 0.03601 0.91223 0.03817 1.36641 1.22137 
0.01648 0.03430 0.91431 0.12214 1.28244 1.16794 
0.01758 0.03247 0.91345 0.06107 1.35878 1.16794 
0.01587 0.02979 0.91321 0.00763 1.32824 1.20611 
0.01868 0.03528 0.90955 0.04580 1.35115 1.16794 
0.01929 0.03589 0.91785 0.08397 1.29008 1.17557 
0.01782 0.03516 0.91528 0.16031 1.38931 1.18321 
0.01672 0.03235 0.91138 0.10687 1.32061 1.22137 
0.02039 0.03406 0.91235 0.08397 1.35115 1.13740 
0.01917 0.03345 0.90942 0.09160 1.36641 1.19084 
0.01587 0.03662 0.91467 0.09924 1.41985 1.22901 
0.01721 0.03699 0.91138 0.08397 1.38168 1.13740 
0.01794 0.03564 0.91187 0.08397 1.35878 1.22137 
0.01831 0.03442 0.91553 0.06870 1.31298 1.15267 
0.01904 0.03528 0.91382 0.05344 1.31298 1.16031 
0.02124 0.03149 0.90955 0.14504 1.35115 1.15267 
0.01733 0.03186 0.90869 0.11450 1.30534 1.15267 
0.01245 0.03394 0.90979 -0.00763 1.23664 1.22137 
0.01648 0.03589 0.91455 -0.04580 1.30534 1.19084 
0.01990 0.03699 0.91833 0.11450 1.27481 1.21374 
0.01880 0.03784 0.90796 0.24427 1.21374 1.19084 
0.01904 0.03015 0.90320 0.06870 1.14504 1.19084 
0.01318 0.02991 0.91211 0.00000 1.06107 1.22901 
0.01147 0.03491 0.92603 -0.19847 1.19847 1.24427 
0.02844 0.03638 0.92261 -0.06870 1.36641 1.25191 
0.02673 0.04004 0.91382 0.70992 1.14504 1.29008 
0.01941 0.03088 0.89648 -0.16031 1.19084 1.06107 
0.01965 0.03052 0.93054 -0.51145 1.23664 1.16794 
0.01282 0.03430 0.92676 0.06870 1.28244 1.25954 
0.01111 0.03601 0.91809 0.43511 1.21374 1.18321 
0.02588 0.03955 0.90039 0.22137 1.23664 1.07634 
0.02820 0.03564 0.92175 -0.25954 1.30534 1.19084 
0.01917 0.03345 0.92188 0.06107 1.26718 1.24427 
0.01331 0.03015 0.91174 0.39695 1.31298 1.09160 
0.01721 0.03223 0.90723 0.12214 1.25954 1.11450 
0.01782 0.03625 0.91638 -0.19084 1.34351 1.21374 
0.01587 0.04138 0.92139 0.11450 1.31298 1.21374 
0.02356 0.03918 0.90759 0.30534 1.29771 1.06870 
0.02612 0.03064 0.90833 0.11450 1.26718 1.14504 
0.01868 0.03101 0.90735 -0.09924 1.29771 1.19084 
0.01379 0.03052 0.92151 0.11450 1.32061 1.15267 
0.01990 0.03687 0.91455 0.22901 1.34351 1.18321 
0.02026 0.03784 0.91077 0.20611 1.36641 1.25954 
0.02100 0.03772 0.90369 0.04580 1.32824 1.17557 
0.01965 0.03503 0.91296 0.00000 1.35878 1.16031 
0.01880 0.03418 0.91711 0.06107 1.41221 1.21374 
0.01831 0.03235 0.91296 0.19847 1.35878 1.21374 
0.01831 0.03381 0.91211 0.03817 1.30534 1.19084 
0.02185 0.03284 0.91101 -0.03817 1.27481 1.20611 
0.02051 0.03711 0.91431 0.05344 1.29771 1.22901 
0.01855 0.03601 0.90857 0.28244 1.25191 1.16794 
0.01355 0.03381 0.90942 0.00763 1.27481 1.16031 
0.01611 0.03503 0.92151 -0.12214 1.24427 1.23664 
0.01819 0.03479 0.91504 0.13740 1.26718 1.24427 
0.02429 0.03589 0.90723 0.18321 1.28244 1.19084 
0.02246 0.03308 0.90796 0.17557 1.30534 1.13740 
0.01514 0.03198 0.91431 -0.00763 1.29008 1.24427 
0.01086 0.03528 0.91748 0.03053 1.26718 1.22901 
0.01550 0.03406 0.91882 0.18321 1.23664 1.15267 
0.02197 0.03845 0.91309 0.12977 1.29771 1.25191 
0.02136 0.03638 0.91235 0.04580 1.30534 1.20611 
0.02185 0.03320 0.91541 0.02290 1.24427 1.18321 
0.01941 0.03064 0.91479 0.12977 1.18321 1.19084 
0.01575 0.03198 0.90979 0.12214 1.23664 1.17557 
0.01331 0.03174 0.90796 0.18321 1.28244 1.25191 
0.01770 0.03711 0.90942 0.01527 1.25191 1.20611 
0.01758 0.03931 0.91687 0.17557 1.34351 1.19847 
0.02490 0.03528 0.91467 0.17557 1.01527 0.23664 
0.02271 0.03040 0.90674 0.18321 1.28244 0.45038 
0.01318 0.03345 0.92175 -0.13740 1.12214 0.21374 
0.02295 0.03943 0.92737 -0.45802 1.35878 0.03053 
0.02258 0.03809 0.91772 0.64122 1.26718 0.14504 
0.01575 0.03381 0.89001 0.41221 1.26718 0.42748 
0.01794 0.03101 0.90601 -0.29771 1.30534 -0.14504 
0.01367 0.03027 0.92358 -0.34351 1.28244 0.14504 
0.00281 0.05273 0.91711 0.39695 1.54962 -0.17557 
0.01624 0.04773 0.90710 0.22901 1.16794 -4.29008 
0.02344 0.04382 0.91211 -0.29008 1.16031 -6.74809 
0.02734 0.03955 0.92310 -0.26718 1.21374 -5.07634 
0.02136 0.02112 0.91724 0.24427 1.04580 -6.52672 
0.01831 0.01965 0.90137 0.19084 1.25954 -3.69466 
0.01245 0.03430 0.91101 -0.10687 1.15267 -2.46565 
0.01245 0.04333 0.91724 -0.12977 1.21374 -2.43511 
0.02332 0.04065 0.91248 0.30534 1.19847 -3.52672 
0.03198 0.03052 0.90955 0.20611 1.17557 -2.76336 
0.02368 0.02881 0.91101 -0.13740 1.29771 -1.29008 
0.01514 0.02795 0.91394 -0.03053 1.26718 -0.87786 
0.01550 0.03320 0.91211 0.16794 1.27481 -0.90840 
0.01611 0.03784 0.90845 0.18321 1.27481 -0.65649 
0.01868 0.03870 0.91101 -0.00763 1.30534 -0.54198 
0.02332 0.03625 0.91541 -0.03817 1.29771 -0.52672 
0.01978 0.03113 0.90991 0.16794 1.26718 -0.42748 
0.01465 0.03040 0.90747 0.09160 1.28244 -0.42748 
0.01526 0.03345 0.91089 -0.06107 1.27481 -0.42748 
0.01880 0.03748 0.91968 0.04580 1.23664 -0.41985 
0.01941 0.04272 0.91797 0.22137 1.30534 -0.25954 
0.02014 0.03528 0.90173 0.03053 1.00000 0.67176 
0.03027 0.02515 0.91125 -0.24427 0.94656 1.74046 
0.04822 0.01294 0.91284 0.02290 1.45038 3.98473 
0.04810 0.01184 0.91516 0.28244 1.71756 13.90840 
0.03931 0.02612 0.91553 0.48092 1.84733 23.51145 
0.03284 0.04089 0.91211 0.40458 1.89313 29.45802 
0.03027 0.08923 0.91321 0.15267 1.38931 15.28244 
0.05750 0.02917 0.91370 0.08397 1.33588 10.71756 
0.02380 0.00342 0.91443 0.12214 1.49618 12.76336 
0.02502 0.01685 0.91492 0.17557 1.60305 12.03817 
0.04016 0.01917 0.91577 0.16794 1.42748 8.78626 
0.02478 0.03137 0.91345 0.18321 1.24427 2.00000 
0.03284 0.02783 0.91113 0.12214 1.20611 -2.67176 
0.00598 0.03223 0.91040 0.03817 1.17557 -4.48855 
-0.02332 0.04785 0.91382 -0.09924 1.22137 -6.12214 
0.02478 0.04004 0.91357 -0.07634 1.17557 -4.27481 
0.03540 0.03552 0.91846 -0.02290 1.19084 -3.23664 
0.02905 0.02844 0.91553 0.02290 1.22901 -2.96947 
-0.00818 0.03333 0.91272 0.00763 1.23664 -1.24427 
-0.00024 0.03333 0.91553 0.13740 1.26718 -0.48092 
0.01599 0.03662 0.91016 0.21374 1.37405 0.31298 
0.03552 0.02380 0.91199 0.11450 1.40458 2.69466 
0.03931 0.02014 0.91309 0.15267 1.54198 6.69466 
0.03943 0.01599 0.91443 0.22137 1.58779 9.51145 
0.02332 0.02063 0.90808 0.26718 1.64122 12.84733 
0.00500 0.03528 0.91101 0.27481 1.66412 12.66412 
0.02637 0.01367 0.91467 0.17557 1.60305 11.69466 
0.06702 -0.00818 0.91760 0.23664 1.57252 14.77863 
0.04871 0.00610 0.91260 0.30534 1.67176 17.23664 
0.00891 0.04883 0.91125 0.27481 1.62595 16.52672 
-0.00928 0.05481 0.91064 0.07634 1.60305 13.07634 
-0.10913 0.14673 0.90662 0.12977 1.55725 5.57252 
0.01794 0.03674 0.91541 0.04580 1.16031 -1.11450 
0.02173 0.03662 0.91382 0.01527 1.20611 -3.03053 
0.02271 0.04077 0.91650 0.03817 1.12214 -4.56489 
0.01208 0.03369 0.91113 0.01527 1.10687 -5.60305 
-0.00415 0.02759 0.91443 0.00000 1.15267 -4.45038 
-0.00085 0.03162 0.91309 -0.03053 1.20611 -3.80153 
0.02039 0.03809 0.91101 0.03053 1.31298 -4.80153 
0.02808 0.03564 0.91333 0.17557 1.35878 -6.35115 
0.00806 0.03064 0.91138 0.22137 1.78626 -5.48092 
0.02014 0.03198 0.91101 0.02290 1.68702 -6.45038 
0.00659 0.02307 0.91870 0.16794 1.67176 -5.08397 
0.01587 0.03491 0.90735 0.16794 1.92366 -1.32824 
0.01660 0.03503 0.91138 0.11450 1.78626 -1.22137 
0.01953 0.04175 0.91577 0.11450 1.54962 -0.70992 
0.01501 0.04370 0.91162 0.16031 1.40458 -1.06107 
0.01697 0.03625 0.91370 0.05344 0.93893 -1.54198 
0.02002 0.03003 0.90967 -0.02290 1.05344 -1.54962 
0.01965 0.02893 0.91016 -0.06870 0.93130 -1.25954 
0.01868 0.03381 0.91589 -0.01527 0.87786 -1.74046 
0.02161 0.03760 0.91309 0.16794 1.09160 -1.30534 
0.02185 0.03882 0.91260 0.25954 1.38931 -1.51908 
0.01233 0.03845 0.91687 0.29008 1.47328 -2.29008 
0.01794 0.03723 0.91016 0.29008 1.61832 -3.03817 
0.03027 0.03271 0.91077 0.23664 1.22901 -4.51145 
0.02698 0.03601 0.90979 0.07634 1.05344 -7.35115 
0.02124 0.03235 0.91125 -0.09924 0.87786 -10.33588 
0.02161 0.03345 0.91565 -0.13740 0.76336 -6.28244 
0.00952 0.03064 0.91272 -0.02290 0.83206 -5.05344 
0.01038 0.03430 0.91309 0.09924 0.92366 -2.89313 
0.01526 0.03760 0.91516 0.25191 1.12214 -3.04580 
0.02563 0.03662 0.91528 0.18321 1.16794 -4.93893 
0.02441 0.03381 0.91516 0.20611 1.15267 -5.56489 
0.01892 0.03357 0.91650 0.16794 1.17557 -5.02290 
0.00964 0.03528 0.91211 0.20611 1.21374 -3.47328 
0.00610 0.03479 0.90881 0.14504 1.32061 -1.22901 
0.01062 0.03613 0.91675 0.19847 1.32061 0.57252 
0.01843 0.03625 0.91138 0.48092 1.41221 0.74046 
0.02380 0.03601 0.91064 0.20611 1.32061 0.25954 
0.01929 0.03284 0.90857 -0.29771 1.27481 0.04580 
0.01758 0.03174 0.91260 -0.09924 1.31298 0.63359 
0.01526 0.03345 0.91614 0.02290 1.30534 0.60305 
0.01318 0.03784 0.91541 0.12214 1.28244 0.61069 
0.01245 0.03601 0.90942 0.13740 1.38168 1.22137 
0.01843 0.03528 0.91748 0.08397 1.27481 1.19084 
0.02576 0.03625 0.91235 0.18321 1.36641 1.31298 
0.02026 0.03235 0.91284 0.07634 1.42748 1.51908 
0.01257 0.03394 0.90808 -0.03817 1.47328 1.35878 
0.01855 0.03284 0.91199 -0.14504 1.09160 1.56489 
0.01477 0.03662 0.91211 0.04580 1.19084 1.70229 
0.01672 0.03613 0.91406 0.09924 1.33588 1.53435 
0.02100 0.03699 0.90649 0.03053 1.32061 1.45802 
0.02234 0.03320 0.91333 -0.00763 1.26718 1.35878 
0.01794 0.03625 0.91760 0.07634 1.29771 1.28244 
0.01660 0.03308 0.90979 0.14504 1.23664 1.22137 
0.01758 0.03552 0.91431 0.04580 1.27481 1.22137 
0.01440 0.03674 0.90906 0.04580 1.36641 1.20611 
0.02271 0.03552 0.91235 0.06107 1.32061 1.03053 
0.02087 0.03601 0.90955 0.06870 1.29008 1.01527 
0.01770 0.03088 0.91284 0.04580 1.25191 1.26718 
0.01538 0.03455 0.91016 -0.01527 1.23664 1.22137 
0.01660 0.03418 0.91528 0.08397 1.32061 1.22137 
0.02112 0.03503 0.91663 0.16794 1.50382 1.23664 
0.01489 0.03564 0.91211 0.15267 1.40458 1.29771 
0.02112 0.03784 0.91663 0.08397 1.24427 1.26718 
0.02271 0.03638 0.90979 0.19084 1.31298 1.28244 
0.01794 0.03198 0.91223 0.18321 1.37405 1.29771 
0.01575 0.03162 0.91174 0.18321 1.27481 1.16794 
0.01636 0.02844 0.90991 0.09924 1.39695 1.23664 
0.01465 0.03625 0.91199 0.09924 1.33588 1.24427 
0.01807 0.03979 0.91077 0.10687 1.37405 1.22901 
0.02173 0.03845 0.91187 0.19847 1.44275 1.38168 
0.01624 0.03601 0.91174 0.25954 1.64885 1.67176 
0.01904 0.03223 0.91162 0.32061 1.61832 1.74809 
0.02100 0.03381 0.91492 0.42748 1.50382 1.51908 
0.01526 0.03564 0.91174 0.67939 1.60305 1.20611 
0.01904 0.03430 0.91785 0.82443 1.69466 1.26718 
0.01685 0.03430 0.92578 2.32824 2.39695 1.48092 
0.00928 0.03088 0.92163 6.11450 3.97710 3.99237 
0.00879 0.03223 0.92468 9.39695 4.71756 6.03817 
0.00244 0.03662 0.92859 15.97710 5.99237 10.10687 
0.00757 0.02051 0.95972 10.43511 8.33588 18.54962 
0.01306 0.10449 0.98779 19.35878 6.80916 28.19847 
0.02832 0.07703 1.21606 1.00763 26.71756 21.35878 
-0.02808 0.04810 1.03589 -22.58015 23.61832 13.14504 
0.00256 0.05615 0.96240 -19.30534 18.19084 30.32061 
-0.02734 -0.01855 1.10193 -19.58015 16.09160 37.27481 
-0.00134 0.00610 1.07874 -38.12977 4.61832 31.41985 
-0.03491 0.03845 1.03271 -21.47328 -10.59542 20.36641 
-0.01587 0.03857 1.11621 -3.74809 -10.41985 17.78626 
0.00977 0.04102 1.14343 -14.48092 -5.39695 10.96183 
0.00256 0.01965 1.08716 -29.46565 -1.87023 9.25191 
0.01135 -0.00854 1.08813 -26.80153 5.02290 10.56489 
-0.00977 0.00269 1.02930 -19.41221 5.32061 11.42748 
0.00293 -0.01965 1.08398 -14.26718 4.51145 9.15267 
-0.00146 -0.04614 1.09924 -16.58015 6.77099 3.81679 
-0.02942 -0.03479 1.06543 -21.62595 8.87023 0.83969 
-0.04358 -0.02661 0.99207 -24.05343 6.22137 -0.34351 
-0.00708 -0.03064 0.92651 -18.80916 -2.70992 -2.10687 
0.01697 -0.03113 0.90955 -2.83206 -7.55725 -2.00000 
-0.04932 -0.02856 0.96838 8.16031 -14.54198 4.80916 
-0.04211 -0.01929 0.97815 7.62595 -19.49618 3.00763 
0.05139 -0.00159 0.94861 13.09160 -17.86259 -1.81679 
0.04077 0.00964 0.86377 22.74809 -7.62595 -2.49618 
0.04761 -0.04041 0.89136 22.20611 -6.40458 -0.35115 
0.01917 -0.08691 0.89368 1.45802 -13.25954 -3.72519 
0.05432 -0.06628 0.89050 -3.51908 -12.84733 -1.84733 
0.02039 -0.08105 0.90564 -0.60305 -7.35878 0.38931 
0.02686 -0.05371 0.96765 -4.98473 -3.43511 2.58015 
0.03162 -0.08752 0.87781 -13.96183 0.70992 -1.43511 
-0.03735 0.04236 0.72827 13.60305 2.20611 -2.38168 
0.01636 -0.01196 0.84180 8.22901 7.92366 -0.24427 
0.01819 -0.00293 0.87036 -4.53435 5.87786 -7.35878 
0.02917 -0.03064 0.89392 -10.85496 2.92366 -4.80916 
0.04419 -0.08765 0.90869 20.87023 -5.38168 -6.99237 
0.02271 -0.03125 0.76660 48.67939 -11.37405 -7.38931 
0.00061 0.03137 0.80737 20.86259 -1.84733 5.32824 
0.04700 0.03601 0.93005 8.06870 0.51145 3.73282 
0.02551 -0.00623 0.89246 13.82443 -2.06107 -4.30534 
0.03015 0.04736 0.94958 15.20611 -3.00000 -2.10687 
0.01172 0.05591 1.03052 -8.54198 3.38931 -0.35878 
0.10278 -0.01404 0.91980 -21.33588 7.44275 -0.71756 
-0.02698 0.11401 0.72119 38.47328 75.14503 8.00000 
-0.07031 0.03088 0.80017 13.44275 61.78626 27.25954 
-0.02124 0.05896 0.86584 15.68702 57.22137 28.19847 
-0.06665 0.07764 0.89746 30.47328 51.22901 27.40458 
-0.05957 0.06775 0.89368 11.53435 44.51908 20.09160 
-0.04675 0.02478 0.83569 -12.80916 41.72519 22.89313 
-0.02087 0.00122 0.80225 -28.09160 33.42748 22.96183 
-0.12451 0.04248 0.69238 -33.15267 9.72519 21.54962 
-0.09607 0.04028 0.68311 -6.51908 -7.24427 21.84733 
-0.00928 0.00757 0.79431 16.43511 -18.06870 22.38168 
-0.08130 -0.03040 0.94214 1.68702 -25.83206 22.06107 
-0.03540 0.00464 0.89880 -11.59542 -33.58015 11.02290 
-0.00073 0.05212 0.78625 -14.65649 -35.22901 10.85496 
-0.01587 -0.17957 0.80896 -5.54198 -24.33588 7.39695 
0.01160 -0.08203 0.96729 -4.75573 -20.08397 -10.26718 
-0.03137 -0.04553 0.94690 -11.60305 -22.31298 -12.07634 
-0.21509 0.14429 0.69604 36.19847 -18.04580 -12.17557 
-0.05127 0.08838 0.83301 43.84733 -9.63359 -10.93130 
0.00293 0.14404 0.84119 1.12214 -18.51908 -9.89313 
-0.00159 0.03540 0.84546 -20.87023 -19.35114 -6.27481 
0.01050 0.01379 0.76807 -7.72519 -28.09160 -10.83969 
0.03052 0.05896 0.84473 2.94656 -18.70992 -1.56489 
0.02686 0.05554 0.90393 -4.84733 -12.06107 0.36641 
0.02112 0.04382 0.88171 -9.94656 -5.09924 -5.41985 
0.00464 0.03296 0.86914 -7.51908 -2.25191 -9.09160 
0.01880 0.04456 0.85181 -5.47328 -2.08397 -10.00763 
0.04834 0.03345 0.84570 -8.90840 -0.44275 -7.53435 
0.02368 0.01611 0.85034 -8.00763 1.93893 -4.77099 
0.01904 0.00928 0.91467 -6.98473 3.86260 -3.70992 
0.03833 -0.01477 0.91724 -4.70992 3.72519 -4.51145 
0.03516 -0.00269 0.91614 -2.68702 2.82443 -4.05344 
0.04614 -0.01221 0.91052 -0.27481 2.80153 -3.80916 
0.03467 0.00366 0.88989 4.19847 2.42748 -3.77099 
0.02209 0.00024 0.91870 8.73282 2.20611 -4.22901 
0.01184 0.00671 0.90259 10.24428 0.63359 -3.03817 
0.02979 0.00916 0.89929 13.16031 -1.71756 -0.79389 
0.02930 0.02441 0.94849 13.35114 -0.73282 0.90840 
0.02686 0.05017 0.97449 12.46565 2.06870 0.05344 
0.00977 0.04407 0.93091 12.80153 2.86260 -1.23664 
0.03613 0.06091 0.89746 16.12977 -0.19847 -2.45802 
0.03223 0.07092 0.89050 11.47328 -3.48092 -1.98473 
0.02295 0.06799 0.89929 5.23664 -4.71756 -1.25954 
0.01624 0.06226 0.91113 3.13740 -1.19084 -2.83206 
0.03638 0.04797 0.90710 3.97710 1.56489 -2.76336 
0.04919 0.04419 0.90552 2.27481 3.87786 -1.12977 
0.04199 0.04602 0.90234 -1.99237 4.49618 -1.09924 
0.03906 0.03491 0.91345 -4.83969 4.22901 -1.32824 
0.02148 0.03662 0.91553 -5.96947 3.65649 -1.25191 
0.03931 0.03125 0.91003 -4.22137 4.20611 -2.01527 
0.02258 0.03296 0.92053 -3.22901 3.19847 -0.06870 
0.01929 0.02454 0.92908 -0.48855 1.06107 -0.32061 
0.02441 0.03784 0.92188 2.74046 -0.61832 0.21374 
0.01611 0.04846 0.91187 4.58015 -0.54198 0.00763 
0.02039 0.05957 0.89990 3.69466 -1.10687 -0.25954 
0.02722 0.05481 0.90222 1.92366 -2.04580 -0.23664 
0.02783 0.05676 0.90234 -0.03053 -2.32061 0.90840 
0.03650 0.03857 0.89233 2.22901 -1.08397 0.66412 
0.03418 0.05640 0.92505 6.18321 1.06107 -0.38931 
0.03381 0.05420 0.92480 2.70992 0.03053 -0.48092 
0.03003 0.05042 0.92676 3.41985 0.35115 0.03053 
0.03345 0.05493 0.91650 7.67176 2.73282 -1.63359 
0.04578 0.05212 0.90637 7.83969 2.68702 -2.13740 
0.03625 0.05139 0.89685 5.06870 0.84733 -1.24427 
0.01794 0.05371 0.91467 2.51145 0.36641 0.46565 
0.01868 0.05383 0.91162 3.29771 2.78626 2.04580 
0.03198 0.05554 0.91406 3.38168 4.83206 2.90076 
0.04797 0.05957 0.90918 4.02290 6.36641 3.32824 
0.01880 0.05310 0.91650 3.29008 5.43511 4.00763 
0.00708 0.05151 0.91797 3.86260 1.51145 1.64885 
0.02087 0.05835 0.91309 5.54198 -1.56489 -0.35115 
0.01343 0.05750 0.91626 6.18321 -1.88550 0.66412 
0.01563 0.06580 0.92175 7.85496 -0.87786 0.29008 
0.03320 0.08240 0.93506 8.26718 0.41221 -0.42748 
0.05957 0.07141 0.90967 5.18321 0.35878 -0.67939 
0.02795 0.05823 0.88721 4.61069 -0.57252 1.20611 
0.04761 0.07239 0.88440 2.12977 -2.53435 0.64122 
0.03125 0.07275 0.89844 -1.26718 -2.29771 -0.70992 
0.04529 0.07092 0.91357 -4.20611 0.05344 -1.31298 
0.04395 0.06335 0.91479 -4.87786 2.36641 -1.25954 
0.04016 0.05762 0.91809 -4.13740 3.80153 -1.12977 
0.04541 0.06433 0.91406 -3.07634 4.16794 -1.79389 
0.04004 0.05908 0.90625 -4.27481 3.77099 -0.03817 
0.02856 0.05420 0.91321 -5.28244 1.67176 -0.81679 
0.01526 0.05127 0.91748 -5.55725 -0.45038 -1.77099 
0.01965 0.05664 0.92224 -3.49618 -1.06870 -3.11450 
0.02209 0.05688 0.91516 -1.65649 -0.71756 -3.04580 
0.01831 0.06458 0.91187 -0.25954 -0.52672 -2.87786 
0.02710 0.07239 0.90930 0.19084 -2.19084 -3.56489 
0.03198 0.07227 0.90784 0.25191 -3.29008 -4.93130 
0.03040 0.07092 0.90405 0.09924 -3.16794 -5.09924 
0.03162 0.07532 0.92004 2.22137 -0.54198 -4.14504 
0.04285 0.07104 0.91284 1.85496 1.61832 -3.73282 
0.04272 0.06836 0.89893 0.55725 2.95420 -2.61069 
0.03015 0.07141 0.90540 -1.56489 2.61832 -1.84733 
0.02856 0.06140 0.90967 -2.89313 1.09160 -1.99237 
0.01953 0.04346 0.89612 -1.15267 0.09160 -2.38168 
0.01685 0.05676 0.92151 3.70229 1.84733 -1.72519 
0.04163 0.05774 0.92969 2.19847 2.76336 -1.03817 
0.04211 0.04944 0.91357 2.67176 1.93893 -0.64885 
0.01294 0.05981 0.91553 3.35878 -0.94656 -0.72519 
0.04224 0.06787 0.91321 5.35115 -3.04580 -1.95420 
0.05469 0.06250 0.90991 7.20611 -3.06870 -1.21374 
0.04504 0.06567 0.91003 6.93130 -2.36641 0.96183 
0.04126 0.07056 0.91992 7.63359 -2.82443 1.12214 
0.04395 0.07227 0.91516 10.22137 -3.07634 -0.48092 
0.05676 0.07910 0.90942 10.61832 -3.20611 -0.66412 
0.05591 0.08252 0.91736 7.26718 -3.49618 -1.42748 
0.04590 0.07495 0.89929 4.80153 -4.58779 -3.27481 
0.05518 0.09216 0.93103 -0.19084 -4.79389 -3.80916 
0.04724 0.09534 0.91101 -2.63359 -1.77099 -2.79389 
0.05615 0.07727 0.88171 -2.05344 1.29008 -0.82443 
0.05286 0.08350 0.87341 0.48855 2.16794 2.59542 
0.05261 0.09363 0.88025 -4.03053 1.17557 2.79389 
0.03589 0.08118 0.84558 -10.64122 0.16031 2.31298 
0.03357 0.07166 0.81030 -8.27481 -1.08397 0.54198 
0.04602 0.07617 0.81104 -4.06107 0.90840 0.48092 
0.05396 0.07861 0.82117 -4.26718 3.69466 1.87023 
0.04797 0.06848 0.83569 -5.32824 6.58015 1.95420 
0.04138 0.07544 0.83313 -8.03053 7.21374 1.07634 
0.04272 0.04797 0.83862 -10.48855 6.16031 0.58779 
0.05127 0.05383 0.85144 -8.80916 4.74809 -2.30534 
0.04333 0.03137 0.83826 -6.79389 2.25191 -3.90840 
0.04712 0.03992 0.82336 -1.53435 -0.80153 -1.52672 
0.04907 0.05493 0.84631 2.93130 -3.98473 0.05344 
0.03394 0.03931 0.85071 4.32061 -8.56489 0.22901 
0.04333 0.07886 0.86353 5.29771 -13.97710 1.06870 
0.05481 0.08325 0.92505 2.98473 -13.85496 -0.18321 
0.08472 0.05566 0.87878 -4.24427 -13.89313 0.22901 
0.04602 0.05798 0.84888 -2.39695 -12.03817 -0.06870 
0.04944 0.04382 0.85620 8.58015 -13.45802 -2.25954 
0.05005 0.06897 0.85828 7.55725 -12.04580 -1.65649 
0.04797 0.07202 0.84302 3.56489 -8.53435 -0.14504 
0.08923 0.06982 0.85046 0.71756 -6.77099 -0.87786 
0.05139 0.05603 0.84973 1.99237 -7.25954 -6.17557 
0.04773 0.06665 0.86780 8.98473 -6.22137 -11.67176 
0.09778 0.07666 0.88782 8.30534 -1.24427 -12.70992 
0.13672 0.06836 0.92871 1.00763 5.42748 -10.96947 
0.08081 0.06067 0.88379 -2.83969 8.58779 -11.41221 
0.03625 0.05762 0.85364 6.36641 2.93130 -13.84733 
0.05103 0.06775 0.89038 11.70229 -0.94656 -15.13740 
0.09033 0.08484 0.88269 14.07634 -0.34351 -16.12214 
0.07007 0.08032 0.84631 16.90840 4.88550 -14.12977 
0.08472 0.10901 0.84290 17.43511 5.78626 -9.40458 
0.10010 0.10632 0.87732 9.46565 4.52672 -6.34351 
0.06958 0.11218 0.90100 6.16031 0.61069 -6.38168 
0.10278 0.12109 0.89124 -0.96183 -3.03053 -7.98473 
0.09131 0.10718 0.89087 -5.96183 -1.03817 -7.06870 
0.08704 0.10474 0.86499 -6.58779 0.66412 -5.71756 
0.08276 0.10193 0.87109 -5.45038 1.14504 -3.26718 
0.06812 0.09998 0.88672 -2.44275 3.94656 -2.16031 
0.03833 0.09241 0.89990 -2.69466 5.80916 -1.93893 
0.04578 0.09741 0.89917 -4.41985 4.13740 -0.86260 
0.05920 0.08594 0.90747 -6.74046 5.32061 -0.75573 
0.04565 0.07104 0.88501 -11.11450 3.07634 0.04580 
0.07642 0.05945 0.87341 -8.21374 -3.24427 -0.26718 
0.09570 0.05542 0.87512 -3.03053 -5.03053 0.33588 
0.06873 0.05334 0.86426 1.48092 -5.67939 3.24427 
0.07056 0.08862 0.95129 -0.89313 -7.18321 7.55725 
0.11877 0.09131 0.97827 -13.10687 -6.05344 8.20611 
0.13782 0.10754 0.96997 -19.59542 -0.02290 7.77099 
0.08997 0.05225 0.90771 -18.19847 1.28244 5.83206 
0.05273 0.03284 0.89746 -14.31298 -1.56489 4.34351 
0.06628 0.05432 0.87476 -9.80916 -5.01527 2.45802 
0.08350 0.04492 0.87830 -2.58015 -5.09160 4.61069 
0.05249 0.08179 0.91370 1.83969 -2.99237 9.17557 
-0.02698 0.09607 0.96204 -3.93130 -6.29008 9.41985 
0.14050 0.02161 0.92566 -3.15267 -7.90076 -1.14504 
0.08264 0.03613 0.93115 -4.20611 -6.20611 1.03817 
0.10449 0.13892 0.83899 -0.64122 -7.52672 -0.51908 
0.10486 0.08472 0.92700 16.70229 -10.82443 -4.48092 
0.16821 0.09180 0.96582 13.07634 -10.36641 -3.70229 
0.10815 0.02344 0.96399 6.23664 -1.28244 0.65649 
0.09583 0.11609 0.92908 8.15267 0.34351 -3.02290 
0.12646 0.02783 0.89063 8.19084 -1.51908 -4.31298 
0.14343 0.09436 0.98157 9.71756 0.96183 -1.88550 
0.11670 0.05798 0.96289 0.09160 4.87786 3.03817 
0.09326 0.09778 0.95886 -0.96947 6.90840 3.53435 
0.10461 0.02551 0.92188 6.13740 3.68702 -0.30534 
0.15430 0.03052 0.98267 6.41985 4.44275 2.53435 
0.06433 0.11890 0.98840 2.41221 8.93130 3.45802 
0.07397 0.15808 0.90186 -4.61832 11.94656 2.33588 
0.04248 0.01709 0.93945 -15.09160 12.98473 7.17557 
0.06458 0.07422 0.94202 -10.41221 7.71756 3.74046 
0.05981 0.08191 0.97302 -5.46565 5.45038 1.19084 
0.08289 0.06812 0.95496 -5.60305 5.01527 -1.74809 
0.08765 0.05762 0.97217 -2.96947 8.32824 -0.11450 
0.14075 0.13708 1.02722 3.42748 13.46565 2.68702 
0.11096 0.00146 1.01758 3.27481 25.44275 2.24427 
0.05444 -0.00867 0.88147 4.80916 33.68702 -3.51145 
0.06799 -0.01221 0.89380 12.59542 33.67939 -5.07634 
0.05371 0.05859 0.92004 17.16794 30.32825 -3.45802 
-0.00879 0.02710 0.87195 15.04580 19.39695 3.03053 
-0.03076 0.12561 0.83606 21.90076 8.62595 5.45802 
0.06616 0.10852 0.97095 14.75572 3.93130 8.82443 
0.09521 0.09290 1.00244 1.45038 15.80153 13.91603 
0.22083 0.07751 1.61133 -72.77100 39.61832 6.06107 
-0.04907 0.00208 0.92542 -54.93130 5.90840 -17.70229 
0.08044 0.06018 0.96143 -28.00763 14.47328 -7.40458 
0.04346 0.04028 0.92310 -18.15267 14.07634 -7.45802 
0.00378 0.03882 0.85242 -10.38931 23.80916 -4.03817 
-0.02100 0.01489 0.96411 -14.92366 23.64886 -1.11450 
-0.01575 0.03528 0.94397 -5.12977 18.96183 -2.08397 
0.00647 0.02515 0.85876 -8.67176 16.67175 -0.25954 
-0.11584 -0.28235 1.32654 -13.22901 36.39695 -0.63359 
-0.03052 0.01794 0.92090 -2.13740 1.85496 0.61832 
-0.01733 0.02405 0.91772 -0.45802 1.01527 0.98473 
-0.02869 0.02307 0.91235 -0.34351 1.22137 1.12214 
-0.02234 0.02881 0.89343 0.06870 1.16794 1.21374 
-0.00879 0.03455 0.91138 0.51145 1.38168 1.25954 
-0.00977 0.03625 0.91626 2.03817 1.95420 1.36641 
-0.01672 0.02795 0.91663 0.68702 1.67939 1.32061 
-0.01465 0.01892 0.91101 -0.15267 1.38931 1.17557 
-0.01721 0.02332 0.91260 1.35878 1.83206 1.22901 
-0.02319 0.03223 0.92126 0.36641 1.45802 1.23664 
-0.02539 0.03784 0.91821 0.41985 1.45802 1.23664 
-0.00122 0.04211 0.91345 0.89313 1.40458 1.38168 
-0.03064 0.03174 0.90881 0.22901 1.38931 1.67939 
-0.02087 0.02551 0.91455 -0.30534 1.38931 2.62595 
-0.00635 0.02698 0.91455 -0.12214 1.48092 2.66412 
-0.01123 0.02783 0.91284 0.09160 1.42748 2.37405 
-0.02991 0.03003 0.89795 -2.09924 0.90076 2.53435 
-0.00122 0.02759 0.91040 -1.57252 1.14504 2.30534 
-0.00623 0.03479 0.91235 0.03817 1.42748 1.96183 
-0.00317 0.05273 0.90808 -1.20611 0.98473 2.41221 
-0.07751 -0.00806 0.90222 -1.46565 1.35878 4.58015 
0.00684 0.01465 0.91150 0.06107 1.84733 2.92366 
0.00037 0.02100 0.91711 1.90076 2.29008 1.61069 
-0.01697 0.02930 0.91394 3.03817 2.68702 1.13740 
-0.01624 0.03552 0.90393 4.51908 3.02290 1.09924 
-0.01965 0.04346 0.91870 4.57252 3.12214 0.93130 
-0.02612 0.03076 0.92615 3.30534 2.29008 1.15267 
-0.01550 0.03271 0.91699 0.96183 1.82443 1.11450 
-0.02234 0.02539 0.91260 1.23664 1.80916 1.24427 
-0.02319 0.03430 0.91003 0.09160 1.56489 0.93130 
-0.01013 0.03052 0.91357 -0.55725 1.24427 0.58015 
-0.02075 0.03149 0.91003 -0.75573 1.29771 0.41221 
-0.02478 0.02893 0.91028 -0.07634 1.54962 0.48092 
-0.01563 0.04077 0.91479 -0.16031 1.55725 0.56489 
-0.01807 0.03650 0.92126 -0.32824 1.57252 0.83969 
-0.01953 0.03357 0.91235 0.51908 1.46565 0.77863 
-0.01440 0.02795 0.90051 0.50382 1.48092 0.93893 
-0.00952 0.03247 0.90833 0.25191 1.41221 1.13740 
-0.02637 0.03247 0.91162 -0.38931 1.26718 1.12977 
-0.03125 0.03308 0.91455 -0.38168 1.20611 0.74046 
-0.01245 0.03711 0.91089 0.11450 1.26718 0.65649 
-0.00549 0.03223 0.91235 0.12977 1.29008 0.94656 
-0.02417 0.03125 0.90857 0.19084 1.25954 1.17557 
-0.03076 0.02917 0.91846 0.77863 1.27481 0.77863 
-0.02490 0.03308 0.91394 0.61069 1.19084 0.33588 
-0.01721 0.03308 0.91028 0.48855 1.18321 0.15267 
-0.00305 0.03174 0.91101 0.22137 1.17557 0.45802 
-0.01428 0.03564 0.91821 0.80153 1.09924 0.80153 
0.01221 0.04150 0.91528 1.48855 0.99237 1.19847 
0.21936 0.08691 0.90967 1.01527 0.61832 1.58015 
0.19397 0.12622 0.91394 0.78626 0.83969 -1.53435 
0.02222 -0.02698 0.91016 1.28244 0.13740 -5.03817 
-0.18079 -0.00818 0.89917 1.24427 0.44275 6.17557 
-0.30872 0.00305 0.89954 1.92366 0.81679 5.95420 
-0.08911 0.03943 0.90137 0.68702 0.89313 0.61069 
-0.08496 0.01245 0.93091 -0.77863 1.34351 -2.45802 
0.00562 0.11426 0.89246 -1.13740 1.68702 -5.85496 
-0.17224 0.23645 0.92407 0.45802 -0.03053 -9.87023 
0.03625 -0.03333 0.84985 -0.48855 0.52672 -1.95420 
-0.28186 0.02966 0.91296 -0.70229 0.64885 10.26718 
0.15540 -0.01587 0.92151 -0.27481 1.61069 17.16031 
0.06555 0.01733 0.89661 1.00000 1.26718 13.78626 
-0.05225 0.01929 0.91638 -1.39695 1.25191 8.84733 
0.02405 0.03186 0.94788 -2.31298 1.54198 2.09160 
0.08105 0.07593 0.92773 0.81679 1.36641 0.41985 
0.01331 0.04077 0.91052 0.27481 1.38931 2.09160 
-0.01318 0.05347 0.91833 -0.26718 1.11450 2.31298 
-0.01318 0.05066 0.90759 -0.24427 0.95420 2.03053 
-0.01660 0.02954 0.91467 1.23664 0.59542 1.39695 
-0.00427 0.03027 0.92261 3.74046 -0.53435 1.86260 
-0.01331 0.03467 0.91418 0.95420 0.64122 1.87786 
-0.02039 0.03357 0.90125 0.88550 0.57252 2.00000 
-0.00940 0.04138 0.91870 0.25191 0.94656 1.61069 
-0.01697 0.03979 0.91260 0.96183 1.16794 1.22901 
-0.02393 0.03625 0.91602 1.64885 0.85496 1.32824 
-0.02441 0.02295 0.92371 0.78626 -0.89313 1.54198 
0.01440 0.00928 0.67664 -0.19084 -0.63359 1.72519 
-0.02917 0.03027 0.93445 -1.62595 0.28244 3.96183 
0.02893 0.09912 0.29102 -2.45802 -2.70992 1.30534 
-0.17212 -0.06714 0.48059 5.55725 -63.76336 23.19084 
0.39917 0.28418 1.01465 -4.35878 0.19847 54.69466 
-0.00403 0.03589 0.93762 -1.90840 0.48855 1.84733 
0.01685 0.03711 0.94507 0.48092 1.19084 1.61832 
0.01563 0.03345 0.91882 0.52672 1.51145 0.68702 
0.02344 0.03918 0.89893 -0.54962 1.14504 0.78626 
0.03125 0.03186 0.94153 -0.79389 1.07634 0.39695 
0.03369 0.03760 0.92200 2.12214 2.09160 -1.45038 
0.02222 0.03601 0.92322 2.74809 2.25191 -3.00763 
0.03101 0.03699 0.89526 1.51908 1.72519 -2.97710 
0.02344 0.04248 0.91003 -1.00763 1.01527 -3.16031 
0.00513 0.04016 0.91882 -0.54962 1.05344 -4.33588 
0.01086 0.03186 0.91858 -0.79389 0.49618 -5.54962 
0.02722 0.04016 0.90308 -0.16794 1.19084 -6.48855 
0.01697 0.03394 0.91528 -0.13740 1.42748 -9.67939 
-0.00464 0.03845 0.91687 -0.02290 1.34351 -12.64886 
0.01904 0.03625 0.90771 0.30534 1.24427 -10.09160 
0.00220 0.03381 0.90637 -0.98473 0.68702 -7.58015 
-0.00012 0.03711 0.91016 -1.07634 0.77863 -3.35878 
0.01135 0.03857 0.92029 -0.48092 1.11450 -0.38931 
0.01843 0.03735 0.91602 -0.21374 1.22137 0.60305 
0.01416 0.03540 0.90723 -0.20611 1.22137 1.23664 
0.01721 0.03406 0.91138 -0.74046 1.09160 1.20611 
0.02515 0.02979 0.92468 -0.16031 1.44275 1.32824 
0.02185 0.02148 0.93616 -2.93130 -0.13740 1.21374 
0.01587 0.03345 0.90955 -0.04580 1.19084 1.03053 
0.01746 0.03711 0.91675 0.14504 1.37405 1.21374 
0.01563 0.03918 0.91772 0.03817 1.41221 1.26718 
0.01379 0.03821 0.91748 0.13740 1.49618 1.27481 
0.01636 0.03308 0.90955 0.16794 1.42748 1.17557 
0.01904 0.03235 0.90320 0.09924 1.41221 1.09924 
0.01660 0.03125 0.91284 -0.10687 1.14504 0.68702 
0.01599 0.03271 0.91296 -0.03053 1.10687 0.64122 
0.01575 0.03809 0.91516 0.16794 1.25954 1.16794 
0.01794 0.03845 0.91516 0.23664 1.45038 1.21374 
0.01550 0.04016 0.91272 0.26718 1.45802 1.25191 
0.02002 0.03113 0.90649 0.69466 1.55725 1.29008 
0.02368 0.02112 0.91626 -0.97710 0.22137 1.34351 
0.01978 0.02747 0.90820 -0.32824 0.65649 1.28244 
0.02197 0.03479 0.90845 -0.32824 0.52672 1.26718 
-0.00220 0.04419 0.90857 -0.01527 1.04580 0.39695 
0.01099 0.04468 0.91345 -0.03817 0.57252 0.67176 
0.01733 0.04138 0.91028 0.19847 1.06870 0.96183 
0.01758 0.02759 0.91296 0.03817 1.05344 1.33588 
0.02014 0.01563 0.91235 -0.06107 1.09160 1.41221 
0.02917 0.02698 0.91565 -0.01527 1.15267 1.17557 
0.04065 0.03455 0.91455 0.25954 1.18321 -0.83969 
0.00684 0.04370 0.90771 0.31298 1.42748 -6.06107 
0.00464 0.04761 0.91260 0.07634 1.57252 -7.34351 
0.00879 0.04224 0.91919 -0.04580 1.71756 -5.58779 
0.01514 0.03076 0.91211 0.06107 1.56489 -4.04580 
0.01611 0.02136 0.91614 0.70992 2.67939 -1.58015 
0.02454 0.02869 0.90942 0.12977 1.38931 0.03817 
0.01892 0.03882 0.91113 -0.02290 1.07634 0.31298 
0.00830 0.04419 0.91077 0.06870 1.25954 0.27481 
0.00769 0.04114 0.91577 0.12214 1.18321 -0.33588 
0.01318 0.03931 0.91333 0.01527 1.28244 -0.80153 
0.02295 0.02515 0.91675 -0.16031 0.99237 0.67939 
0.02454 0.02344 0.91479 0.06107 0.73282 1.46565 
0.01880 -0.00195 0.91125 0.30534 0.93893 2.32061 
0.01733 0.04773 0.90979 0.34351 1.48855 3.90076 
0.01672 0.05872 0.91321 0.21374 1.58015 2.15267 
0.01062 0.03967 0.91187 0.19084 1.30534 1.44275 
0.01331 0.03137 0.91064 0.16794 1.22137 1.46565 
0.01953 0.03015 0.91248 0.02290 1.38168 1.31298 
0.02161 0.02747 0.91309 0.06870 1.40458 1.22137 
0.02075 0.03174 0.91882 0.38931 1.79389 1.29771 
0.01697 0.03687 0.91394 0.53435 1.88550 1.31298 
0.01062 0.04028 0.91406 0.54198 1.77863 1.70229 
0.01147 0.03821 0.91223 0.82443 1.83969 2.41985 
0.01709 0.03064 0.92102 1.48092 2.16031 2.44275 
0.02051 0.02539 0.91211 1.57252 2.22901 3.07634 
0.02234 0.02808 0.90967 1.88550 2.17557 4.03053 
0.01196 0.03662 0.91858 3.00000 2.59542 4.42748 
0.00684 0.03723 0.92236 4.49618 3.09924 4.41221 
0.00977 0.04028 0.92871 7.03053 3.77099 5.47328 
0.01221 0.04993 0.90710 8.71756 3.96183 5.67939 
0.00903 0.05188 0.90332 4.98473 2.12214 4.43511 
0.01807 0.04529 0.93103 5.10687 1.87786 7.03817 
0.01843 0.04761 0.96191 3.72519 5.32061 11.47328 
-0.01404 0.03503 0.88354 7.48855 5.95420 14.57252 
0.01819 0.09290 0.94666 9.40458 4.67176 15.03053 
0.02673 0.06116 0.97852 -5.60305 14.66412 17.84733 
-0.03650 0.03125 0.99194 -14.03053 19.27481 10.10687 
-0.00146 -0.02368 0.97156 -12.83206 15.01527 3.92366 
0.05017 0.20837 0.88025 -18.58015 13.00763 4.72519 
0.00195 0.04114 0.94373 -17.44275 11.31298 7.06107 
-0.02795 0.02039 0.92834 -19.08397 3.97710 -0.23664 
-0.01880 0.03394 0.92810 -13.93130 1.04580 -3.05344 
-0.01196 0.01440 0.92566 -12.78626 2.30534 -1.46565 
0.02771 0.02051 0.91504 -2.81679 0.98473 1.84733 
-0.00012 0.03064 0.92932 0.61832 -0.69466 4.13740 
0.01416 0.01355 0.96509 -1.74809 -3.15267 2.31298 
-0.01660 0.00000 0.96094 -7.92366 -3.75573 -0.12977 
-0.01111 0.00623 0.93774 -7.64122 -6.36641 -1.87023 
0.00684 0.02441 0.94128 -5.54198 -10.00763 -2.38931 
0.00525 -0.00391 0.94592 -4.67939 -11.52672 -4.06107 
0.00500 0.00635 0.92212 -2.42748 -13.21374 -4.96183 
-0.00378 -0.00171 0.90613 2.35878 -15.72519 -3.15267 
0.00867 -0.00098 0.91284 5.17557 -16.54198 -1.35115 
0.02502 -0.00635 0.93176 5.91603 -14.03053 -0.77863 
0.05078 0.04504 0.93591 4.11450 -10.48092 -2.08397 
0.05640 0.03992 0.92175 3.89313 -5.89313 -2.69466 
0.00598 0.01208 0.89734 4.54962 -4.09924 -1.67176 
0.00928 0.02710 0.89709 5.22137 -6.30534 -0.96947 
0.02454 0.02893 0.92542 5.19084 -6.65649 -0.94656 
0.03186 0.03577 0.92444 2.58779 -3.43511 -0.98473 
0.02393 -0.00085 0.91724 1.61069 2.25191 1.09160 
0.03198 -0.02100 0.92029 3.93893 3.77099 0.32824 
0.03235 -0.02100 0.92188 3.84733 2.63359 0.09160 
0.02124 -0.01782 0.92627 2.52672 0.90076 0.06870 
0.02026 0.03577 0.89343 1.16031 0.17557 1.39695 
0.03845 0.04663 0.89221 1.70229 0.25191 2.29771 
0.05847 0.06470 0.89746 1.07634 -0.54198 3.72519 
0.05054 0.05542 0.92700 -1.02290 -0.66412 5.83206 
0.05420 0.03076 0.93347 -2.93130 -0.06107 5.24427 
0.03357 0.04199 0.93250 -3.18321 0.37405 5.29008 
0.02209 0.01599 0.93103 -4.06107 -0.41221 4.87023 
0.04285 -0.02551 0.92664 -3.85496 -0.93130 3.03817 
0.04590 0.01160 0.90283 -1.77099 -0.06870 1.02290 
0.04175 0.00061 0.89978 -1.09160 -0.26718 0.93130 
0.03735 0.01489 0.91052 -2.40458 -1.06107 2.07634 
0.03613 0.00769 0.89795 -1.16794 -2.11450 0.99237 
0.04297 0.03943 0.91223 -0.70992 -2.84733 0.10687 
0.05103 0.04553 0.90430 -1.67176 -3.12977 -0.53435 
0.06128 0.02051 0.91650 -1.16794 -4.32061 -0.49618 
0.04126 -0.00146 0.91370 -0.09160 -4.96183 0.02290 
0.04785 -0.00977 0.91711 0.31298 -5.27481 0.77099 
0.04907 0.01941 0.89990 0.58779 -4.53435 0.70229 
0.05273 0.02051 0.91711 1.56489 -3.92366 1.90076 
0.04895 0.01794 0.91614 2.40458 -2.77099 0.83206 
0.03687 0.01904 0.92163 1.86260 -2.80153 -1.54962 
0.04028 -0.02051 0.92261 -0.41985 -2.12977 -1.35878 
0.04688 0.00769 0.90955 -2.50382 -1.11450 0.58015 
0.07019 0.03015 0.91028 -1.83969 -1.40458 2.22901 
0.04529 0.04285 0.92773 -1.92366 -1.58015 1.90840 
0.04797 0.01611 0.95300 -3.09160 -1.68702 0.38931 
0.05066 -0.01147 0.92908 -4.78626 -0.29771 1.66412 
0.05066 0.00586 0.90759 -5.02290 0.22901 4.91603 
0.04297 0.01855 0.93567 -4.64122 -1.15267 5.87786 
0.05872 -0.01697 0.92883 -3.16794 -3.12977 5.43511 
0.06738 0.02222 0.93262 -6.00763 -3.06107 5.16031 
0.07410 -0.02136 0.94373 -5.54198 -1.49618 4.21374 
0.07214 0.00708 0.91040 -5.41985 -1.28244 3.71756 
0.07715 -0.01172 0.90906 -3.10687 -2.40458 2.88550 
0.06604 0.01416 0.89893 -1.55725 -3.39695 2.37405 
0.08533 -0.00769 0.92053 0.58015 -3.54962 3.37405 
0.09839 0.00684 0.91663 2.74809 -2.83969 1.64885 
0.08093 -0.00818 0.91980 2.90840 -3.40458 -0.03053 
0.07715 0.01990 0.90808 1.07634 -4.64885 -0.90840 
0.06946 -0.00195 0.90491 -0.83206 -5.82443 -1.30534 
0.08191 0.01575 0.90125 -1.57252 -6.00763 -1.38168 
0.06726 0.00757 0.90369 -0.19084 -6.04580 0.42748 
0.05908 0.02808 0.90674 0.48855 -5.80916 1.70992 
0.06702 -0.01477 0.91711 1.43511 -5.27481 1.30534 
0.07983 0.01001 0.91138 2.89313 -3.51908 0.06107 
0.07227 -0.00232 0.92480 2.36641 -2.02290 0.38168 
0.07849 0.00232 0.91614 0.05344 -1.25954 0.35878 
0.09302 0.00610 0.91089 -2.06870 -1.06870 0.40458 
0.10034 -0.00562 0.90137 -1.84733 -1.17557 2.52672 
0.10303 0.00171 0.90125 -1.80916 -0.76336 3.63359 
0.07544 0.00659 0.91418 -0.93130 -0.87786 2.93893 
0.08850 0.00195 0.91846 -1.21374 -2.51908 0.29008 
0.08374 0.00293 0.91589 -1.09160 -4.24427 -0.11450 
0.09949 0.01233 0.91931 -0.55725 -4.72519 0.48092 
0.12158 -0.01208 0.93152 -0.41985 -3.00000 1.80916 
0.11060 0.01086 0.91882 0.27481 -1.81679 1.25191 
0.08997 0.01245 0.90515 2.16794 -2.39695 0.89313 
0.09314 -0.00488 0.90833 3.42748 -3.33588 -0.52672 
0.10388 0.01550 0.90723 3.71756 -1.63359 1.07634 
0.08923 -0.00696 0.91675 2.59542 -0.06870 1.80153 
0.09033 -0.00354 0.90796 1.36641 -0.06870 0.34351 
0.09070 -0.00842 0.88916 0.26718 -1.45038 -1.12977 
0.09790 0.00586 0.88416 1.54962 -2.57252 -0.86260 
0.08179 0.00513 0.89441 4.70992 -1.91603 0.06107 
0.08191 0.00037 0.91846 3.96183 -0.27481 -0.45802 
0.09802 0.00928 0.89417 2.81679 1.10687 -1.50382 
0.09546 0.01086 0.87732 4.15267 1.64122 -1.52672 
0.11108 0.01807 0.89197 4.34351 1.42748 0.64122 
0.10522 0.00342 0.91553 1.24427 0.66412 2.83969 
0.09973 0.02393 0.91626 -0.91603 0.09160 2.39695 
0.10352 0.02026 0.90662 -0.89313 0.05344 2.22137 
0.10449 0.02026 0.90063 0.83969 0.15267 2.15267 
0.11621 0.02869 0.90320 0.70992 1.42748 2.58779 
0.13611 0.01038 0.88550 4.89313 0.83969 3.53435 
0.12256 0.02393 0.90686 -1.32061 2.35115 3.77099 
0.11145 0.02356 0.90259 -1.78626 0.54198 1.54198 
0.09351 0.02551 0.90588 -2.14504 -0.03817 1.25954 
0.10681 0.01587 0.90430 -0.65649 0.22137 2.02290 
0.10168 0.01648 0.89063 -1.06107 0.70229 3.29771 
0.11792 0.01624 0.89465 -0.60305 -0.75573 3.99237 
0.11609 0.02234 0.90479 0.48092 -2.21374 3.44275 
0.11438 0.00391 0.90479 -0.90840 -3.30534 2.29008 
0.11121 0.01245 0.90881 -2.34351 -2.56489 2.79389 
0.11047 0.01807 0.91016 -2.02290 -0.87023 4.02290 
0.09167 0.02405 0.91980 -1.10687 1.03053 6.11450 
0.09473 0.00903 0.90198 -1.35115 0.32824 4.04580 
0.10413 0.01123 0.90234 -0.27481 -1.57252 3.26718 
0.09033 0.01453 0.92175 0.45802 -1.85496 2.90840 
0.13000 0.00110 0.91577 -2.67176 -2.69466 1.36641 
0.12695 0.01270 0.94788 -1.96183 -2.20611 1.90076 
0.11353 -0.00793 0.89075 -1.11450 0.27481 0.48855 
0.12915 -0.00330 0.87378 4.26718 -0.40458 2.64122 
0.10669 0.01624 0.89893 6.67176 -0.24427 6.12977 
0.09363 0.01746 0.89233 3.23664 -0.28244 3.19084 
0.09766 0.00732 0.89587 1.54198 -0.04580 1.22137 
0.10071 0.01233 0.89832 2.21374 -0.54962 -0.02290 
0.12830 -0.00610 0.91113 0.45802 -1.35115 -1.83969 
0.12793 -0.00500 0.91882 0.21374 -3.22901 -2.01527 
0.13684 0.00208 0.91357 -1.75573 -4.45038 -1.71756 
0.09863 0.02747 0.88452 0.04580 1.43511 0.36641 
0.12061 0.00757 0.87036 2.14504 3.48092 3.19084 
0.13513 0.01746 0.91577 3.41985 4.50382 3.67176 
0.12122 0.01477 0.92822 -0.65649 7.19847 2.87786 
0.10889 0.00879 0.88867 -0.74046 8.19084 -0.31298 
0.11377 -0.00220 0.87671 -0.66412 5.61832 0.00000 
0.09778 0.00183 0.87402 -1.35115 3.07634 1.03053 
0.09167 -0.00183 0.88232 -1.24427 2.70992 3.25191 
0.07593 0.00769 0.91638 -4.93130 5.00000 3.27481 
0.10681 0.00964 0.90820 -6.20611 6.94656 3.25191 
0.11584 0.01416 0.89478 -4.36641 7.32824 3.33588 
0.11133 0.00232 0.90173 -4.38931 6.14504 3.87023 
0.10315 0.00696 0.90820 -5.05344 4.06107 3.66412 
0.10376 -0.00049 0.92004 -6.04580 3.14504 4.03817 
0.11279 0.00317 0.91479 -5.98473 2.93893 2.80153 
0.12988 0.01196 0.92151 -3.30534 3.26718 2.90840 
0.13123 0.01208 0.93445 -0.22901 2.68702 4.50382 
0.11609 0.00354 0.93518 -0.96183 0.80916 3.36641 
0.12183 0.01697 0.91675 -2.23664 -0.04580 1.57252 
0.10254 -0.01379 0.89392 -2.06107 -1.80916 0.92366 
0.12732 0.00024 0.91248 -1.50382 -3.54198 2.74809 
0.11230 0.00586 0.92480 -2.12977 -2.16794 5.90840 
0.10742 0.00305 0.94263 -4.16794 -0.51145 6.35115 
0.11511 0.00305 0.91223 -5.13740 -0.51908 4.71756 
0.09558 -0.01526 0.91626 -2.86260 -2.78626 4.46565 
0.10486 0.00110 0.91150 -2.64885 -4.56489 2.78626 
0.12781 -0.01062 0.87158 -1.79389 -5.31298 2.64122 
0.10291 -0.00757 0.90149 -3.74809 -6.46565 4.07634 
0.10657 -0.01746 0.90466 -6.30534 -6.58015 1.74046 
0.12695 -0.03052 0.88806 -2.45802 -6.16794 3.25954 
0.12866 0.00281 0.87195 1.77863 -4.91603 7.18321 
0.13269 0.00671 0.87512 3.01527 -5.03053 7.38168 
0.12866 -0.00427 0.88635 2.61069 -6.70229 6.26718 
0.11963 -0.02454 0.91846 2.00000 -5.50382 5.91603 
0.12744 -0.02441 0.94128 -1.34351 -3.62595 3.35115 
0.12878 -0.02222 0.92542 -4.07634 -0.85496 2.43511 
0.14697 -0.01794 0.91284 -3.62595 1.16031 2.74809 
0.12817 -0.01550 0.89893 -1.70229 -0.10687 3.65649 
0.13000 -0.04517 0.90552 -0.67176 -3.83969 2.76336 
0.13440 -0.04065 0.92456 -2.51908 -7.41985 0.20611 
0.12024 -0.00403 0.90002 -3.31298 -7.46565 -2.66412 
0.14368 -0.02490 0.88330 -2.32061 -4.48855 -6.01527 
0.15247 -0.01355 0.88281 -0.99237 -3.54962 -7.20611 
0.17004 -0.00330 0.86084 2.65649 -3.09924 -4.91603 
0.15137 -0.01184 0.88025 5.19084 -6.47328 -3.52672 
0.13623 0.00891 0.88623 7.41221 -9.32061 -5.06107 
0.13879 -0.00269 0.90149 6.38168 -9.10687 -6.42748 
0.14111 -0.00269 0.90759 2.97710 -4.12214 -8.44275 
0.15503 -0.01807 0.88440 2.32824 0.44275 -7.29008 
0.17761 -0.02698 0.87976 3.22137 3.32824 -3.79389 
0.16772 -0.00610 0.87512 2.82443 5.28244 0.37405 
0.13220 0.01233 0.86865 2.50382 5.71756 1.89313 
0.11450 0.00610 0.86755 3.66412 6.01527 -0.31298 
0.11633 0.02112 0.85938 7.51908 6.15267 -2.70229 
0.15906 -0.01453 0.88989 8.62595 4.38168 0.12214 
0.15088 -0.00635 0.90894 5.72519 5.65649 2.13740 
0.14880 0.00134 0.93628 2.32824 6.66412 2.41221 
0.14343 0.00830 0.90442 0.95420 6.38168 0.93130 
0.14490 -0.00696 0.89050 0.83206 4.16031 0.00763 
0.11914 0.01343 0.91211 -0.68702 1.41221 -0.83969 
0.13745 0.00928 0.90967 -0.95420 2.83206 -1.09160 
0.14587 0.01660 0.91504 2.54962 5.61832 0.87023 
0.15234 -0.00513 0.89966 4.25191 6.20611 1.77863 
0.14758 0.00232 0.88220 4.85496 1.57252 0.58779 
0.14575 0.00989 0.88379 4.57252 -1.54962 0.26718 
0.14392 0.02051 0.87756 5.90840 -2.49618 0.02290 
0.14624 0.02490 0.88354 4.73282 -2.29771 0.74046 
0.14990 0.02161 0.87720 4.45038 -2.34351 0.38931 
0.14783 0.01257 0.88245 4.01527 -1.96183 0.36641 
0.13318 0.03162 0.88586 3.32824 -0.85496 -0.51145 
0.12585 0.01978 0.89783 3.16031 0.96183 0.32061 
0.13855 0.03174 0.89673 1.39695 2.75573 0.21374 
0.14197 0.00537 0.90637 -0.17557 2.54198 0.52672 
0.12756 0.01233 0.90857 -0.78626 1.41985 -0.93893 
0.12878 0.02332 0.90710 -1.41221 0.61069 -1.90076 
0.13452 0.04138 0.90820 -2.19084 2.05344 -1.32061 
0.13879 0.03491 0.90125 -1.71756 3.09160 -0.84733 
0.14758 0.02490 0.89014 0.80153 3.29771 0.13740 
0.14526 0.02844 0.90967 3.72519 2.17557 1.17557 
0.14551 0.01050 0.91772 2.31298 1.00763 1.53435 
0.15063 0.02649 0.90381 1.80916 0.12977 1.14504 
0.14978 0.02930 0.90320 1.97710 0.74046 2.28244 
0.14587 0.03162 0.90308 1.73282 1.41221 3.05344 
0.14722 0.03040 0.90808 1.85496 2.03817 2.63359 
0.14880 0.01880 0.90173 2.08397 1.97710 0.86260 
0.14526 0.01587 0.89600 0.52672 1.83206 0.18321 
0.13843 0.02625 0.89417 -2.14504 2.23664 0.05344 
0.14490 0.02795 0.89600 -3.61069 3.64122 0.86260 
0.13818 0.02295 0.89111 -3.25954 3.95420 0.35878 
0.13538 0.01892 0.89331 -1.74046 3.45038 -1.05344 
0.12073 0.01526 0.90796 -0.28244 3.75573 0.77863 
0.12476 0.00867 0.90491 -0.67939 4.33588 2.26718 
0.11377 0.02405 0.90979 -0.25191 3.58779 3.36641 
0.13391 0.02136 0.87781 -0.64885 2.87786 3.98473 
0.17737 -0.00525 0.85266 1.28244 2.94656 5.11450 
0.12415 0.00574 0.89636 2.16031 2.27481 7.70229 
0.13965 0.01770 0.89270 0.97710 2.28244 4.06107 
0.12769 0.02075 0.92542 1.12214 3.49618 4.45038 
0.12195 0.01575 0.93884 0.15267 3.20611 2.92366 
0.13147 0.04016 0.95618 -4.09160 3.46565 2.25191 
0.13513 0.00879 0.93958 -7.15267 4.51908 0.64122 
0.15442 0.00977 0.90967 -4.32824 3.78626 -1.51145 
0.14880 0.00464 0.89661 0.32824 1.02290 0.83969 
0.15796 -0.00684 0.91602 1.90840 -1.62595 1.60305 
0.13245 0.00525 0.92761 2.11450 -2.65649 1.48092 
0.12891 0.01550 0.91736 1.31298 -2.46565 1.41985 
0.13818 0.01160 0.91357 0.50382 -1.23664 0.85496 
0.14648 0.02698 0.90222 0.09160 -0.71756 1.11450 
0.13257 0.03442 0.89624 -0.77099 -0.83969 1.02290 
0.12170 0.04077 0.90503 -2.48855 -0.60305 0.80153 
0.12683 0.03735 0.89197 -2.01527 2.19847 0.23664 
0.13403 0.02930 0.89014 0.25191 3.95420 0.90840 
0.14954 0.02771 0.89624 0.46565 4.99237 2.11450 
0.13586 0.01343 0.88708 0.37405 5.57252 3.17557 
0.13635 0.01941 0.91016 2.75573 2.12977 2.38168 
0.14429 0.01331 0.91248 2.09924 -0.69466 -0.56489 
0.15173 0.01538 0.89185 1.38931 -2.69466 -1.86260 
0.14148 0.02148 0.87390 1.10687 -2.94656 -1.08397 
0.13977 0.02344 0.88635 1.45038 -2.06107 1.40458 
0.13110 0.01587 0.87158 -0.52672 -0.39695 2.95420 
0.14673 0.01135 0.88306 0.77099 0.22901 3.83206 
0.14526 0.01538 0.88025 -1.10687 0.04580 2.90076 
0.13745 0.01697 0.84680 -2.85496 -2.55725 -0.80153 
0.13098 0.02856 0.86182 -1.38168 -2.83969 -0.57252 
0.12708 0.03857 0.87878 -1.27481 -0.58779 0.12977 
0.12463 0.00684 0.84839 -0.92366 3.12214 2.77099 
0.13770 0.01978 0.85791 -0.45038 4.16031 4.37405 
0.13708 0.01453 0.85547 -1.45802 4.18321 5.03053 
0.14368 0.01013 0.89124 -7.76336 2.01527 5.29771 
0.11670 -0.00916 0.90442 -17.55725 -2.07634 4.68702 
0.11157 0.00000 0.88403 -16.64886 -5.03053 5.85496 
0.14270 -0.01672 0.88025 -7.29771 -5.77099 6.85496 
0.17175 -0.00281 0.90344 -0.29771 -5.17557 7.31298 
0.17822 -0.01843 0.92810 -6.67176 -6.37405 6.27481 
0.13440 -0.00684 0.86255 -6.19847 -4.36641 5.36641 
0.09668 0.02637 0.87061 13.48092 2.65649 4.88550 
0.12646 0.03381 0.87878 7.99237 1.48092 8.87786 
0.15588 0.01624 0.91699 3.70992 1.78626 6.35115 
0.16614 0.00183 0.91907 -2.54198 -0.32061 1.18321 
0.12878 0.00818 0.92737 -7.30534 -0.19847 -1.19847 
0.15759 -0.01086 0.91223 -5.37405 2.33588 0.04580 
0.16174 -0.02271 0.89124 -2.97710 3.90076 0.63359 
0.16846 -0.01611 0.89270 0.85496 1.32061 0.06870 
0.17212 -0.01038 0.90735 0.45038 -1.41985 1.16031 
0.16003 -0.01221 0.91895 -0.18321 -3.18321 0.35115 
0.16870 -0.00757 0.92688 -0.34351 -3.89313 -0.57252 
0.19495 -0.01111 0.90833 -2.71756 -1.99237 1.03817 
0.18005 -0.01099 0.90198 -1.96947 -0.83969 2.44275 
0.16321 -0.01392 0.90454 1.87786 -1.77099 1.59542 
0.18127 -0.01379 0.92981 1.96947 -2.38168 0.20611 
0.20044 -0.00122 0.93848 -2.16794 -1.50382 -0.95420 
0.16711 -0.02124 0.88794 -7.28244 -1.15267 0.15267 
0.08374 0.03003 0.91309 -9.02290 -1.99237 0.92366 
0.12903 0.00256 0.89148 -6.12214 -2.09924 0.12214 
0.15198 0.01135 0.90173 -5.00000 -2.45802 1.27481 
0.16162 -0.01123 0.89160 -2.64122 -2.03817 0.65649 
0.13806 -0.02344 0.89551 0.83969 -1.10687 -0.38931 
0.13550 -0.01270 0.90186 3.87786 0.80916 -0.85496 
0.15161 -0.01477 0.89172 3.25191 3.51908 0.02290 
0.15991 -0.01282 0.88147 4.04580 5.72519 1.12214 
0.16382 -0.01904 0.89050 4.11450 5.43511 1.33588 
0.16003 -0.01697 0.90857 2.12214 3.00000 -0.96183 
0.16406 -0.00769 0.91895 1.02290 0.87023 -2.59542 
0.17236 -0.01282 0.90930 -0.06870 1.24427 -1.57252 
0.16492 -0.01257 0.90393 -1.81679 1.98473 -0.09160 
0.15967 -0.02051 0.87012 -0.16794 1.56489 1.54198 
0.16138 -0.00964 0.88342 0.43511 0.21374 3.01527 
0.15308 -0.00647 0.87891 0.62595 -0.38168 3.09160 
0.16040 -0.02295 0.90759 0.01527 -0.55725 2.22137 
0.16565 -0.01428 0.91675 -2.99237 -0.29771 1.50382 
0.19604 -0.00916 0.92468 -3.91603 0.41221 1.27481 
0.17358 0.00037 0.93921 -9.21374 0.51145 1.01527 
0.15771 -0.01318 0.91431 -8.25954 -0.01527 -0.41221 
0.16724 -0.01294 0.90393 -4.39695 0.40458 0.19084 
0.15698 -0.01685 0.90320 -1.87023 1.56489 1.95420 
0.16101 -0.01575 0.90881 1.83969 2.49618 1.84733 
0.17151 -0.01770 0.91821 2.28244 3.14504 1.29771 
0.16821 -0.01538 0.91956 1.64885 4.26718 0.26718 
0.16394 -0.01636 0.90356 3.03817 4.32061 -1.96183 
0.15210 -0.01306 0.90015 2.77863 3.68702 -2.54962 
0.14490 -0.01331 0.88440 5.01527 3.97710 -2.92366 
0.14746 -0.00232 0.89160 5.80153 4.26718 -2.22137 
0.16821 0.00928 0.87976 5.39695 5.53435 -0.22137 
0.14795 0.00830 0.89282 5.79389 5.42748 0.87023 
0.15479 0.00586 0.90344 5.51908 3.85496 0.45038 
0.15649 -0.00403 0.88879 4.93893 3.28244 0.60305 
0.14941 0.01587 0.89429 3.40458 3.36641 0.41985 
0.12830 0.02002 0.90295 2.36641 4.70992 -0.76336 
0.14209 -0.01624 0.86328 0.74046 6.75573 0.00763 
0.15784 0.01526 0.88025 0.44275 9.17557 1.96947 
0.14258 0.01636 0.88599 -0.75573 10.57252 2.56489 
0.13428 0.02661 0.89392 -0.81679 10.14504 3.03053 
0.12097 -0.01599 0.89233 -3.61832 9.48855 1.66412 
0.11047 0.01599 0.88940 -3.17557 9.51908 0.09924 
0.12842 0.00134 0.88318 1.41985 10.29771 0.37405 
0.12842 -0.01648 0.89844 2.58779 11.08397 1.31298 
0.12976 0.00647 0.91272 2.03817 11.64886 1.73282 
0.12646 -0.02478 0.89587 1.90840 11.05344 1.60305 
0.10876 -0.03711 0.88953 2.76336 8.83969 1.90840 
0.10425 0.01917 0.91687 4.56489 7.51145 2.16031 
0.12341 0.00012 0.94238 5.20611 7.92366 2.67939 
0.13757 0.00806 0.94897 1.40458 9.64886 3.77099 
0.12488 -0.00342 0.92639 -0.53435 11.01527 3.74046 
0.13025 -0.01636 0.91565 2.77099 7.62595 2.24427 
0.12512 0.02332 0.92664 4.54962 5.49618 2.58015 
0.11487 -0.03003 0.90930 4.93893 4.73282 3.30534 
0.11816 0.01062 0.93066 5.19847 5.55725 3.88550 
0.12354 0.00562 0.94751 2.78626 7.52672 3.71756 
0.12634 0.02454 0.95923 0.40458 8.48855 2.58779 
0.12805 0.02161 0.94983 -2.06107 8.81679 0.45802 
0.10449 -0.01489 0.90967 -3.28244 8.05344 -1.30534 
0.08008 0.02405 0.89172 -0.67939 5.68702 -1.92366 
0.09131 0.01343 0.86890 2.03817 3.91603 -0.35878 
0.08594 -0.01868 0.91064 5.32824 3.22901 1.65649 
0.11340 0.01917 0.93298 2.37405 4.03053 1.27481 
0.08765 -0.01929 0.90906 -0.80153 4.38168 0.16794 
0.09949 0.00818 0.92078 1.70992 5.15267 1.37405 
0.07117 -0.00256 0.91553 4.23664 4.53435 2.73282 
0.08887 -0.00684 0.93066 6.64885 2.72519 2.31298 
0.10413 0.01331 0.93225 7.38168 1.84733 0.95420 
0.10669 0.03381 0.93091 3.35115 1.29771 -0.37405 
0.08545 0.00159 0.89551 3.48092 -0.28244 -0.32061 
0.08533 -0.01648 0.88464 4.66412 -2.77863 1.36641 
0.09375 0.04504 0.90283 9.16794 -5.31298 3.67939 
0.10791 -0.02795 0.93774 8.34351 -5.93893 3.45038 
0.11829 0.02979 0.95874 3.19084 -2.88550 2.25191 
0.10413 0.03015 0.93042 1.04580 -0.90076 0.84733 
0.12708 0.03577 0.92407 -0.73282 -0.93130 -1.51145 
0.10693 0.00635 0.90247 -3.90076 1.19084 0.54962 
0.08972 -0.02051 0.88013 -2.35115 3.12977 0.51145 
0.11377 0.02539 0.91333 -2.70992 3.19084 2.67939 
0.08972 0.03137 0.89685 -1.05344 2.72519 2.03053 
0.09485 0.04553 0.92004 -0.81679 1.60305 1.91603 
0.09253 -0.01208 0.87561 1.34351 2.48092 2.88550 
0.09119 -0.01343 0.89453 2.10687 1.30534 3.19847 
0.11548 0.04993 0.91772 1.63359 -0.74046 1.48855 
0.09290 -0.01563 0.88721 1.83969 -1.02290 1.41985 
0.10547 0.00098 0.94043 4.84733 -0.13740 2.89313 
0.11890 0.06848 0.94910 2.06870 3.35878 4.22901 
0.10193 0.01367 0.92859 4.09160 5.34351 5.14504 
0.11011 0.00684 0.92188 6.24427 3.99237 3.90840 
0.12000 -0.00513 0.95447 7.86260 1.81679 1.64885 
0.11804 -0.01196 0.92505 7.30534 0.01527 -1.29771 
0.11938 0.03210 0.94482 6.00763 -1.39695 -1.34351 
0.13391 0.04590 0.94312 2.62595 -0.23664 -0.84733 
0.10706 0.01147 0.89734 -0.38931 0.79389 0.71756 
0.09839 -0.01440 0.88086 4.21374 0.17557 -0.07634 
0.10754 0.02332 0.93713 5.22901 -1.48092 1.51908 
0.10767 0.01611 0.93127 6.65649 -0.43511 1.47328 
0.11133 0.04309 0.92419 3.96947 -0.68702 1.29008 
0.09631 0.01782 0.90784 2.51908 -0.90076 -0.07634 
0.11475 0.04309 0.91418 0.79389 0.30534 1.18321 
0.09753 0.04053 0.92114 -3.10687 2.87786 4.45038 
0.10986 0.05566 0.89429 -1.28244 4.94656 6.90076 
0.08337 0.01147 0.89868 3.89313 3.80153 5.55725 
0.10120 0.03857 0.89514 7.66412 2.44275 5.24427 
0.09119 0.02954 0.89685 5.66412 2.80916 6.79389 
0.10352 0.03870 0.92224 3.24427 4.03053 8.65649 
0.10107 0.03711 0.91724 1.63359 6.03053 10.65649 
0.08313 0.03381 0.91345 4.19847 5.86260 9.84733 
0.12891 0.04700 0.94666 4.19084 5.06107 5.55725 
0.13538 0.05139 0.93042 3.74046 5.09160 4.96947 
0.10046 0.03052 0.91150 3.70992 3.64122 3.99237 
0.09680 0.02930 0.90735 4.80916 2.25191 1.25954 
0.09937 0.05396 0.92297 5.50382 1.54198 1.03817 
0.11841 0.06042 0.94739 6.28244 2.58779 0.00000 
0.10815 0.04858 0.91943 0.33588 4.90840 -0.24427 
0.09937 0.05151 0.94019 -1.18321 4.35115 -0.92366 
0.09717 0.06299 0.90747 1.14504 3.25191 -2.70229 
0.09595 0.04395 0.87939 4.82443 2.08397 -2.70229 
0.09460 0.06409 0.94177 -0.36641 2.75573 -1.41985 
0.05798 0.06335 0.90576 -3.28244 5.25191 -1.64122 
0.07556 0.03699 0.90491 -7.07634 5.54962 -2.45802 
0.10120 0.05481 0.91101 -9.48855 9.09924 0.80153 
0.05981 0.04871 0.88098 -7.03817 9.53435 1.48092 
0.09253 0.04333 0.91370 -4.72519 6.30534 -0.27481 
0.09729 0.05359 0.91504 -5.28244 6.52672 0.17557 
0.06921 0.04285 0.85986 0.50382 1.72519 -1.87786 
0.10254 0.06006 0.92542 2.22137 -1.30534 -0.86260 
0.08142 0.00854 0.88916 4.87786 -1.56489 -2.74809 
0.12268 0.01184 0.90784 1.87786 -0.25954 -0.83969 
0.08398 0.07520 0.97107 1.86260 2.79389 -0.40458 
0.10779 0.04846 0.91614 -0.16794 4.95420 -0.51145 
0.08740 0.02966 0.90430 -2.70992 6.30534 0.50382 
0.07434 0.05957 0.91162 1.35878 5.76336 1.90840 
0.06335 0.03931 0.91309 2.54198 3.41985 2.61069 
0.07385 0.02979 0.92456 2.48855 0.50382 0.80916 
0.08899 0.04688 0.92395 5.32824 -1.03817 -1.14504 
0.08875 0.06555 0.92346 9.70992 0.95420 -1.26718 
0.09070 0.05884 0.93103 10.85496 0.65649 -1.89313 
0.09949 0.07202 0.93945 6.78626 0.59542 -1.02290 
0.07288 0.05530 0.89844 5.89313 -0.06107 -2.15267 
0.09448 0.06458 0.90759 7.06870 -3.19084 -1.75573 
0.09497 0.05164 0.90271 8.00000 -3.18321 -0.64122 
0.10522 0.05957 0.90442 7.22137 -3.13740 -1.77099 
0.10132 0.05835 0.91040 6.38931 -1.70229 -1.63359 
0.08887 0.07178 0.93445 3.62595 0.01527 -2.22901 
0.07654 0.06018 0.90527 3.63359 1.11450 -2.95420 
0.08887 0.06689 0.90479 1.07634 1.51908 -2.92366 
0.08484 0.06921 0.91736 1.25954 2.51908 -2.51145 
0.10583 0.06702 0.92175 -2.79389 4.97710 -1.63359 
0.08484 0.07507 0.93481 -4.72519 6.95420 -2.88550 
0.08032 0.06116 0.89294 -3.96947 6.33588 -4.35115 
0.06958 0.06458 0.88232 -1.12977 5.01527 -3.21374 
0.07031 0.06775 0.90991 1.79389 3.41221 -4.45038 
0.09924 0.08472 0.91992 2.12977 3.03817 -3.84733 
0.09167 0.06738 0.90588 -2.11450 5.15267 -4.38168 
0.08386 0.05896 0.89954 -3.22901 7.22901 -3.49618 
0.07690 0.08081 0.94849 -4.70229 8.32824 -2.74046 
0.07202 0.05017 0.89148 -7.77863 10.16031 -2.84733 
0.05847 0.05750 0.89844 -3.50382 6.74809 -4.87786 
0.08191 0.04321 0.92273 -3.10687 4.65649 -4.35115 
0.08545 0.05701 0.94019 -1.45802 4.15267 -4.48855 
0.13110 -0.05847 0.96643 -16.30534 2.92366 -10.26718 
0.09314 0.02686 0.92969 -7.19084 2.57252 -12.36641 
0.09741 0.07776 0.92261 -3.03053 3.11450 -8.63359 
0.05566 0.08569 0.95178 -1.51908 6.73282 -9.61069 
0.03796 0.07275 0.89319 -5.55725 3.32061 -8.12214 
0.05786 0.06982 0.89429 -5.48855 4.87786 -8.03053 
0.06177 0.03308 0.91968 -3.42748 8.12214 -6.15267 
0.04517 0.05298 0.91260 -5.90076 5.60305 -8.77099 
0.04028 0.04358 0.91382 -6.46565 3.35115 -9.16031 
0.05676 0.05493 0.90540 -6.13740 3.77863 -9.12977 
0.04626 0.06616 0.87878 -4.59542 7.55725 -5.48855 
0.04370 0.06116 0.90820 -3.79389 10.17557 -4.22137 
0.04163 0.06665 0.92517 -3.70992 10.82443 -2.34351 
0.04150 0.04175 0.90820 -3.06870 8.08397 -0.07634 
0.03394 0.04382 0.92896 -1.39695 7.12214 -0.20611 
0.03772 0.03833 0.92004 -3.09160 4.78626 -1.47328 
0.03992 0.04077 0.90930 -1.72519 5.67176 -1.22137 
0.04468 0.03931 0.91882 -2.13740 6.50382 -0.64122 
0.04639 0.03918 0.90430 -3.26718 5.83206 -0.38168 
0.04419 0.03076 0.90137 -4.15267 7.17557 0.33588 
0.04395 0.03662 0.90967 -4.18321 8.74046 0.05344 
0.04663 0.03210 0.90576 -4.10687 9.34351 0.52672 
0.10925 -0.00317 0.89685 -2.07634 10.93130 0.50382 
0.03186 0.03064 0.90869 -4.12977 11.36641 1.41985 
0.02515 0.02197 0.91638 -1.55725 11.25954 1.75573 
0.02661 0.03064 0.92468 0.17557 10.03817 1.33588 
0.02356 0.03516 0.92126 -0.19847 8.69466 0.88550 
0.01746 0.03442 0.92529 -0.69466 7.40458 0.53435 
0.01392 0.03699 0.92639 -0.64122 5.80153 0.59542 
0.01245 0.03589 0.93396 1.49618 2.64122 0.80916 
0.02344 0.02893 0.91113 0.80916 1.48855 1.11450 
0.01990 0.03369 0.92090 1.08397 1.58779 1.18321 
0.02148 0.03198 0.91040 0.40458 1.30534 1.23664 
0.01990 0.03381 0.91235 0.91603 1.37405 1.26718 
0.01477 0.03662 0.91223 0.61832 1.35115 1.44275 
0.01208 0.03589 0.91711 1.21374 1.77863 2.58015 
0.01575 0.03442 0.91199 0.84733 1.67939 2.98473 
0.01465 0.04480 0.89783 0.37405 1.56489 4.36641 
0.00977 0.04919 0.91589 1.21374 2.12214 6.42748 
0.02136 0.02710 0.91882 0.73282 1.71756 6.78626 
0.02234 0.02234 0.91174 0.30534 1.44275 6.11450 
0.01770 0.03186 0.90906 0.16031 1.42748 5.88550 
0.00623 0.04578 0.91028 0.97710 1.98473 6.31298 
0.02588 0.02356 0.92139 1.03817 2.01527 7.12214 
0.02051 0.03406 0.91711 1.93130 2.63359 7.87023 
0.01855 0.03467 0.91406 1.11450 2.11450 8.14504 
0.02136 0.02649 0.90796 0.20611 1.53435 7.20611 
0.03003 0.02344 0.90845 0.03817 1.29008 3.03053 
0.01196 0.05408 0.90942 0.38168 1.51145 -2.05344 
0.00183 0.05176 0.91760 0.37405 1.49618 -7.55725 
-0.00525 0.04858 0.91223 0.19084 1.25191 -9.12977 
-0.01904 0.00854 0.91382 0.12977 1.16031 -5.89313 
-0.00244 0.02039 0.91016 0.44275 1.73282 1.92366 
0.00403 0.03760 0.91248 0.19084 1.42748 0.65649 
-0.00061 0.03149 0.91382 0.02290 0.71756 -2.78626 
0.05701 0.02563 0.91296 -0.12214 0.84733 -6.87786 
0.06458 0.01917 0.91504 -0.06870 0.83206 -16.67175 
0.04492 0.01331 0.91199 -0.09924 1.12977 -8.66412 
0.03711 0.02271 0.91040 0.05344 1.39695 -1.22137 
0.01953 0.03467 0.91443 0.15267 1.43511 1.07634 
0.01636 0.03662 0.91223 0.17557 1.40458 0.64885 
0.01538 0.04541 0.91284 0.01527 1.16031 -4.85496 
0.01990 0.03882 0.90759 -0.02290 1.13740 -8.54198 
0.01428 0.02808 0.91443 -0.06107 1.03053 -8.02290 
0.02161 0.03040 0.91577 0.10687 1.16794 -0.66412 
0.02429 0.04236 0.90771 0.09160 1.35878 -0.06870 
0.01770 0.03845 0.91321 -0.02290 1.16794 -5.30534 
0.01648 0.02917 0.91870 -0.03817 1.06870 -7.51145 
0.02026 0.03259 0.91321 0.12977 1.16794 -5.83206 
0.01770 0.03650 0.90906 0.06870 1.16794 -5.50382 
0.01721 0.03381 0.91077 -0.09924 1.12214 -5.15267 
0.01917 0.03479 0.91516 0.01527 1.14504 -3.90076 
0.01843 0.03235 0.91101 0.07634 1.21374 -3.32824 
0.01758 0.03064 0.90649 0.02290 1.19847 -2.97710 
0.01819 0.03076 0.90930 -0.04580 1.22137 -2.41985 
0.02124 0.03552 0.91516 0.05344 1.25954 -2.03053 
0.01819 0.03394 0.91260 0.13740 1.24427 -1.78626 
0.01624 0.03540 0.90637 0.06870 1.25954 -1.63359 
0.01697 0.03430 0.91650 -0.09160 1.27481 -1.41985 
0.01709 0.03113 0.91443 0.00000 1.32061 -1.15267 
0.01953 0.03271 0.90808 0.08397 1.30534 -1.11450 
0.01807 0.03271 0.91089 0.06107 1.29771 -1.03053 
0.01721 0.03198 0.91479 0.02290 1.26718 -0.83969 
0.01526 0.03149 0.91443 0.05344 1.35115 -0.76336 
0.01440 0.03174 0.91077 0.12214 1.30534 -0.73282 
0.01465 0.03467 0.91187 0.03053 1.29771 -0.60305 
0.01721 0.03455 0.91431 -0.02290 1.29771 -0.52672 
0.01892 0.03674 0.91333 0.00000 1.30534 -0.38168 
0.01880 0.03333 0.91577 0.15267 1.27481 -0.28244 
0.01746 0.03442 0.90710 0.15267 1.26718 -0.32061 
0.01672 0.02991 0.91174 -0.05344 1.32824 -0.27481 
0.01550 0.03589 0.91772 -0.01527 1.25191 -0.14504 
0.01709 0.03430 0.91394 0.14504 1.32824 -0.06107 
0.01965 0.03479 0.91199 0.22137 1.26718 -0.04580 
0.01892 0.03394 0.90637 -0.07634 1.30534 -0.07634 
0.02002 0.03296 0.91956 -0.09160 1.32824 -0.00763 
0.01550 0.03186 0.91418 0.19847 1.36641 0.02290 
0.01685 0.03552 0.90991 0.06870 1.36641 -0.00763 
0.01733 0.03638 0.90833 0.22137 1.26718 -0.02290 
0.01270 0.03430 0.90137 -0.13740 1.27481 0.06107 
0.01196 0.03235 0.91675 -0.05344 1.24427 0.03817 
0.01624 0.03650 0.91516 0.00000 1.30534 0.18321 
0.02039 0.03674 0.91150 0.28244 1.26718 0.24427 
0.01978 0.03406 0.90161 0.11450 1.26718 0.16031 
0.02039 0.03284 0.91345 -0.06107 1.25954 0.15267 
0.01599 0.03247 0.91321 0.00763 1.28244 0.22137 
0.00903 0.03235 0.91687 0.16794 1.33588 0.20611 
0.01599 0.03931 0.91040 0.08397 1.22901 0.21374 
0.02234 0.03882 0.91125 -0.03817 1.25954 0.24427 
0.02197 0.03662 0.91455 0.03817 1.24427 0.28244 
0.01624 0.03162 0.91333 0.10687 1.30534 0.23664 
0.01660 0.02637 0.90686 0.16794 1.24427 0.27481 
0.01135 0.03235 0.91077 -0.00763 1.28244 0.26718 
0.01526 0.03589 0.92017 -0.01527 1.30534 0.32824 
0.01978 0.03918 0.92004 0.05344 1.29771 0.26718 
0.02136 0.03699 0.91370 0.23664 1.24427 0.27481 
0.01965 0.03430 0.91077 -0.02290 1.32824 0.25191 
0.01758 0.03650 0.91687 -0.38168 1.24427 0.19084 
0.01270 0.03748 0.91516 -0.20611 1.22137 0.25191 
0.00708 0.04102 0.91614 -0.16794 1.16031 0.14504 
0.00842 0.04517 0.92725 -0.34351 1.16031 0.03817 
0.01660 0.05078 0.91235 -0.90076 1.06107 -0.05344 
0.01697 0.05298 0.92395 -0.95420 0.93893 -0.02290 
0.01404 0.04614 0.93359 -1.04580 0.83969 0.12214 
0.01233 0.04907 0.91284 -1.33588 0.72519 0.08397 
0.01257 0.04297 0.91870 -1.90076 0.61832 0.05344 
0.01013 0.04382 0.92957 -2.03817 0.56489 0.08397 
0.00952 0.04309 0.92078 -2.16031 0.36641 0.12214 
0.01160 0.04211 0.92126 -2.34351 0.37405 0.06870 
0.01721 0.04358 0.91980 -2.77863 0.19084 0.07634 
0.01807 0.04395 0.92126 -2.95420 0.16794 0.11450 
0.01624 0.03589 0.92395 -3.00000 0.09924 0.25191 
0.01294 0.03870 0.91284 -3.18321 -0.01527 0.29008 
0.01355 0.03564 0.91382 -3.53435 -0.05344 0.25191 
0.01489 0.03015 0.91821 -3.71756 -0.09924 0.29008 
0.01587 0.03259 0.91565 -3.69466 -0.15267 0.32061 
0.01819 0.02759 0.92322 -3.90840 -0.22137 0.37405 
0.03662 -0.04858 0.81506 -3.63359 -0.15267 0.30534 
0.06714 -0.11499 0.93372 -0.34351 1.38168 -0.06107 
0.08276 -0.09338 0.73792 -0.16031 1.19847 -0.51145 
0.06616 -0.04395 0.87024 1.35115 2.40458 -0.17557 
0.02661 0.01685 0.98962 1.41221 2.17557 0.21374 
-0.00464 0.08057 0.90430 2.52672 2.04580 -0.13740 
0.00195 0.03796 0.97168 3.97710 2.59542 -0.17557 
0.00330 0.03076 0.94653 1.32061 1.51145 -0.03817 
0.00183 0.07397 0.84717 -0.22137 1.42748 -0.19084 
0.01074 0.04309 0.98975 0.47328 1.79389 0.07634 
0.01196 0.04810 0.93616 0.74809 0.98473 0.08397 
0.02222 0.07349 0.81323 0.00763 1.10687 -0.71756 
0.03955 0.03906 0.95959 -1.51145 1.18321 -0.52672 
0.02332 0.04065 0.99219 -2.13740 0.58015 0.19847 
-0.00940 0.05518 0.87939 -0.80153 0.67176 0.22137 
-0.00378 0.02234 0.95410 -1.22901 0.77099 0.17557 
0.01086 0.02344 0.89709 -2.99237 0.11450 0.05344 
0.04639 -0.03699 0.86877 -1.03817 0.77863 0.25191 
0.06433 -0.06384 0.93103 0.35115 0.63359 0.06870 
0.06372 -0.01831 0.73486 0.76336 1.32824 -0.33588 
0.06152 -0.01379 0.94946 0.74809 2.19847 -0.06870 
0.01147 0.04468 0.90930 0.19084 1.38168 0.37405 
-0.01526 0.06519 0.91541 2.18321 2.01527 0.12977 
-0.00720 0.02075 0.95569 2.17557 1.87023 0.32061 
-0.00049 0.04150 0.90088 -0.21374 1.16794 0.07634 
0.01526 0.05261 0.93298 -0.56489 1.43511 0.25191 
0.02393 0.02441 0.99316 0.02290 1.25191 0.29771 
0.02026 0.04651 0.88135 0.12214 0.87023 0.13740 
0.03284 0.04285 0.86353 -0.47328 1.14504 0.19847 
0.03540 0.01855 0.96350 -1.54962 0.98473 0.64122 
0.01404 0.01074 0.87463 -0.93130 0.72519 1.12977 
0.00952 -0.00989 0.93530 1.12977 1.56489 1.03053 
0.02441 -0.00464 0.87402 -0.10687 0.97710 0.58779 
0.03662 0.00842 0.86292 -0.38931 1.41221 0.52672 
0.04028 0.01660 0.97632 0.45038 1.50382 0.99237 
0.02966 0.04272 0.87878 1.00763 1.29771 0.81679 
0.01758 0.03821 0.90100 0.77099 1.66412 0.83969 
0.01135 0.01697 0.94568 -0.00763 1.45038 0.89313 
0.00110 0.02429 0.91309 -0.35878 1.10687 0.88550 
0.00781 0.02307 0.93054 0.54198 1.41985 0.90840 
0.02319 0.02722 0.91565 0.08397 1.16031 0.83206 
0.03137 0.04077 0.89258 -0.52672 1.14504 0.73282 
0.03894 0.03394 0.94812 -0.29771 1.24427 0.88550 
0.02490 0.02441 0.91211 -0.11450 1.05344 1.03053 
0.01672 0.01367 0.88818 0.46565 1.26718 0.90840 
0.01196 0.00000 0.92493 -0.36641 1.25191 0.90076 
0.01538 0.00415 0.89001 -0.22901 1.18321 0.84733 
0.02295 0.01001 0.92542 0.29008 1.38168 0.90076 
0.03101 0.03174 0.90466 0.16794 1.33588 0.77863 
0.03589 0.03369 0.90100 0.31298 1.44275 0.80916 
0.02600 0.02905 0.93799 -0.05344 1.34351 1.09924 
0.01147 0.02637 0.91150 0.04580 1.23664 1.12214 
0.00818 0.01624 0.91809 0.21374 1.36641 0.95420 
0.01685 0.01929 0.90234 -0.14504 1.18321 0.82443 
0.02258 0.01855 0.90820 -0.08397 1.24427 0.93130 
0.03308 0.02197 0.92578 0.08397 1.33588 0.84733 
0.03235 0.02527 0.90967 0.11450 1.31298 0.93130 
0.02820 0.02148 0.91125 0.07634 1.32061 0.99237 
0.01404 0.01733 0.91504 -0.12977 1.32061 1.07634 
0.01062 0.01746 0.91284 0.10687 1.32061 1.08397 
0.01611 0.01941 0.91296 0.29771 1.35878 0.95420 
0.02051 0.02515 0.90393 0.07634 1.24427 0.84733 
0.02942 0.02905 0.91724 -0.08397 1.22901 0.93130 
0.02710 0.02637 0.91602 -0.00763 1.28244 1.00000 
0.02686 0.02332 0.91345 0.15267 1.32824 0.98473 
0.01929 0.02063 0.91248 0.12977 1.30534 1.05344 
0.01514 0.01611 0.90894 -0.12977 1.21374 0.98473 
0.01758 0.01563 0.91943 -0.04580 1.26718 0.95420 
0.02026 0.01758 0.91357 0.25191 1.30534 0.97710 
0.02661 0.02161 0.90320 0.18321 1.28244 0.94656 
0.02893 0.02490 0.91382 0.03817 1.29008 0.93130 
0.02612 0.02173 0.91736 -0.09160 1.32824 1.03817 
0.01807 0.02393 0.91370 0.16031 1.35878 1.03053 
0.01160 0.02612 0.91467 0.07634 1.31298 0.93893 
0.01379 0.02869 0.90930 -0.10687 1.28244 0.84733 
0.02051 0.02612 0.92065 -0.14504 1.22137 0.93130 
0.02527 0.02258 0.91589 -0.05344 1.22137 0.94656 
0.02527 0.01733 0.90991 0.00763 1.19847 0.94656 
0.02795 0.01758 0.90784 -0.02290 1.22901 0.97710 
0.02576 0.01416 0.90955 -0.06870 1.29008 1.06107 
0.02246 0.01465 0.91479 0.21374 1.30534 1.02290 
0.01990 0.02063 0.91577 0.41985 1.39695 1.04580 
0.01648 0.02539 0.90674 0.29771 1.34351 1.03053 
0.01404 0.02563 0.91516 0.06107 1.31298 0.96947 
0.02173 0.02649 0.91956 0.09924 1.32061 0.92366 
0.02393 0.02698