0623 0.02625 0.91492 0.10687 1.28244 1.19847 
0.00977 0.02100 0.90710 0.05344 1.29771 1.19084 
0.01208 0.01819 0.90674 0.01527 1.32061 1.24427 
0.01501 0.01794 0.91260 0.09924 1.31298 1.23664 
0.01538 0.02539 0.91113 0.10687 1.26718 1.24427 
0.01331 0.02881 0.91211 0.15267 1.37405 1.19847 
0.00952 0.02502 0.91467 0.11450 1.35878 1.27481 
0.00745 0.02246 0.91345 0.13740 1.36641 1.24427 
0.00732 0.02124 0.91406 0.09160 1.35115 1.24427 
0.00830 0.02197 0.91516 0.06107 1.27481 1.22137 
0.01111 0.02588 0.91138 0.16031 1.25954 1.21374 
0.01587 0.02881 0.91040 0.05344 1.29008 1.21374 
0.01489 0.02197 0.90869 0.04580 1.25191 1.27481 
0.01379 0.02087 0.91223 0.00763 1.31298 1.25191 
0.01416 0.01990 0.91492 0.01527 1.32824 1.23664 
0.01331 0.02417 0.91248 0.10687 1.38168 1.25954 
0.00989 0.02173 0.91199 0.10687 1.40458 1.24427 
0.00879 0.02417 0.91418 0.06107 1.31298 1.22137 
0.00952 0.02515 0.91052 0.09924 1.40458 1.20611 
0.01404 0.02551 0.91455 0.04580 1.30534 1.23664 
0.01135 0.01941 0.91321 0.03053 1.24427 1.20611 
0.01306 0.02319 0.91357 0.12977 1.32824 1.22901 
0.01355 0.02271 0.91174 0.10687 1.38931 1.23664 
0.01013 0.02087 0.91260 0.10687 1.34351 1.22901 
0.01233 0.02258 0.91199 0.08397 1.30534 1.22901 
0.01135 0.02454 0.91833 0.06870 1.30534 1.22901 
0.01038 0.02112 0.91833 0.11450 1.31298 1.27481 
0.01013 0.01721 0.91418 0.23664 1.33588 1.19084 
0.01013 0.02319 0.91052 0.19847 1.36641 1.22901 
0.01123 0.02612 0.91187 0.16031 1.36641 1.25954 
0.01111 0.02490 0.91455 0.12977 1.32824 1.27481 
0.01025 0.02271 0.91223 0.11450 1.38931 1.15267 
0.01270 0.02258 0.91003 0.05344 1.26718 1.19084 
0.01257 0.02087 0.91663 -0.03053 1.22901 1.24427 
0.00952 0.02002 0.91565 0.11450 1.32824 1.25191 
0.01025 0.02515 0.91113 0.18321 1.38931 1.28244 
0.01318 0.02893 0.91187 0.12977 1.35115 1.26718 
0.01111 0.02356 0.91199 0.03053 1.19084 1.25191 
0.01331 0.02356 0.91211 0.05344 1.25191 1.22901 
0.01172 0.02112 0.91724 0.04580 1.30534 1.22901 
0.01001 0.02100 0.91003 0.09160 1.29771 1.22137 
0.01147 0.02466 0.91504 0.09924 1.29008 1.25191 
0.01208 0.02356 0.91663 0.13740 1.29771 1.21374 
0.01196 0.02405 0.91162 0.20611 1.36641 1.19847 
0.01111 0.02246 0.91089 0.16031 1.37405 1.24427 
0.01062 0.02515 0.91016 0.11450 1.35878 1.23664 
0.00940 0.02209 0.91370 0.04580 1.29771 1.22137 
0.00830 0.02454 0.91418 0.09924 1.35115 1.29008 
0.00940 0.02368 0.91260 0.06870 1.33588 1.27481 
0.01282 0.02136 0.91309 0.05344 1.29008 1.30534 
0.01416 0.02136 0.91235 -0.03053 1.25191 1.25954 
0.01477 0.01758 0.91541 0.12214 1.31298 1.25191 
0.01343 0.02563 0.91174 0.18321 1.32061 1.20611 
0.01013 0.02454 0.91589 0.04580 1.26718 1.26718 
0.00940 0.02576 0.91882 0.08397 1.24427 1.22901 
0.01208 0.02405 0.91504 0.09160 1.36641 1.22137 
0.01025 0.02307 0.91101 0.08397 1.41221 1.28244 
0.01099 0.01794 0.91199 0.00000 1.25191 1.24427 
0.01221 0.02600 0.91675 0.04580 1.19847 1.24427 
0.01648 0.02625 0.91687 0.15267 1.27481 1.22901 
0.01135 0.02673 0.91187 0.12214 1.32824 1.23664 
0.00977 0.02197 0.91089 0.10687 1.29771 1.18321 
0.00623 0.02319 0.90942 0.16031 1.34351 1.19847 
0.01001 0.02173 0.91138 0.03817 1.32824 1.27481 
0.01062 0.02124 0.91052 0.04580 1.25954 1.30534 
0.01233 0.02466 0.91296 0.02290 1.26718 1.23664 
0.01746 0.02576 0.91357 0.09924 1.30534 1.27481 
0.01331 0.02551 0.91553 0.13740 1.37405 1.27481 
0.01257 0.02136 0.90649 0.12977 1.36641 1.22137 
0.00842 0.02271 0.91016 0.06870 1.29008 1.21374 
0.00659 0.02515 0.91516 0.06870 1.22901 1.25191 
0.00659 0.02271 0.91943 -0.02290 1.24427 1.21374 
0.01355 0.02527 0.91321 0.12977 1.35115 1.16031 
0.01501 0.02698 0.90967 0.11450 1.24427 1.25954 
0.01245 0.02466 0.91418 0.04580 1.24427 1.23664 
0.01221 0.02063 0.91284 0.03817 1.34351 1.25191 
0.01172 0.02344 0.91357 0.13740 1.29771 1.19847 
0.01050 0.02246 0.90820 0.05344 1.33588 1.26718 
0.00916 0.02368 0.91614 -0.04580 1.32061 1.23664 
0.01306 0.02405 0.91858 0.15267 1.34351 1.21374 
0.01245 0.02332 0.90942 0.19084 1.39695 1.23664 
0.01001 0.02405 0.90869 0.08397 1.34351 1.22137 
0.00940 0.02063 0.90942 0.07634 1.33588 1.24427 
0.01147 0.02429 0.91736 0.11450 1.29771 1.28244 
0.00977 0.02209 0.90918 0.20611 1.36641 1.25954 
0.01392 0.02478 0.90759 0.19847 1.40458 1.23664 
0.01563 0.02454 0.90991 0.07634 1.27481 1.25191 
0.01196 0.02161 0.91162 0.09924 1.34351 1.24427 
0.00830 0.02258 0.90894 0.14504 1.40458 1.22901 
0.00281 0.02490 0.91272 0.03053 1.24427 1.19847 
0.00562 0.02087 0.91724 -0.09924 1.18321 1.25191 
0.01208 0.02148 0.91931 -0.06870 1.25954 1.25191 
0.01843 0.02515 0.91589 0.08397 1.35115 1.18321 
0.02112 0.02295 0.90857 0.00763 1.26718 1.22137 
0.01636 0.02112 0.91406 0.00000 1.25191 1.23664 
0.01379 0.02209 0.91626 0.05344 1.34351 1.17557 
0.00818 0.02246 0.90845 0.17557 1.41221 1.23664 
0.00330 0.02148 0.91077 0.12214 1.35115 1.29008 
0.00928 0.02368 0.91565 0.05344 1.27481 1.21374 
0.01611 0.02344 0.91785 0.15267 1.34351 1.23664 
0.01599 0.02515 0.91333 0.21374 1.37405 1.25954 
0.01477 0.02429 0.90674 0.22901 1.40458 1.16031 
0.01111 0.02295 0.90869 0.13740 1.37405 1.20611 
0.00293 0.02625 0.91418 -0.03053 1.25191 1.25191 
0.00061 0.02148 0.92175 0.04580 1.35115 1.30534 
0.00769 0.02075 0.91516 0.11450 1.38168 1.29008 
0.01477 0.02429 0.90820 0.06870 1.29008 1.25954 
0.01807 0.02087 0.91235 0.03053 1.24427 1.32061 
0.01685 0.02185 0.91150 0.01527 1.34351 1.24427 
0.01367 0.02332 0.91284 0.16794 1.37405 1.23664 
0.00842 0.02356 0.90747 0.13740 1.38931 1.26718 
0.00647 0.02295 0.91003 0.03053 1.29008 1.23664 
0.00879 0.02332 0.91284 0.08397 1.29771 1.25191 
0.01160 0.02576 0.90710 0.04580 1.30534 1.20611 
0.01794 0.02600 0.91357 0.06870 1.27481 1.25954 
0.01770 0.02209 0.91052 0.05344 1.32061 1.22901 
0.01379 0.02112 0.91113 0.11450 1.38931 1.17557 
0.00720 0.02124 0.90906 0.17557 1.36641 1.25954 
0.00330 0.02148 0.90930 0.08397 1.28244 1.22901 
0.00903 0.02283 0.91260 0.06870 1.26718 1.25191 
0.00977 0.02820 0.91272 0.08397 1.41985 1.21374 
0.01257 0.02234 0.91504 0.05344 1.32061 1.25191 
0.01477 0.01917 0.91443 -0.03053 1.29008 1.25954 
0.01746 0.02075 0.91846 0.01527 1.27481 1.24427 
0.01025 0.01990 0.91370 0.12977 1.34351 1.25191 
0.00940 0.02344 0.90784 0.11450 1.32061 1.24427 
0.00854 0.02747 0.91333 0.00763 1.22901 1.30534 
0.01099 0.02332 0.91846 0.02290 1.23664 1.21374 
0.01550 0.02356 0.91748 0.14504 1.34351 1.19847 
0.01282 0.01770 0.91089 0.16031 1.29771 1.21374 
0.01001 0.02466 0.91565 0.06107 1.25191 1.18321 
0.01038 0.02710 0.91394 0.09160 1.27481 1.27481 
0.01038 0.02539 0.91101 0.08397 1.37405 1.22137 
0.00903 0.02124 0.91345 0.12977 1.31298 1.27481 
0.01660 0.02148 0.90942 0.05344 1.34351 1.21374 
0.01660 0.02209 0.91296 0.10687 1.30534 1.24427 
0.01123 0.02234 0.91296 0.17557 1.34351 1.27481 
0.01111 0.02563 0.91638 0.12977 1.34351 1.20611 
0.01208 0.02454 0.90881 0.13740 1.35115 1.17557 
0.00964 0.02148 0.91101 0.10687 1.38168 1.25191 
0.01257 0.01880 0.91431 0.11450 1.32824 1.25954 
0.01428 0.02258 0.91479 0.15267 1.33588 1.17557 
0.01123 0.02600 0.91113 0.16031 1.29008 1.25954 
0.01025 0.02393 0.91113 0.08397 1.29008 1.14504 
0.01038 0.02356 0.91101 0.03053 1.27481 1.19847 
0.02014 -0.00842 0.92651 -3.86260 0.38168 1.17557 
0.01086 0.01953 0.91089 -1.06870 1.01527 1.22901 
0.01501 0.01965 0.91748 -0.22901 1.12977 1.25954 
0.01111 0.02563 0.91382 0.16794 1.34351 1.25191 
0.01379 0.02441 0.91150 0.19084 1.38931 1.22137 
0.01331 0.01917 0.90601 0.31298 1.35878 1.16031 
0.01294 0.01941 0.91602 0.80916 1.38931 1.28244 
0.01147 0.02441 0.90857 1.11450 1.55725 1.21374 
0.01135 0.02356 0.91003 0.24427 1.38168 1.21374 
0.01233 0.02502 0.90857 0.10687 1.36641 1.19084 
0.01123 0.02161 0.91235 -0.00763 1.28244 1.22137 
0.01282 0.02148 0.91699 0.06107 1.32061 1.20611 
0.00647 0.02332 0.91077 0.20611 1.32824 1.24427 
0.01306 0.02039 0.91492 0.24427 1.36641 1.23664 
0.01062 0.02271 0.91516 0.08397 1.31298 1.18321 
0.01270 0.02197 0.91309 0.06870 1.32061 1.19847 
0.01489 0.02014 0.90723 0.12214 1.28244 1.24427 
0.01416 0.01904 0.90894 0.04580 1.28244 1.22137 
0.01135 0.02405 0.90967 0.06107 1.37405 1.24427 
0.01013 0.02393 0.90979 0.09160 1.39695 1.18321 
0.00647 0.02356 0.91284 0.06107 1.29008 1.20611 
0.00940 0.02014 0.91113 0.00000 1.22137 1.25191 
0.01099 0.01831 0.91650 0.10687 1.35115 1.26718 
0.01501 0.02405 0.91296 0.13740 1.29008 1.29008 
0.01465 0.02295 0.91382 -0.05344 1.22137 1.26718 
0.01306 0.02637 0.91382 -0.52672 1.17557 1.27481 
0.00989 0.02429 0.91016 -0.35115 1.22137 1.19847 
0.00598 0.02246 0.91272 -0.16031 1.25954 1.19084 
0.00964 0.01929 0.91162 0.09924 1.20611 1.24427 
0.01306 0.02271 0.91431 0.70992 1.41985 1.21374 
0.01587 0.02637 0.91113 0.58015 1.46565 1.26718 
0.01514 0.02625 0.91333 0.21374 1.30534 1.19847 
0.01233 0.02380 0.90845 0.06107 1.27481 1.22137 
0.01086 0.01770 0.91211 -0.05344 1.29008 1.25191 
0.00610 0.02112 0.90698 -0.19847 1.24427 1.19084 
0.01013 0.02014 0.91455 -0.09924 1.30534 1.25954 
0.01013 0.02502 0.91626 0.25954 1.37405 1.27481 
0.01636 0.02283 0.91162 0.67939 1.52672 1.22137 
0.01697 0.02344 0.91248 1.02290 1.61069 1.24427 
0.01233 0.02478 0.91467 0.39695 1.38168 1.23664 
0.00854 0.02905 0.91113 0.25191 1.46565 1.26718 
0.00110 0.02112 0.90906 0.19847 1.44275 1.19847 
0.00415 0.02356 0.91064 -0.06870 1.36641 1.23664 
0.01160 0.02271 0.91687 0.00000 1.22901 1.24427 
0.01721 0.02527 0.91479 0.16031 1.36641 1.31298 
0.01453 0.02405 0.91077 0.17557 1.35878 1.28244 
0.01306 0.02393 0.91125 -0.13740 1.24427 1.25954 
0.00989 0.02222 0.91504 -0.03053 1.37405 1.16794 
0.00439 0.02087 0.91321 0.10687 1.44275 1.22901 
0.00806 0.02075 0.91235 0.48092 1.48855 1.19847 
0.01062 0.02527 0.91223 0.41985 1.44275 1.25954 
0.01379 0.02393 0.91187 0.45038 1.40458 1.25191 
0.01599 0.02283 0.91602 0.38931 1.48092 1.24427 
0.01611 0.02039 0.90820 0.30534 1.38168 1.21374 
0.01306 0.02393 0.91321 0.30534 1.39695 1.25191 
0.00781 0.02087 0.91272 -0.06870 1.25954 1.22901 
0.00574 0.02405 0.91113 0.16031 1.23664 1.30534 
0.00732 0.02795 0.91235 0.34351 1.34351 1.19847 
0.01086 0.02515 0.90796 0.22901 1.26718 1.28244 
0.01721 0.02344 0.91199 -0.32061 1.13740 1.19847 
0.01306 0.01758 0.91479 -0.92366 1.09160 1.21374 
0.01111 0.02393 0.91699 -0.02290 1.35115 1.22901 
0.01001 0.02588 0.91162 0.24427 1.35115 1.21374 
0.00769 0.02869 0.91577 0.25954 1.35878 1.25191 
0.01270 0.02405 0.91382 -0.00763 1.32061 1.27481 
0.01221 0.02283 0.91626 0.40458 1.50382 1.20611 
0.01587 0.02234 0.91455 0.27481 1.35878 1.22901 
0.00916 0.02014 0.91296 0.01527 1.29008 1.25191 
0.01062 0.02588 0.91138 -0.06107 1.29008 1.22137 
0.00793 0.02539 0.90881 -0.08397 1.29008 1.22137 
0.01025 0.02563 0.91150 0.00763 1.32824 1.20611 
0.01501 0.02393 0.91272 0.14504 1.28244 1.22137 
0.01270 0.02063 0.91284 0.13740 1.42748 1.19084 
0.01038 0.02063 0.91003 -0.02290 1.28244 1.25191 
0.00916 0.02197 0.91394 -0.19847 1.18321 1.22137 
0.00745 0.02173 0.91235 -0.16031 1.22137 1.21374 
0.01233 0.02368 0.91418 -0.07634 1.23664 1.22901 
0.01318 0.02478 0.91113 0.10687 1.34351 1.24427 
0.01135 0.02563 0.90869 0.11450 1.33588 1.22901 
0.01343 0.02490 0.91321 0.22137 1.42748 1.22901 
0.01099 0.01929 0.91443 0.22901 1.42748 1.18321 
0.00952 0.01917 0.91980 0.24427 1.36641 1.19847 
0.01001 0.02612 0.90881 0.22137 1.37405 1.29008 
0.01086 0.02747 0.91187 0.03817 1.26718 1.30534 
0.01111 0.02698 0.91089 0.11450 1.27481 1.27481 
0.01404 0.02380 0.91248 0.20611 1.35115 1.19847 
0.01636 0.01868 0.91296 0.32824 1.51145 1.19847 
0.01367 0.02075 0.91211 0.12214 1.44275 1.26718 
0.00696 0.02368 0.91174 0.03817 1.28244 1.29008 
0.00732 0.02588 0.91016 0.03053 1.30534 1.23664 
0.00732 0.02441 0.91052 0.15267 1.35878 1.24427 
0.01038 0.02368 0.90967 0.10687 1.32824 1.16031 
0.01233 0.01770 0.91553 0.05344 1.24427 1.25954 
0.01489 0.02368 0.91235 0.19084 1.35115 1.24427 
0.01611 0.02490 0.91431 0.35115 1.40458 1.23664 
0.01331 0.02429 0.90845 0.45802 1.45802 1.16794 
0.00781 0.02490 0.91235 0.37405 1.45038 1.16794 
0.00574 0.02087 0.91406 0.20611 1.35878 1.17557 
0.00940 0.01990 0.91589 0.44275 1.40458 1.25191 
0.01062 0.02429 0.91345 0.36641 1.45802 1.22901 
0.01404 0.02271 0.91064 0.06870 1.38168 1.26718 
0.01013 0.02917 0.91028 -0.04580 1.24427 1.22137 
0.00964 0.03748 0.91479 0.06870 1.29771 1.00763 
0.01025 0.05176 0.91223 0.11450 1.32061 0.32061 
0.01013 0.05396 0.90515 0.09160 1.40458 1.64885 
0.01770 0.07166 0.91138 0.07634 1.38931 3.73282 
0.01636 0.11267 0.91345 0.09160 1.37405 4.99237 
0.00244 0.19836 0.90991 0.22137 1.51145 7.36641 
0.01123 0.13940 0.90491 0.16794 1.38168 0.51145 
0.00940 0.08887 0.90491 0.09924 1.32061 2.70229 
0.01099 0.06812 0.91736 0.03817 1.32061 2.69466 
0.00391 0.02063 0.91724 0.09160 1.19084 -3.58015 
0.00720 0.06616 0.91589 0.20611 1.51145 6.48855 
0.01135 0.11377 0.91077 0.09924 1.32824 2.76336 
0.00793 0.07324 0.91565 0.16794 1.50382 10.70992 
-0.02734 0.04333 0.90698 0.22901 1.59542 18.19847 
0.04736 0.16003 0.91248 0.11450 1.34351 3.34351 
0.01941 0.18030 0.91016 0.10687 1.16794 -0.17557 
0.04504 0.06262 0.90479 0.35878 1.74046 13.66412 
-0.01392 -0.00293 0.90332 0.38168 1.68702 14.68702 
-0.00549 0.01758 0.91162 0.24427 1.38931 14.88550 
-0.01868 0.00586 0.92163 0.46565 1.91603 28.22137 
0.00415 0.10364 0.90967 0.61069 2.07634 28.57252 
0.01147 0.19666 0.89612 0.55725 1.99237 27.19847 
0.00574 0.19067 0.90430 0.33588 1.59542 19.84733 
0.07117 0.13647 0.92175 0.30534 1.36641 5.21374 
0.02161 0.07483 0.92090 0.27481 1.30534 -3.41221 
0.00769 0.04492 0.89868 0.42748 1.31298 -5.76336 
-0.02222 -0.01587 0.90625 0.22901 1.25191 -1.58779 
0.02136 0.11646 1.02478 -10.00763 0.00763 7.69466 
-0.02136 0.11365 0.98132 -8.31298 0.69466 6.97710 
-0.01294 0.09277 0.91321 0.24427 1.64885 9.94656 
-0.04309 0.10864 0.91150 0.52672 1.58779 16.79389 
0.03918 -0.00586 0.92444 0.91603 2.09924 33.50382 
-0.00793 0.10681 0.94373 -0.58779 2.59542 38.01527 
0.09192 0.10168 0.89771 1.74046 2.66412 38.56488 
0.01733 0.13501 0.90540 0.33588 1.98473 24.97710 
0.03308 0.09729 0.90881 0.63359 1.74046 15.70992 
0.05029 0.07886 0.91187 0.65649 1.52672 12.68702 
0.13513 0.72705 0.84155 6.93130 1.77099 7.16031 
-0.00562 -0.01660 0.91260 0.77863 1.27481 -2.15267 
0.04004 0.14551 0.90491 0.33588 0.88550 -23.22901 
0.00293 0.10657 0.90710 0.22901 0.33588 -37.93893 
0.03687 0.06714 0.92493 0.10687 0.24427 -44.00763 
0.04163 0.00183 0.90930 0.08397 0.47328 -45.61832 
0.06799 -0.07104 0.90723 0.05344 0.08397 -47.48855 
0.02734 0.00879 0.92273 0.01527 0.00000 -41.87023 
-0.05322 -0.09607 0.92395 0.29771 0.78626 -30.46565 
0.00220 0.03357 0.91162 0.33588 1.21374 -15.18321 
-0.02673 0.08618 0.89539 0.45802 1.13740 -9.00000 
-0.02832 -0.11157 0.90527 0.72519 1.60305 6.64885 
-0.06104 -0.10925 0.91858 0.95420 1.93130 11.53435 
0.02588 -0.11365 0.91199 0.70229 1.90840 25.93893 
0.05688 -0.01599 0.92578 0.81679 2.51908 52.00763 
-0.00806 0.00806 0.90869 0.87023 2.63359 53.03053 
0.10266 0.01318 0.91394 0.93130 2.64122 56.96183 
0.04980 0.16565 0.90894 0.30534 2.09160 48.87786 
0.11353 0.24731 0.91016 -0.11450 1.13740 0.81679 
0.11157 0.15759 0.86084 -0.37405 0.53435 -38.01527 
0.10974 0.41589 0.89819 0.45038 1.30534 -14.19847 
-0.02771 0.00623 0.92969 -0.36641 0.33588 -24.98473 
-0.00964 -0.09656 0.91553 0.01527 0.93130 -22.51908 
0.01819 -0.04675 0.93677 -0.21374 0.59542 -34.85496 
-0.08875 -0.00305 0.91541 0.06870 0.70992 -18.10687 
-0.00513 -0.03320 0.93164 -0.01527 0.96183 -10.72519 
0.02893 0.09229 0.91003 -0.09160 1.16031 -13.48855 
0.01318 0.02490 0.90649 -0.16031 1.03053 -13.03053 
-0.00610 -0.04236 0.90344 -0.08397 1.03053 -10.81679 
-0.03101 -0.00037 0.91907 0.23664 1.06870 1.38168 
0.02136 0.07800 0.91333 0.39695 1.35115 3.29771 
0.05396 -0.01184 0.92102 0.10687 1.10687 -4.22137 
0.02209 -0.01074 0.92566 0.07634 1.07634 -13.80916 
0.03003 0.02808 0.91248 0.11450 1.19847 -12.99237 
0.00537 -0.02649 0.90820 0.19847 1.29771 -8.11450 
-0.00171 -0.14221 0.91772 0.32824 1.27481 -6.94656 
0.00305 -0.17041 0.91846 0.00000 0.80916 -14.39695 
-0.01013 -0.14185 0.91589 0.16031 0.85496 -20.76336 
0.01453 -0.22510 0.92188 -0.08397 0.70229 -17.96947 
0.03357 -0.22302 0.91663 0.58779 1.31298 -13.34351 
0.04211 -0.15698 0.92822 0.52672 1.55725 -2.59542 
0.00830 -0.00256 0.91248 0.32824 1.54962 -9.35878 
-0.01147 -0.00562 0.91748 0.22901 1.45038 -6.83206 
-0.02197 -0.00903 0.90906 0.10687 1.29771 -4.13740 
-0.00757 0.04834 0.91541 0.12214 1.09924 -2.09160 
0.01587 0.09277 0.91614 -0.14504 0.96183 -4.49618 
0.04175 0.12439 0.90540 -0.25191 0.93130 -8.88550 
0.04285 0.10071 0.90710 -0.17557 1.12977 -9.29771 
0.01563 0.03589 0.90588 0.20611 1.36641 -4.85496 
-0.01294 0.00452 0.91565 0.35115 1.43511 -1.51145 
-0.01465 -0.01538 0.92273 0.32061 1.39695 3.30534 
-0.00037 0.06201 0.91565 0.14504 1.22137 0.08397 
0.02319 0.07678 0.90503 0.10687 1.06870 -5.25191 
0.03613 -0.03369 0.90845 0.16794 1.09924 -4.51908 
0.03064 -0.06726 0.91638 0.23664 1.34351 1.08397 
0.00049 0.00171 0.92285 0.16794 1.45802 4.27481 
-0.01306 0.02869 0.91211 0.07634 1.53435 -2.67176 
-0.01123 0.02100 0.90625 0.03817 1.17557 -5.81679 
0.00281 0.00537 0.90991 0.06870 0.93130 -5.62595 
0.02869 0.01270 0.91675 0.09160 1.16794 -2.31298 
0.03210 0.03735 0.91199 0.09160 1.36641 0.48092 
0.01770 0.01062 0.90979 0.16031 1.38168 2.67939 
0.00110 0.00342 0.91541 0.17557 1.41221 2.04580 
-0.01001 0.01270 0.91443 0.15267 1.41221 0.77099 
-0.00562 0.02393 0.91199 0.09160 1.24427 0.48092 
0.01367 0.02820 0.91406 0.08397 1.17557 0.81679 
0.02966 0.03064 0.91382 0.04580 1.18321 1.41985 
0.03430 0.00281 0.91443 0.06107 1.31298 1.61069 
0.02014 0.01953 0.91406 0.09924 1.49618 1.51145 
-0.00220 0.02673 0.90588 0.14504 1.51908 1.47328 
-0.01392 0.02820 0.91187 0.15267 1.45038 1.68702 
-0.00977 0.02661 0.91382 0.19847 1.26718 1.72519 
0.00708 0.02820 0.92065 0.18321 1.16794 1.58015 
0.02881 0.02832 0.91162 0.03817 1.25191 1.61069 
0.03735 0.02795 0.91138 0.03053 1.33588 1.61832 
0.02417 0.02991 0.90759 0.09160 1.37405 1.43511 
0.00171 0.02930 0.90955 0.09160 1.50382 1.27481 
-0.01416 0.02698 0.91626 0.11450 1.48092 1.24427 
-0.00989 0.02637 0.90723 0.14504 1.22137 1.19084 
0.00378 0.02734 0.91052 0.24427 1.19847 1.18321 
0.02258 0.03259 0.91345 0.19084 1.16031 1.34351 
0.03516 0.03296 0.91248 0.15267 1.22137 1.33588 
0.03247 0.02966 0.91846 0.12214 1.39695 1.16794 
0.00842 0.02710 0.91235 0.10687 1.46565 1.12977 
-0.00977 0.02527 0.90869 0.06107 1.43511 1.25191 
-0.01123 0.02429 0.91064 0.13740 1.38168 1.19847 
-0.00012 0.03027 0.91150 0.12214 1.25954 1.20611 
0.01501 0.03467 0.91260 0.17557 1.23664 1.27481 
0.02783 0.03052 0.91406 0.09160 1.33588 1.27481 
0.02563 0.02771 0.91772 0.00763 1.32824 1.21374 
0.00989 0.02454 0.91113 0.11450 1.40458 1.25191 
0.00037 0.02490 0.90881 0.09160 1.41985 1.19084 
-0.00464 0.02734 0.91382 0.16794 1.29008 1.22137 
0.00366 0.03235 0.91235 0.16031 1.22901 1.23664 
0.01453 0.03186 0.91345 0.16031 1.22137 1.26718 
0.02283 0.02881 0.91235 0.14504 1.27481 1.26718 
0.02307 0.02673 0.91174 0.23664 1.32824 1.22901 
0.01306 0.02600 0.91272 0.10687 1.37405 1.24427 
0.00024 0.02783 0.91638 0.11450 1.38931 1.25954 
-0.00037 0.02942 0.91394 0.01527 1.34351 1.25191 
0.00598 0.03076 0.90967 0.06870 1.33588 1.28244 
0.01306 0.02649 0.91162 0.11450 1.28244 1.24427 
0.01465 0.02722 0.91052 0.03817 1.31298 1.25191 
0.01685 0.02539 0.91272 0.11450 1.32824 1.39695 
0.01245 0.02515 0.91418 0.08397 1.30534 1.47328 
0.00513 0.02734 0.91675 0.04580 1.41985 1.45038 
0.00281 0.03125 0.91223 0.00000 1.41221 1.50382 
0.00391 0.02710 0.90747 0.06870 1.33588 1.58779 
0.01038 0.02307 0.91638 0.09160 1.29771 1.73282 
0.01477 0.02258 0.91406 0.07634 1.32824 1.93130 
0.01648 0.02539 0.91199 0.07634 1.43511 2.13740 
0.01367 0.02783 0.90723 0.10687 1.40458 2.38931 
0.00989 0.02783 0.91333 0.15267 1.27481 2.51145 
0.00500 0.02466 0.91248 0.16794 1.41985 2.71756 
0.00671 0.01477 0.91479 0.03817 1.33588 3.19084 
0.01172 0.00708 0.91016 0.02290 1.32061 3.13740 
0.02356 0.00537 0.90674 0.06107 1.34351 2.13740 
0.02344 0.00732 0.90906 0.03817 1.34351 0.29008 
0.02148 0.01245 0.91235 0.12214 1.29771 -0.77863 
0.01208 0.01233 0.91248 0.18321 1.29771 -0.47328 
-0.00598 0.02368 0.91553 0.04580 1.29771 -2.42748 
0.00720 -0.01074 0.91370 -0.00763 1.26718 1.09924 
0.00146 0.01648 0.91528 -0.04580 1.16794 0.45038 
0.00818 0.03223 0.91211 -0.03817 1.15267 -2.93130 
0.00964 0.00989 0.91187 -0.03053 1.19084 -4.09160 
0.01135 -0.03027 0.90820 0.00763 1.17557 -3.46565 
0.01404 -0.02295 0.92029 0.06107 1.12977 -2.75573 
0.01123 -0.02759 0.91211 -0.02290 1.22137 -0.19847 
-0.00415 0.02710 0.91138 -0.07634 1.28244 -0.95420 
-0.00098 0.04895 0.90601 -0.10687 1.13740 -3.54962 
0.01208 0.06445 0.91089 -0.05344 0.88550 -12.44275 
0.04675 -0.01489 0.90979 -0.16031 0.93893 -17.69466 
0.02380 -0.07446 0.92053 -0.08397 0.88550 -16.49618 
-0.01721 -0.25159 0.90796 0.51145 2.32824 48.37405 
-0.02393 -0.09485 0.91052 0.55725 2.84733 62.09924 
0.02515 0.17908 0.90771 0.29008 1.55725 18.12977 
-0.00171 0.05811 0.91785 -0.16031 0.74046 -11.98473 
0.01770 -0.03491 0.91626 -0.22901 0.68702 -27.93893 
0.02637 -0.11230 0.91052 -0.32824 0.84733 -16.54198 
0.01208 -0.01843 0.91345 -0.14504 1.02290 -4.50382 
0.01978 -0.01526 0.91614 -0.17557 1.41221 3.29771 
-0.00830 -0.06079 0.90918 -0.12977 1.45038 4.91603 
-0.00598 -0.07556 0.90674 -0.10687 1.32061 2.42748 
0.10767 -0.07007 0.91772 0.07634 1.13740 0.20611 
-0.00928 -0.03845 0.92346 -0.06870 1.01527 -9.07634 
0.02173 -0.02002 0.91919 -0.12977 1.06107 -14.14504 
0.04053 -0.06482 0.91418 -0.02290 1.16031 -9.69466 
0.00964 -0.09229 0.92078 0.05344 1.22901 -4.51908 
0.01672 -0.16553 0.91870 0.03817 1.35878 -0.53435 
0.00500 -0.13245 0.91528 -0.09160 1.25954 0.61832 
-0.00745 -0.08984 0.91235 0.03817 1.22137 -2.06870 
0.01074 -0.02295 0.91223 -0.05344 1.10687 -4.96183 
0.02429 0.03015 0.91541 -0.10687 1.20611 -4.99237 
-0.00854 0.05933 0.91187 -0.04580 1.33588 -7.62595 
0.06384 0.02087 0.91296 -0.06870 1.23664 -5.55725 
-0.01953 -0.07019 0.91321 -0.03053 1.29008 1.06107 
0.03210 -0.09790 0.91211 0.01527 1.56489 10.42748 
-0.01038 0.03955 0.89880 0.02290 1.43511 8.38931 
-0.05542 0.12439 0.91284 -0.10687 1.25191 7.80153 
0.01892 0.07776 0.91882 -0.17557 1.27481 6.15267 
-0.01355 0.03967 0.92102 -0.24427 1.38931 8.93893 
0.00183 0.05701 0.89844 -0.25954 1.41221 3.25954 
0.01013 -0.01965 0.90466 -0.34351 1.18321 -1.49618 
0.03845 0.03198 0.91479 -0.27481 1.19084 4.27481 
0.03369 0.05005 0.92578 -0.29008 1.48855 14.92366 
-0.00391 0.02209 0.92395 -0.40458 1.68702 21.68702 
-0.00476 -0.01440 0.90686 -0.43511 1.50382 24.23664 
-0.04480 0.18140 0.91211 -0.45802 1.39695 22.06107 
0.00610 0.08069 0.85950 -0.38168 1.61832 21.22137 
-0.00366 0.05225 0.91284 -0.22137 1.64885 14.99237 
-0.00085 -0.01587 0.91138 -0.02290 1.42748 9.96947 
-0.00696 0.15503 0.91248 -0.35878 1.25954 2.56489 
-0.01245 0.05261 0.91248 -0.53435 1.02290 -2.44275 
0.00281 0.01196 0.90918 -0.35878 1.28244 2.45802 
0.01489 0.02148 0.90710 -0.92366 0.81679 -0.54198 
0.00903 0.06775 0.92212 -0.61832 0.98473 -5.25191 
-0.00269 0.14490 0.91003 -0.34351 1.12977 -6.99237 
0.00403 0.03638 0.90173 -0.37405 1.01527 -7.46565 
0.00598 -0.02917 0.91174 -0.48855 1.10687 1.69466 
-0.00256 0.07861 0.90918 -0.38168 1.19084 0.97710 
0.00684 0.07153 0.91431 -0.27481 1.22901 -1.66412 
0.00488 0.11792 0.91443 -0.14504 1.35878 1.64122 
0.02393 0.11914 0.91089 0.06870 1.49618 5.67939 
0.03613 0.09497 0.91504 0.19847 1.64885 10.70229 
-0.01099 0.15588 0.90967 0.19084 1.70992 15.45802 
0.00879 0.06299 0.90723 -0.02290 1.22137 -1.58779 
0.01038 0.12708 0.91357 0.02290 1.33588 0.73282 
0.01868 0.16516 0.91040 0.14504 1.35115 0.83969 
0.01257 0.09814 0.90637 0.05344 1.35115 2.82443 
0.01587 0.04529 0.90540 -0.03817 1.29771 0.00763 
0.01489 0.11584 0.91321 -0.03817 1.24427 -0.06870 
0.01709 0.13208 0.91675 0.24427 1.41221 0.83206 
0.01208 0.12561 0.91406 0.59542 1.52672 2.28244 
0.00049 0.05603 0.90918 1.00000 1.48855 2.26718 
0.01013 0.02234 0.90784 0.44275 1.53435 6.49618 
0.01697 0.08838 0.91003 0.47328 1.51145 6.84733 
0.00964 0.05151 0.90625 0.12977 1.34351 2.33588 
0.01440 0.04736 0.91028 -0.08397 1.22137 -2.80916 
0.00854 0.08423 0.90698 -0.01527 1.18321 -3.76336 
0.00708 0.08582 0.90967 0.30534 1.36641 -0.01527 
0.01099 0.06506 0.91150 0.25191 1.44275 2.59542 
0.01611 0.02966 0.90771 -0.34351 1.16031 -3.75573 
0.00964 0.01770 0.91333 -0.48855 1.13740 1.49618 
0.00684 0.07214 0.91980 -0.31298 1.06870 -0.64122 
0.00964 0.07056 0.91235 0.15267 1.33588 0.60305 
0.01318 0.05969 0.91028 0.40458 1.40458 0.94656 
0.01074 0.08093 0.91223 0.23664 1.29008 0.96183 
0.01270 0.11108 0.91309 0.37405 1.35115 1.22901 
0.00830 0.09827 0.91418 0.47328 1.45802 1.83969 
0.00793 0.03210 0.91064 -0.03053 1.32061 0.66412 
0.01099 0.03271 0.91016 0.00763 1.29008 0.77863 
0.01404 0.04138 0.91284 0.19084 1.27481 1.06107 
0.01233 0.04883 0.91223 0.28244 1.42748 1.59542 
0.01086 0.03809 0.91016 0.22901 1.39695 1.70992 
0.01343 0.03357 0.91711 0.00763 1.25954 1.47328 
0.00989 0.02466 0.91394 0.12977 1.40458 1.38931 
0.00781 0.01611 0.91516 0.03817 1.33588 1.33588 
0.00610 0.01868 0.91333 -0.06870 1.23664 1.28244 
0.01025 0.01758 0.91223 -0.09160 1.22901 0.94656 
0.01270 0.02820 0.91809 0.06870 1.31298 0.91603 
0.01184 0.02673 0.91016 0.13740 1.34351 1.09924 
0.01355 0.02234 0.91248 0.03817 1.38168 1.16794 
0.01245 0.01733 0.91125 -0.02290 1.33588 1.32061 
0.00574 0.00903 0.91553 0.19847 1.27481 1.26718 
0.00647 0.01013 0.91309 0.11450 1.33588 1.00763 
0.00818 0.01318 0.91016 0.05344 1.32061 0.64885 
0.01343 0.01929 0.91589 -0.11450 1.26718 0.67939 
0.01563 0.04456 0.91370 -0.09160 1.28244 0.77099 
0.01343 0.04138 0.91675 0.00763 1.30534 1.12214 
0.01147 0.02100 0.91248 0.09160 1.34351 1.36641 
0.00854 0.01086 0.91016 -0.01527 1.28244 1.47328 
0.00439 0.01831 0.91504 0.03817 1.26718 1.22137 
0.00732 0.02856 0.91370 -0.01527 1.25954 0.52672 
0.01086 0.02234 0.91199 0.06870 1.27481 -0.61069 
0.01709 0.01563 0.91089 0.10687 1.31298 -1.34351 
0.01514 0.00891 0.90906 0.17557 1.34351 -1.05344 
0.01636 0.01318 0.90967 0.20611 1.30534 0.05344 
0.00720 0.00256 0.91980 0.21374 1.41985 2.50382 
0.00684 -0.00427 0.91626 0.25191 1.35115 3.35878 
0.00964 -0.00330 0.91528 0.21374 1.43511 4.04580 
0.01099 0.00769 0.90588 0.09924 1.36641 4.36641 
0.01355 0.05310 0.90906 0.03053 1.29771 1.74809 
0.01123 0.02722 0.91272 0.06107 1.27481 1.09924 
0.01135 0.02417 0.91321 0.15267 1.32824 1.70992 
0.01062 0.02136 0.91333 0.25954 1.39695 1.80153 
0.00940 0.02344 0.91528 0.32061 1.41221 1.66412 
0.00940 0.02661 0.91064 0.17557 1.41985 1.32061 
0.01001 0.04919 0.90735 0.11450 1.35878 1.70992 
0.00720 0.04712 0.91272 -0.05344 1.37405 1.37405 
0.01111 0.04565 0.91064 -0.03053 1.35115 1.16031 
0.01050 0.03564 0.90955 0.00763 1.29771 1.18321 
0.01123 0.02722 0.91248 -0.01527 1.23664 1.27481 
0.00940 0.02527 0.92004 0.04580 1.29771 1.32824 
0.01282 0.01819 0.91199 0.01527 1.29008 1.15267 
0.01221 0.02258 0.91333 0.12977 1.31298 0.91603 
0.01257 0.03296 0.91064 0.12977 1.34351 1.38168 
0.01379 0.03857 0.91150 0.17557 1.37405 1.71756 
0.01050 0.03369 0.91516 0.19084 1.38168 1.84733 
0.00940 0.02759 0.91345 0.15267 1.39695 1.69466 
0.00366 0.02380 0.91406 0.07634 1.29008 1.62595 
0.00415 0.01355 0.91516 -0.08397 1.25191 1.13740 
0.01074 0.01514 0.91028 -0.03817 1.20611 0.53435 
0.01367 0.02954 0.91028 0.06870 1.26718 0.88550 
0.01367 0.03308 0.90991 0.12214 1.32824 1.28244 
0.01367 0.02954 0.91272 0.07634 1.38931 1.50382 
0.00964 0.02588 0.91797 0.07634 1.32061 1.51908 
0.00659 0.02332 0.91553 0.09160 1.33588 1.49618 
0.00537 0.01819 0.91479 0.11450 1.32061 1.29771 
0.00842 0.02246 0.91479 0.06870 1.26718 1.21374 
0.01416 0.02710 0.91101 0.12214 1.26718 1.22901 
0.01428 0.03040 0.91223 0.12977 1.35115 1.27481 
0.01660 0.02551 0.91052 0.12214 1.29771 1.19084 
0.01062 0.02258 0.91040 0.09160 1.31298 1.24427 
0.01025 0.02026 0.91882 0.05344 1.28244 1.22137 
0.00659 0.02307 0.91431 0.15267 1.29771 1.28244 
0.00696 0.02209 0.91040 0.12977 1.33588 1.19084 
0.01440 0.02942 0.91077 0.07634 1.30534 1.06870 
0.01379 0.02771 0.91357 0.09160 1.28244 1.06870 
0.01367 0.02429 0.91394 0.05344 1.25954 1.16031 
0.00989 0.01807 0.91223 0.14504 1.38168 1.18321 
0.01123 0.02209 0.91162 0.17557 1.32824 1.12977 
0.00671 0.02271 0.91016 0.10687 1.29771 1.03817 
0.01050 0.02417 0.90906 0.03053 1.25954 0.87786 
0.01147 0.02942 0.90784 0.06107 1.25954 0.90076 
0.01001 0.02393 0.91528 0.12214 1.30534 1.03053 
0.00989 0.01855 0.91406 0.08397 1.27481 1.04580 
0.01355 0.01733 0.91406 0.00763 1.28244 1.02290 
0.01074 0.02124 0.91479 0.03053 1.26718 0.93893 
0.00830 0.02393 0.91565 -0.09160 1.25191 0.64885 
0.01233 0.02893 0.91479 -0.06107 1.24427 0.58015 
0.00818 0.03064 0.91101 -0.06107 1.24427 0.61069 
0.00879 0.02698 0.91150 0.12214 1.32061 0.82443 
0.00977 0.02380 0.91479 0.15267 1.32061 1.13740 
0.00928 0.02576 0.91528 0.11450 1.29771 1.25954 
0.00830 0.02759 0.91101 0.16031 1.39695 1.35115 
0.00879 0.02478 0.91418 0.10687 1.34351 1.37405 
0.00928 0.02466 0.91064 0.09160 1.31298 1.35878 
0.01404 0.02368 0.91699 0.15267 1.37405 1.41985 
0.01025 0.02466 0.91113 0.18321 1.32824 1.39695 
0.00610 0.02649 0.91309 0.10687 1.36641 1.35878 
0.01099 0.02625 0.91040 0.09924 1.24427 1.27481 
0.01050 0.02405 0.91650 0.18321 1.33588 1.29008 
0.01270 0.02380 0.91174 0.10687 1.35115 1.30534 
0.01135 0.02295 0.91223 0.06107 1.29008 1.22901 
0.01025 0.02490 0.91003 0.06107 1.27481 1.23664 
0.00989 0.02283 0.91565 0.09924 1.29771 1.27481 
0.00928 0.02600 0.91455 0.14504 1.32824 1.25954 
0.01147 0.02380 0.91138 0.09924 1.29771 1.20611 
0.01001 0.02417 0.91235 0.01527 1.25191 1.22901 
0.01184 0.02551 0.91528 -0.03817 1.29008 1.25954 
0.00989 0.02600 0.91284 0.02290 1.30534 1.22901 
0.00659 0.02673 0.91309 0.06107 1.30534 1.23664 
0.00781 0.02283 0.91211 0.03817 1.27481 1.21374 
0.01331 0.01978 0.91577 0.11450 1.28244 1.26718 
0.01392 0.02075 0.91211 0.15267 1.27481 1.23664 
0.00867 0.02539 0.91504 0.12977 1.25954 1.27481 
0.00916 0.02686 0.91418 -0.19847 1.22901 1.25954 
0.01245 0.02441 0.91699 -0.30534 1.20611 1.18321 
0.00598 0.02271 0.91296 -0.15267 1.15267 1.23664 
0.00928 0.02368 0.90833 -0.07634 1.19847 1.19847 
0.00891 0.02075 0.91541 0.03817 1.25954 1.24427 
0.01038 0.02588 0.91638 0.09160 1.37405 1.22901 
0.01416 0.02954 0.91125 0.01527 1.25954 1.28244 
0.01135 0.02283 0.91504 0.07634 1.29008 1.23664 
0.01135 0.01965 0.91455 0.26718 1.41221 1.16794 
0.00952 0.01892 0.91199 0.47328 1.54962 1.20611 
0.00854 0.02112 0.90955 0.39695 1.48092 1.24427 
0.01086 0.02490 0.91333 0.32061 1.38931 1.25954 
0.01172 0.03052 0.91406 0.08397 1.30534 1.25191 
0.00696 0.02661 0.91211 0.13740 1.37405 1.21374 
0.00671 0.02014 0.91406 0.25191 1.35115 1.20611 
0.00842 0.01733 0.91064 0.22901 1.35115 1.19084 
0.01123 0.01929 0.91003 0.29771 1.41985 1.20611 
0.01160 0.02710 0.91455 0.25191 1.40458 1.15267 
0.01172 0.03027 0.91541 0.08397 1.32824 1.09924 
0.01196 0.02954 0.91174 0.20611 1.32824 1.08397 
0.01013 0.02734 0.90869 0.14504 1.41985 1.03053 
0.01099 0.02417 0.91089 0.09924 1.35115 0.99237 
0.00696 0.03247 0.91174 0.08397 1.37405 1.37405 
0.01013 0.05371 0.91919 0.08397 1.41221 2.12977 
0.00720 0.03979 0.91162 0.09160 1.44275 1.61069 
0.01086 0.02869 0.91248 0.09924 1.29771 0.86260 
0.01404 0.01453 0.91138 0.09924 1.29771 1.04580 
0.01160 0.03943 0.91272 0.08397 1.31298 1.55725 
0.00793 0.06555 0.90784 0.09924 1.36641 1.52672 
0.00769 0.05188 0.91040 0.06870 1.35115 0.85496 
0.00720 0.04321 0.90808 0.06870 1.30534 1.16794 
0.01270 0.05884 0.91321 0.07634 1.33588 1.06870 
0.01001 0.07727 0.91589 0.12977 1.29008 0.77863 
0.01221 0.04297 0.90845 0.06870 1.29771 0.48855 
0.01428 0.03625 0.90686 0.03817 1.29771 0.83206 
0.00391 0.08679 0.91003 0.04580 1.24427 2.95420 
0.00671 0.06653 0.92029 0.01527 1.32824 0.94656 
0.01184 0.07544 0.91016 0.06870 1.29771 0.91603 
0.00952 0.04138 0.90466 0.00000 1.33588 2.34351 
0.01501 0.00745 0.90918 -0.02290 1.28244 0.83969 
0.00793 0.03943 0.91919 0.02290 1.33588 2.42748 
0.00854 0.07800 0.91663 0.07634 1.29008 2.84733 
0.01343 0.06519 0.91101 0.17557 1.37405 2.66412 
0.00940 0.05847 0.90674 0.03817 1.30534 1.90840 
0.01355 0.03455 0.91113 0.02290 1.20611 1.87786 
0.01929 0.02319 0.91809 0.03817 1.23664 0.71756 
0.01453 0.01294 0.91650 0.07634 1.30534 -0.19084 
0.00745 0.01660 0.91089 0.15267 1.35115 0.80916 
0.01514 -0.00610 0.91162 0.05344 1.29008 0.49618 
0.01440 0.00000 0.91162 0.10687 1.25954 0.51145 
0.00342 0.00708 0.91064 0.04580 1.29771 0.15267 
0.00476 0.03674 0.91235 0.06870 1.33588 1.32824 
0.00732 0.04712 0.91187 0.14504 1.32061 2.60305 
0.01367 0.05005 0.91101 0.09160 1.40458 3.06870 
0.01099 0.02966 0.91003 0.11450 1.28244 3.25954 
0.00476 0.01221 0.91602 0.09924 1.34351 1.67176 
0.01392 0.01270 0.91675 0.07634 1.29771 1.40458 
0.00403 0.03076 0.91272 0.10687 1.32824 1.74046 
0.01880 0.05371 0.91370 0.09924 1.25191 -0.13740 
0.01501 0.04443 0.90845 0.16031 1.29008 0.60305 
0.01001 0.02393 0.91418 0.19084 1.33588 1.74809 
0.01257 0.03259 0.91650 0.09160 1.32824 1.85496 
0.00781 0.02966 0.91101 0.09924 1.24427 -0.93893 
0.00879 0.05396 0.91345 0.11450 1.37405 1.58015 
0.00159 0.05908 0.91138 0.12214 1.30534 2.21374 
0.00879 0.03247 0.91125 0.23664 1.33588 6.03053 
0.00024 0.04150 0.90918 0.22901 1.51908 9.80916 
0.01318 0.04907 0.90955 0.28244 1.45802 9.56489 
0.03418 0.08374 0.90979 0.25191 1.48855 4.96947 
0.00708 0.06567 0.91174 0.23664 1.32824 1.22137 
0.02185 0.06018 0.91064 0.28244 1.32061 2.01527 
-0.00012 0.03479 0.91016 0.16031 1.31298 1.31298 
0.02612 0.02649 0.91174 0.09924 1.24427 -2.32824 
0.01697 0.03027 0.91553 0.09924 1.10687 -8.98473 
-0.00269 -0.04028 0.91821 0.14504 1.11450 -9.60305 
0.00000 0.05017 0.91016 0.34351 1.49618 6.59542 
0.00073 0.03210 0.90967 0.29008 1.52672 7.80916 
0.00073 0.00769 0.91541 0.34351 1.60305 14.64886 
-0.00391 -0.01648 0.91528 0.15267 1.18321 -3.61069 
0.02026 -0.03613 0.91394 0.28244 1.39695 1.98473 
0.00720 0.01563 0.90979 0.13740 1.27481 0.26718 
0.01453 0.04260 0.91394 0.15267 1.31298 -0.09924 
0.00781 0.02344 0.91199 0.22137 1.31298 -0.40458 
0.01294 0.03271 0.91260 0.28244 1.29771 0.39695 
-0.02478 -0.12512 0.91748 0.11450 1.21374 -2.09160 
0.02002 0.00671 0.90771 0.18321 1.36641 2.61069 
0.00635 0.03503 0.91589 0.16794 1.22137 0.05344 
0.01074 0.02307 0.91614 0.25191 1.33588 -0.16031 
0.01282 -0.00854 0.91418 0.22901 1.32824 -0.61832 
-0.00134 0.01917 0.91199 0.30534 1.42748 2.94656 
0.00195 -0.00439 0.91199 0.26718 1.52672 8.68702 
0.00464 0.05786 0.91699 0.24427 1.29771 -0.28244 
0.01917 0.02563 0.91699 0.23664 1.33588 1.11450 
0.00317 -0.00049 0.90771 0.23664 1.42748 0.51145 
0.01086 0.03625 0.91357 0.22901 1.27481 2.02290 
0.01135 0.05347 0.91248 0.19084 1.41221 0.85496 
0.00952 0.05164 0.90869 0.33588 1.44275 2.28244 
-0.00110 0.02502 0.90601 0.28244 1.37405 0.67939 
0.00610 0.01624 0.90759 0.23664 1.25191 0.38168 
0.02271 0.05493 0.91223 0.26718 1.32061 2.36641 
0.00085 0.06006 0.91492 0.27481 1.38931 1.22901 
0.00598 0.05347 0.91077 0.26718 1.35878 0.98473 
0.02405 0.05994 0.91089 0.30534 1.35878 1.39695 
0.01111 0.06531 0.91687 0.32061 1.35878 0.99237 
0.01233 0.03638 0.91284 0.28244 1.54962 1.64122 
0.00024 0.03052 0.91040 0.29008 1.39695 1.43511 
0.00818 0.00891 0.91211 0.30534 1.28244 0.32061 
0.00671 0.00476 0.91455 0.29771 1.35115 0.94656 
0.02136 0.01099 0.91125 0.22901 1.30534 1.12214 
0.00952 0.00525 0.91760 0.21374 1.35878 1.92366 
0.01147 -0.03955 0.91553 0.21374 1.28244 0.05344 
0.01135 -0.02820 0.91309 0.18321 1.43511 1.54962 
0.01050 0.00793 0.91614 0.13740 1.29008 0.47328 
0.02075 0.00513 0.91187 0.21374 1.35878 1.58015 
0.00256 0.02759 0.91357 0.16031 1.30534 0.19847 
0.00842 0.00659 0.90881 0.19847 1.40458 0.54962 
0.01172 0.01172 0.91296 0.19847 1.28244 1.02290 
0.01599 0.00378 0.91174 0.23664 1.32061 0.70992 
0.01636 0.01294 0.91418 0.22901 1.32061 0.39695 
0.01343 0.02112 0.91260 0.21374 1.35878 0.77099 
0.00208 0.04858 0.90955 0.24427 1.36641 0.51145 
-0.00439 0.05054 0.91382 0.26718 1.35878 1.12214 
0.00256 0.06311 0.91711 0.22901 1.32061 1.22137 
0.00562 0.03076 0.91833 0.26718 1.38931 1.77863 
0.02332 0.05872 0.90710 0.19084 1.36641 0.35115 
0.01538 0.05273 0.90918 0.27481 1.36641 1.11450 
-0.00769 0.02502 0.91309 0.23664 1.27481 1.52672 
0.02588 0.03674 0.91687 0.25954 1.33588 2.31298 
0.01831 0.04944 0.91089 0.25954 1.38168 2.22137 
0.00635 -0.01050 0.90735 0.22137 1.40458 0.14504 
0.01709 0.01575 0.90564 0.18321 1.24427 0.48855 
0.01868 0.00818 0.91675 0.23664 1.31298 1.48855 
0.01831 0.01587 0.91785 0.14504 1.31298 0.44275 
-0.00293 0.00305 0.91479 0.06107 1.39695 1.48855 
0.01025 0.03748 0.90808 0.12214 1.32061 1.00763 
0.01013 0.05444 0.91040 0.02290 1.24427 -1.14504 
0.01514 0.07251 0.91736 0.00763 1.01527 -8.12214 
0.00232 -0.02856 0.91370 0.25954 1.32824 2.08397 
0.01428 -0.00598 0.90552 0.18321 1.40458 3.29008 
0.01355 0.00879 0.91296 0.19084 1.30534 3.12977 
0.01147 0.01929 0.91040 0.21374 1.27481 3.36641 
0.01379 0.01086 0.91479 0.19084 1.41985 2.38931 
0.00525 0.02905 0.91052 0.18321 1.38168 0.90840 
0.00146 0.02283 0.90955 0.20611 1.33588 3.18321 
0.01758 0.02087 0.90552 0.23664 1.40458 3.24427 
0.00940 0.02478 0.90613 0.11450 1.25954 0.66412 
0.01355 0.01575 0.91748 0.14504 1.24427 0.57252 
0.01819 0.02161 0.91895 0.15267 1.25954 0.98473 
0.00952 0.05029 0.91467 0.16031 1.42748 2.08397 
0.01099 0.07300 0.91125 0.16794 1.38931 2.23664 
0.00488 0.07410 0.91064 0.16794 1.32824 2.11450 
0.00476 0.03735 0.91284 0.08397 1.23664 0.93893 
0.00476 0.04199 0.91370 0.13740 1.24427 0.80916 
0.00928 0.02563 0.91748 0.06870 1.24427 1.86260 
0.01794 0.05493 0.91479 0.06870 1.27481 2.01527 
0.01685 0.06323 0.91333 0.13740 1.48092 3.21374 
0.01587 0.06262 0.91016 0.12214 1.46565 2.93893 
0.00842 0.03833 0.91223 0.08397 1.31298 1.54962 
0.00537 0.07263 0.91162 0.19084 1.34351 0.41985 
-0.00085 0.04468 0.90735 0.25954 1.29008 -0.74809 
0.02356 0.08899 0.90857 0.03053 1.11450 0.49618 
0.03748 0.42908 0.91919 0.34351 1.00763 -7.20611 
-0.10559 -0.02075 0.95032 -0.54962 0.38931 -31.01527 
0.13855 -0.06360 0.90588 0.28244 1.03817 -18.46565 
-0.02148 -0.97668 1.11877 -1.90840 0.96183 15.58015 
-0.01746 0.25037 0.86890 -0.80153 1.61069 17.83969 
-0.02124 -0.02856 0.92676 0.38168 1.15267 1.54962 
0.00000 -0.12390 0.92834 0.10687 1.36641 -0.77863 
0.01501 -0.00867 0.91138 0.20611 1.24427 5.41985 
0.03210 -0.04736 0.91138 0.06107 1.12214 2.56489 
0.03015 -0.03394 0.92920 0.04580 1.52672 6.06870 
0.00720 0.00464 0.91699 0.03817 1.74809 10.61069 
0.00012 -0.00342 0.91248 0.10687 1.69466 12.05344 
-0.00317 0.04419 0.90747 0.00763 1.25191 2.20611 
-0.00513 0.05603 0.91577 0.09160 1.21374 1.31298 
0.01990 0.01111 0.91187 0.09924 1.27481 2.35878 
0.03271 -0.01245 0.90967 0.09924 1.21374 0.30534 
0.02466 0.00305 0.90881 0.21374 1.20611 0.94656 
0.00854 0.07739 0.91772 0.19084 1.38931 1.56489 
0.00208 0.08606 0.91577 0.08397 1.43511 1.48855 
-0.00916 0.02869 0.91382 0.09160 1.45038 0.90076 
-0.00476 0.00513 0.90784 0.15267 1.30534 0.16794 
-0.00110 0.03992 0.91089 0.14504 1.16794 2.69466 
0.00964 0.05493 0.91980 0.24427 1.25191 7.08397 
0.01428 0.06091 0.91833 0.12214 1.51908 8.45802 
0.02625 0.04688 0.91064 0.13740 1.48855 6.46565 
0.02429 0.02112 0.90466 0.12214 1.32061 0.35115 
0.00122 0.03320 0.91614 0.14504 1.12977 -4.97710 
0.00916 0.03479 0.91602 0.06870 1.24427 -3.47328 
0.02136 0.07068 0.91406 0.00000 1.25191 -3.25191 
-0.00793 0.01062 0.90222 0.19847 1.26718 -4.15267 
0.00464 0.01428 0.91174 0.19847 1.13740 1.13740 
0.01038 0.01697 0.91492 0.22137 1.22137 0.95420 
0.01245 0.03320 0.91663 0.15267 1.36641 3.29771 
0.01758 0.02209 0.91150 0.06870 1.29771 1.66412 
0.00696 0.02795 0.91370 0.08397 1.32061 0.25954 
0.01013 0.03186 0.90869 0.12977 1.36641 -0.78626 
0.00208 0.02075 0.91150 0.06107 1.10687 -6.45802 
-0.01062 -0.01099 0.91846 0.08397 1.05344 -6.61832 
0.00659 -0.00378 0.91260 0.17557 1.18321 -4.15267 
0.01453 0.00195 0.91821 0.16794 1.17557 -5.19084 
0.01929 0.00793 0.91858 0.10687 1.07634 -7.61069 
0.01746 -0.01270 0.91431 0.01527 1.15267 -10.41985 
0.01501 -0.01685 0.91528 -0.08397 1.11450 -12.16794 
0.00195 0.01001 0.90759 -0.02290 1.26718 -4.83206 
-0.00208 0.00964 0.91064 0.15267 1.31298 0.90076 
-0.00671 0.02856 0.91492 0.16794 1.22901 1.51908 
0.00366 -0.01587 0.91406 0.12977 1.25191 -0.94656 
0.02356 -0.02332 0.91309 0.11450 1.29008 0.67176 
0.02649 -0.02246 0.91003 0.12214 1.25954 1.33588 
0.01733 0.04785 0.91663 0.09160 1.22137 -2.20611 
-0.00342 0.05200 0.91467 0.10687 1.44275 -0.38931 
-0.00366 0.06030 0.90759 0.03053 1.32824 -3.18321 
0.00073 0.03394 0.91235 0.13740 1.22901 -1.00763 
0.00952 0.00293 0.91467 0.17557 1.14504 -1.99237 
0.01514 0.04883 0.91138 0.19084 1.27481 -0.70229 
0.01807 0.06360 0.91333 0.09160 1.29008 -1.11450 
0.01025 0.05896 0.91016 0.11450 1.33588 -1.26718 
0.01196 0.03784 0.91089 0.12214 1.26718 -1.39695 
0.00427 0.04822 0.91589 0.13740 1.35115 1.70229 
0.00891 0.05676 0.91577 0.17557 1.31298 3.32824 
0.01294 0.05383 0.90991 0.16031 1.40458 2.92366 
0.01062 0.04871 0.91309 0.09924 1.28244 -1.35878 
0.01489 0.01196 0.90967 0.09924 1.16031 -4.64122 
0.05811 0.00952 0.91431 0.04580 1.08397 -7.49618 
0.01416 0.07349 0.91602 0.05344 1.01527 -13.06107 
0.02502 0.05786 0.91504 0.05344 1.04580 -11.35114 
0.01807 0.00391 0.91724 0.01527 1.09160 -12.58015 
0.00586 -0.03699 0.91248 0.06870 1.03817 -9.74046 
0.02039 -0.03162 0.91028 0.09924 1.10687 -7.09924 
0.01404 -0.03479 0.91553 0.10687 1.19847 -2.78626 
0.01501 -0.01233 0.91492 0.03053 1.35878 -2.20611 
0.00464 -0.02527 0.91138 0.09924 1.38168 -2.64122 
0.00391 -0.00110 0.91370 0.16794 1.22137 -2.16031 
0.00806 0.01782 0.91821 0.05344 1.30534 0.69466 
0.00562 0.01819 0.91357 0.07634 1.29771 2.19084 
0.00916 0.02368 0.90698 0.03817 1.37405 2.82443 
0.01123 0.02722 0.90601 0.12977 1.34351 3.00000 
0.00842 0.03149 0.91199 0.17557 1.32824 3.08397 
0.00720 0.02710 0.91980 0.16794 1.32824 3.16794 
0.00977 0.02539 0.91333 0.09160 1.36641 3.17557 
0.01331 0.02222 0.90930 0.05344 1.40458 3.07634 
0.01514 0.02271 0.90674 0.13740 1.36641 2.74809 
0.01465 0.02905 0.91211 0.12977 1.34351 2.54198 
0.00903 0.03772 0.91431 0.06870 1.43511 2.41221 
0.00684 0.03296 0.91150 0.01527 1.39695 2.80153 
0.00757 0.02576 0.90820 0.09924 1.35878 3.24427 
0.00659 0.01758 0.90991 0.13740 1.29008 3.07634 
0.01172 0.02075 0.91626 0.10687 1.39695 2.73282 
0.01343 0.02515 0.91626 0.07634 1.33588 2.06870 
0.01196 0.02588 0.91455 0.12977 1.27481 1.92366 
0.00684 0.02283 0.91541 0.13740 1.36641 1.88550 
0.00732 0.02539 0.91443 0.09160 1.39695 1.80153 
0.00452 0.02161 0.91296 0.04580 1.31298 1.74809 
0.00623 0.02209 0.91016 0.12977 1.32824 1.45038 
0.01086 0.02759 0.91455 0.03053 1.30534 1.32061 
0.01343 0.02893 0.91064 0.03817 1.33588 1.25191 
0.01392 0.02820 0.90869 0.06107 1.32061 1.26718 
0.00854 0.02563 0.91431 0.15267 1.30534 1.21374 
0.00598 0.02686 0.91614 0.05344 1.32061 1.22901 
0.00720 0.02478 0.90967 -0.01527 1.37405 1.24427 
0.00769 0.02698 0.90466 0.08397 1.34351 1.28244 
0.00903 0.03162 0.91211 0.18321 1.22901 1.24427 
0.00989 0.03137 0.91284 0.19084 1.23664 1.25191 
0.01270 0.03088 0.91223 0.14504 1.35878 1.24427 
0.01318 0.02075 0.91101 0.26718 1.31298 1.22901 
0.01086 0.02026 0.91760 0.36641 1.29771 1.53435 
0.01123 0.01660 0.91260 0.36641 1.35878 1.96947 
0.01184 0.01331 0.91394 0.24427 1.37405 2.69466 
0.00708 0.00146 0.90979 0.10687 1.41985 3.74046 
0.00598 -0.00073 0.91101 0.09924 1.44275 5.71756 
0.00952 0.00256 0.91309 0.16031 1.46565 9.18321 
0.01685 -0.02490 0.91565 0.24427 1.51908 11.39695 
0.01465 -0.05164 0.91455 -0.08397 1.58779 13.55725 
0.02124 -0.01111 0.91455 -0.29008 1.48092 9.74046 
0.01782 0.06519 0.91284 -0.17557 1.25954 -1.44275 
-0.00952 0.08435 0.91895 -0.11450 1.06107 -8.80916 
0.00061 0.00623 0.90979 0.05344 1.24427 -1.93893 
0.00220 -0.03113 0.91541 -0.00763 1.38931 4.09160 
0.00195 -0.03174 0.91223 -0.05344 1.19084 1.22137 
-0.00208 -0.02039 0.91614 -0.29008 1.04580 -4.32824 
0.01318 -0.01599 0.91260 -0.40458 0.94656 -14.32061 
0.01685 -0.02441 0.90588 -0.24427 1.07634 -10.68702 
0.01807 -0.04468 0.90601 0.12977 1.35878 6.14504 
-0.00366 0.05212 0.92273 0.16794 1.41221 8.48855 
-0.00220 0.06140 0.92078 -0.01527 1.41221 7.83206 
-0.03625 0.07520 0.90942 -0.21374 1.23664 -6.27481 
-0.00562 0.00708 0.90784 -0.09160 0.83969 -15.68702 
0.00000 -0.04077 0.92163 -0.00763 0.86260 -13.04580 
0.02856 -0.18689 0.92212 0.53435 2.15267 36.71756 
0.00818 0.07483 0.90967 -0.00763 1.80153 16.66412 
0.00098 0.05957 0.91162 0.10687 1.38168 8.32061 
0.01355 0.05005 0.90967 0.06870 1.26718 -0.00763 
0.01843 0.01184 0.91492 0.25191 1.41221 0.81679 
0.01038 -0.06238 0.91052 0.34351 1.45802 10.84733 
0.01782 0.03613 0.91577 -0.26718 1.40458 3.80153 
0.00403 0.05481 0.91479 -0.02290 1.25954 -1.09160 
0.02197 -0.00818 0.91260 -0.08397 1.30534 -0.73282 
-0.01245 -0.02625 0.90698 -0.13740 1.44275 2.96183 
-0.01465 -0.01062 0.90833 -0.05344 1.27481 0.33588 
0.02063 -0.00305 0.91821 0.02290 1.33588 1.80916 
0.00684 0.01501 0.91553 0.01527 1.45802 2.65649 
-0.00342 -0.00391 0.90881 0.05344 1.56489 6.95420 
0.00452 0.01477 0.90808 0.17557 1.41985 6.83206 
0.01111 -0.00513 0.91675 0.34351 1.42748 5.73282 
0.02979 -0.03235 0.91235 0.19847 1.53435 7.49618 
-0.02332 0.03369 0.91077 0.30534 1.59542 7.37405 
0.00256 0.03711 0.91431 0.08397 1.35115 -0.95420 
0.00903 0.02502 0.91003 0.05344 1.45038 1.58015 
-0.00049 0.05420 0.90283 0.12977 1.36641 1.42748 
0.02600 0.00610 0.90417 0.16031 1.24427 -0.02290 
0.00415 0.02368 0.91846 -0.08397 1.25191 -0.04580 
0.00745 0.00354 0.91931 -0.03817 1.33588 -0.33588 
0.00842 0.00708 0.91248 -0.16794 1.25191 -1.08397 
0.00378 0.06213 0.91211 -0.06870 1.36641 0.32824 
0.00757 0.09473 0.91272 0.09160 1.35878 -0.29771 
0.01416 0.06787 0.91394 0.11450 1.28244 -0.32061 
0.00134 0.02075 0.91431 -0.06107 1.21374 -0.95420 
-0.00940 0.03052 0.90991 0.01527 1.25191 -0.38931 
0.00269 0.02539 0.91699 -0.06107 1.23664 -0.55725 
0.01367 0.01868 0.91248 0.00763 1.25191 -1.45038 
-0.00403 0.05237 0.91443 -0.10687 1.31298 -0.56489 
-0.00037 0.04785 0.91187 -0.11450 1.29771 -0.68702 
0.02893 0.01477 0.91443 -0.10687 1.33588 -0.45802 
0.00696 0.02905 0.91064 0.04580 1.32061 0.10687 
-0.00378 0.05432 0.90784 0.14504 1.21374 0.64885 
0.00085 0.03870 0.90967 0.01527 1.21374 -0.25191 
0.00806 0.06201 0.91370 -0.04580 1.19847 0.48855 
0.02966 0.01270 0.91199 0.00000 1.29771 -0.22901 
-0.00403 0.04773 0.90796 0.06107 1.29771 -1.67176 
-0.00232 0.03040 0.91528 0.12977 1.26718 0.86260 
0.01611 -0.06628 0.89587 0.38168 1.44275 -0.12214 
0.00366 0.06079 0.91931 -0.41221 1.22901 -0.22137 
-0.00464 0.01746 0.90955 -0.13740 1.17557 -0.75573 
0.00134 -0.00818 0.91809 -0.28244 1.16794 0.88550 
0.00928 0.02905 0.92224 -0.42748 1.19084 -0.09160 
0.02563 -0.05310 0.91431 -0.02290 1.23664 0.63359 
0.01770 -0.01355 0.89966 -0.06870 1.36641 1.58015 
0.02075 0.03223 0.93604 -0.53435 0.97710 -4.46565 
-0.00342 -0.03137 0.91223 -0.10687 1.35878 0.29008 
-0.02063 0.00183 0.90845 -0.23664 1.32824 0.16031 
-0.01221 0.02856 0.90771 -0.37405 1.18321 0.51908 
0.03442 0.04053 0.91516 -0.10687 1.16031 -1.27481 
0.01038 0.04407 0.92004 -0.13740 1.19084 -0.35115 
0.00256 0.00757 0.91577 -0.15267 1.29008 1.11450 
0.02686 -0.01196 0.90747 -0.18321 1.25954 0.32824 
0.01001 0.03760 0.90613 -0.17557 1.17557 1.26718 
0.01038 0.04919 0.93396 -0.30534 1.11450 1.93893 
0.00110 0.04443 0.94226 -0.67176 1.03053 2.64122 
0.04956 -0.03174 0.93774 -0.12214 1.22137 -2.54962 
-0.04980 0.17883 0.90381 -0.90840 1.19084 8.13740 
0.02661 0.03479 0.92847 -0.50382 0.96947 -0.90076 
0.01428 0.08386 0.92969 -0.06870 1.21374 0.69466 
0.02075 0.00586 0.91858 0.13740 1.46565 6.58779 
0.00024 0.01990 0.90417 0.24427 1.65649 14.12214 
-0.00391 0.06909 0.90771 -0.11450 1.32824 5.17557 
0.02197 0.05017 0.90527 -0.30534 1.09924 -2.97710 
0.03625 0.09045 0.91968 -0.35115 1.26718 1.67176 
-0.00439 0.07190 0.90479 -0.03053 1.42748 5.64885 
0.01123 0.05066 0.90808 -0.12977 1.29008 0.97710 
0.00537 0.05469 0.91455 -0.12214 1.22137 0.51908 
0.01038 0.05688 0.91248 -0.15267 1.31298 2.35878 
0.00623 0.06848 0.91235 -0.05344 1.32061 2.41985 
0.01306 0.03772 0.90820 -0.20611 1.25191 1.77863 
0.01086 0.04016 0.91016 -0.25954 1.22137 1.51908 
0.00769 0.06970 0.91321 -0.15267 1.23664 1.88550 
0.01819 0.05774 0.91528 0.00000 1.31298 0.63359 
0.00745 0.06360 0.91138 0.08397 1.35878 1.89313 
0.00940 0.04016 0.90918 -0.03817 1.29008 1.12214 
0.00012 0.01953 0.91003 -0.16794 1.23664 0.92366 
0.01404 0.01477 0.91492 -0.16794 1.19847 0.87023 
0.01196 0.03906 0.91553 -0.28244 1.20611 1.48855 
0.01282 0.00476 0.91675 -0.09160 1.22137 0.00000 
0.01160 0.01660 0.91064 0.12214 1.31298 0.33588 
0.00696 -0.00061 0.91370 0.12977 1.29771 0.54198 
0.01489 0.04199 0.91589 0.08397 1.23664 1.59542 
0.00574 0.00232 0.91162 0.23664 1.32061 -1.96947 
0.01245 0.01709 0.91248 -0.03817 1.19084 -3.40458 
0.00916 0.02063 0.91504 -0.15267 1.17557 -2.61832 
0.01428 0.06592 0.91284 -0.00763 1.26718 -1.38168 
0.01172 0.05225 0.91199 0.06870 1.27481 -2.58015 
0.01416 0.03528 0.91272 0.13740 1.23664 -3.30534 
0.01550 0.02478 0.90979 -0.01527 1.25191 1.42748 
0.00867 0.05701 0.90698 0.06107 1.31298 1.00000 
-0.00269 0.04944 0.90735 -0.09160 1.27481 1.39695 
0.02539 0.06946 0.91650 0.08397 1.34351 0.87786 
0.01550 0.07166 0.91187 0.16794 1.44275 2.20611 
0.01331 0.08301 0.90820 0.16794 1.40458 3.06870 
0.01367 0.09106 0.91040 0.28244 1.37405 3.31298 
0.01477 0.05518 0.91162 0.26718 1.30534 3.98473 
0.01428 0.01428 0.91772 -0.05344 1.49618 6.00763 
0.01611 0.03003 0.91040 0.03053 1.53435 8.61832 
-0.01184 0.17371 0.90552 0.09160 1.51145 11.64886 
0.01270 0.04956 0.91162 0.15267 1.32824 0.61069 
0.00928 0.06909 0.91162 0.25191 1.35878 1.91603 
0.01282 0.07239 0.91602 0.35115 1.44275 1.54198 
0.01257 0.04541 0.91138 0.43511 1.40458 1.63359 
0.00854 0.03906 0.90881 0.34351 1.30534 1.50382 
0.00989 0.03247 0.91455 0.08397 1.38168 2.65649 
0.01196 0.03357 0.91626 -0.06870 1.26718 0.99237 
0.01221 0.02942 0.91345 -0.19084 1.36641 2.15267 
0.01636 0.04553 0.90588 -0.20611 1.19847 1.74809 
0.01147 0.04175 0.91382 -0.11450 1.28244 0.67939 
0.01025 0.03528 0.91431 -0.11450 1.16031 -0.78626 
0.01099 0.05164 0.91333 0.30534 1.35878 2.09924 
0.01489 0.02136 0.91052 0.27481 1.40458 0.87786 
0.00940 -0.02661 0.91272 -0.06107 1.29008 0.54962 
0.01086 0.00378 0.91956 -0.66412 1.15267 1.46565 
0.01196 0.03137 0.91321 0.22901 1.36641 0.64122 
0.00867 0.01270 0.91150 0.29771 1.36641 0.64122 
0.00537 0.01392 0.91199 0.25954 1.35115 1.39695 
0.00806 0.01257 0.91125 0.57252 1.38168 1.16031 
0.01538 0.00415 0.91956 0.70229 1.41985 0.12214 
0.01611 0.01038 0.91064 0.65649 1.48092 0.76336 
0.01440 0.03577 0.91101 0.34351 1.38168 1.45802 
0.01013 0.03577 0.91138 0.09924 1.38168 1.97710 
0.00879 0.05664 0.91138 -0.15267 1.35878 1.73282 
0.00891 0.05444 0.91101 0.09924 1.37405 4.40458 
0.00720 0.06750 0.91138 0.09160 1.36641 2.90840 
0.00635 0.04932 0.91309 0.12214 1.38168 2.30534 
0.00903 0.04541 0.91370 0.05344 1.34351 0.74809 
0.01135 0.05823 0.91394 0.00763 1.23664 0.44275 
0.01074 0.05505 0.91382 -0.02290 1.33588 1.96947 
0.01379 0.04419 0.90869 -0.02290 1.36641 1.87786 
0.01050 0.02808 0.91113 -0.19847 1.26718 1.42748 
0.00854 0.02100 0.91357 -0.40458 1.25191 1.19084 
0.00671 0.02893 0.91431 -0.25954 1.24427 0.83206 
0.00671 0.03223 0.90588 -0.06870 1.30534 1.25954 
0.01099 0.03076 0.91260 -0.08397 1.25954 1.56489 
0.01343 0.02783 0.91724 0.00000 1.25954 1.48855 
0.01160 0.02515 0.91626 0.04580 1.30534 1.42748 
0.01099 0.01917 0.91064 0.06870 1.35115 1.49618 
0.00696 0.01270 0.91333 -0.06870 1.25954 1.14504 
0.00879 0.01880 0.91357 -0.23664 1.22901 0.78626 
0.01160 0.01941 0.91418 -0.22901 1.19084 0.77099 
0.01428 0.02148 0.91052 -0.15267 1.19847 0.45038 
0.01172 0.02454 0.91138 0.15267 1.30534 0.50382 
0.00916 0.03235 0.91650 0.25191 1.38931 0.48092 
0.00916 0.02502 0.91956 0.22137 1.32061 0.71756 
0.00940 0.02612 0.91406 0.09924 1.30534 0.89313 
0.00867 0.03076 0.91089 0.11450 1.26718 1.09160 
0.01208 0.03357 0.90833 -0.03053 1.16031 1.29771 
0.01660 0.03015 0.90967 0.24427 1.36641 1.51145 
0.01306 0.02600 0.91394 0.53435 1.41985 1.42748 
0.00977 0.01929 0.91504 0.37405 1.38931 1.34351 
0.00818 0.01904 0.91113 0.47328 1.41221 1.23664 
0.00562 0.02234 0.91089 0.61832 1.42748 1.30534 
0.01001 0.02869 0.91296 -0.04580 1.29008 1.39695 
0.01208 0.02454 0.91626 0.08397 1.31298 1.36641 
0.01404 0.01929 0.91345 0.09160 1.28244 1.45802 
0.01697 0.01587 0.90771 -0.36641 1.23664 1.70992 
0.00720 0.02332 0.91370 -0.14504 1.23664 2.00763 
0.00732 0.02795 0.91309 0.13740 1.33588 2.06107 
0.00598 0.01416 0.91418 0.35115 1.34351 2.50382 
0.00916 0.00647 0.91736 0.29008 1.38931 2.73282 
0.01038 0.02063 0.91248 0.40458 1.40458 2.99237 
0.01733 0.02148 0.91687 0.22901 1.37405 3.15267 
0.01465 0.02026 0.91187 0.25954 1.38931 2.45038 
0.01294 0.02466 0.91956 0.33588 1.47328 1.93893 
0.00684 0.02820 0.91284 0.52672 1.45038 2.22901 
0.00342 0.02356 0.91101 0.39695 1.43511 3.16031 
0.00305 0.01929 0.91028 0.22901 1.35115 3.89313 
0.01013 0.02173 0.91187 0.11450 1.41221 3.42748 
0.01587 0.01514 0.91199 0.03817 1.32824 2.19084 
0.01611 0.02136 0.91101 -0.02290 1.29008 1.33588 
0.01624 0.03418 0.91663 -0.06870 1.32061 0.68702 
0.00537 0.03223 0.91309 -0.09160 1.25954 0.81679 
0.00574 0.03113 0.91296 0.07634 1.35878 1.29771 
0.00269 0.02563 0.90747 0.14504 1.29771 1.80916 
0.01038 0.02612 0.91284 0.06107 1.26718 2.36641 
0.01599 0.03333 0.90906 -0.04580 1.27481 2.19084 
0.01563 0.03198 0.91187 -0.06107 1.23664 1.79389 
0.01587 0.03040 0.91418 0.01527 1.30534 1.59542 
0.01086 0.02722 0.90625 0.14504 1.36641 1.37405 
0.00635 0.02209 0.91309 0.10687 1.32824 1.29008 
0.00574 0.02271 0.91003 0.01527 1.37405 1.19847 
0.00671 0.02539 0.91333 -0.06107 1.31298 1.15267 
0.01428 0.02686 0.91479 0.00763 1.32824 1.16794 
0.01245 0.02991 0.90845 0.00000 1.27481 1.29008 
0.01245 0.02588 0.91309 0.04580 1.34351 1.16794 
0.00928 0.02307 0.91211 0.03817 1.32061 1.02290 
0.00806 0.02051 0.91016 0.09160 1.27481 0.38931 
0.00977 0.02625 0.91418 0.09924 1.25191 0.22901 
0.00854 0.03064 0.91455 0.16794 1.32061 0.54962 
0.01355 0.02417 0.91602 0.12977 1.29771 0.90076 
0.01514 0.02344 0.91211 0.10687 1.32824 1.10687 
0.01416 0.02478 0.91504 0.21374 1.35878 1.25954 
0.00977 0.02698 0.91589 0.13740 1.45038 1.41221 
0.00793 0.02173 0.91296 0.09160 1.34351 1.22137 
0.00732 0.02686 0.91394 0.01527 1.32061 1.16031 
0.01147 0.02551 0.91345 0.06870 1.31298 1.22137 
0.00964 0.02783 0.90894 0.08397 1.31298 1.56489 
0.01501 0.02319 0.91138 -0.01527 1.27481 1.67939 
0.01050 0.02466 0.91162 -0.16794 1.27481 1.74046 
0.00964 0.02271 0.90894 -0.04580 1.32824 1.47328 
0.00952 0.02234 0.91089 -0.09924 1.29008 1.00763 
0.00867 0.02515 0.91431 0.03053 1.23664 1.12977 
0.01367 0.02197 0.91504 0.09160 1.37405 1.49618 
0.01306 0.02600 0.91016 0.12214 1.31298 1.63359 
0.01404 0.02112 0.91199 -0.03053 1.32824 1.63359 
0.01233 0.01978 0.91077 -0.08397 1.21374 1.43511 
0.00879 0.01758 0.91150 -0.15267 1.20611 0.77863 
0.00610 0.02344 0.91479 -0.06107 1.25191 0.39695 
0.00989 0.02905 0.90771 0.10687 1.29771 0.55725 
0.01208 0.02454 0.91187 0.20611 1.36641 0.90076 
0.01208 0.02039 0.91199 0.16794 1.33588 1.24427 
0.01331 0.01758 0.91309 0.04580 1.26718 1.14504 
0.00830 0.02075 0.91553 -0.07634 1.26718 0.80153 
0.00964 0.02209 0.91040 0.00000 1.28244 0.62595 
0.00964 0.02368 0.90930 -0.01527 1.24427 0.30534 
0.01099 0.02319 0.91089 0.00000 1.29008 0.53435 
0.01416 0.02612 0.91064 0.03053 1.22901 0.48855 
0.00928 0.02722 0.91125 0.03053 1.25954 0.52672 
0.01013 0.01965 0.91541 -0.03053 1.24427 0.24427 
0.00903 0.01794 0.91235 -0.03053 1.27481 -0.17557 
0.01172 0.02527 0.91406 -0.00763 1.23664 0.19084 
0.00879 0.02905 0.91150 0.08397 1.32061 0.96947 
0.00903 0.02832 0.91321 0.15267 1.33588 1.54962 
0.00830 0.03040 0.90967 0.13740 1.42748 1.68702 
0.00916 0.02673 0.91284 0.07634 1.31298 1.53435 
0.01062 0.01965 0.91138 -0.05344 1.29771 1.32824 
0.01013 0.02502 0.91516 0.00000 1.31298 1.13740 
0.01428 0.02649 0.91565 0.11450 1.29771 1.00763 
0.01367 0.02832 0.91528 0.13740 1.34351 0.83969 
0.00513 0.02808 0.91431 0.01527 1.29008 0.67939 
0.01196 0.02332 0.91406 0.00763 1.27481 0.67176 
0.01147 0.02148 0.91016 0.04580 1.19847 0.60305 
0.01343 0.02380 0.91284 0.19847 1.26718 0.80153 
0.01282 0.02295 0.91187 0.31298 1.38168 0.86260 
0.01184 0.02759 0.91699 -0.03817 1.28244 0.51908 
0.00916 0.02307 0.90918 -0.37405 1.10687 0.03817 
0.00842 0.02539 0.91589 -0.47328 1.01527 -0.26718 
0.00684 0.02393 0.91406 -0.42748 1.00000 -0.58779 
0.01221 0.02710 0.91199 -0.11450 1.18321 -0.20611 
0.01550 0.02417 0.91125 0.03053 1.24427 0.36641 
0.01404 0.02515 0.91357 0.10687 1.22137 0.69466 
0.01245 0.02966 0.91431 0.16031 1.41985 0.95420 
0.00781 0.03162 0.91614 0.25191 1.43511 1.25954 
0.00305 0.02087 0.90930 0.24427 1.30534 1.26718 
0.01147 0.02625 0.87366 0.67939 1.50382 1.21374 
0.01501 0.01758 0.91052 0.06107 1.20611 1.25191 
0.01746 0.02234 0.90942 0.44275 1.35115 1.29771 
0.01453 0.02417 0.91479 0.34351 1.39695 1.29008 
0.01123 0.02490 0.90747 0.40458 1.45802 1.25954 
0.00610 0.02454 0.91333 0.28244 1.30534 1.22901 
0.00610 0.02441 0.91040 0.32061 1.38931 1.25191 
0.01086 0.01672 0.90845 0.28244 1.35115 1.18321 
0.01257 0.02405 0.90991 0.19084 1.35878 1.23664 
0.01013 0.02954 0.91211 0.15267 1.36641 1.29771 
0.00879 0.03137 0.91467 0.12214 1.34351 1.29008 
0.00464 0.02209 0.91431 0.12977 1.38168 1.20611 
0.00891 0.01465 0.91650 0.16794 1.30534 1.25191 
0.01147 0.01733 0.91614 0.20611 1.22901 1.26718 
0.01123 0.02454 0.92126 0.22137 1.14504 1.37405 
0.00574 0.03271 0.91821 0.22137 1.14504 1.33588 
0.00232 0.03259 0.91248 0.22137 0.95420 1.24427 
-0.00232 0.03320 0.90405 -0.01527 0.86260 1.22137 
-0.00305 0.02966 0.92029 -0.10687 0.50382 1.35878 
-0.00989 0.02759 0.91296 -0.16794 0.15267 1.38931 
-0.00867 0.02185 0.91150 -0.23664 0.01527 1.36641 
-0.00977 0.02356 0.91785 -0.44275 -0.22901 1.22137 
-0.00452 0.03308 0.91577 -0.58015 -0.66412 1.25954 
0.00244 0.03577 0.92456 -0.64122 -0.90076 1.50382 
0.00110 0.03247 0.92065 -0.70992 -1.06870 1.46565 
0.00427 0.02905 0.91260 -0.73282 -1.25954 1.28244 
0.00757 0.02405 0.91931 -0.90076 -1.54198 1.35115 
0.00696 0.02295 0.92175 -1.00763 -1.80153 1.43511 
0.00269 0.01831 0.91309 -0.97710 -1.85496 1.41221 
0.00806 0.02209 0.92041 -1.00000 -1.95420 1.38931 
0.01050 0.02808 0.91736 -1.15267 -2.27481 1.28244 
0.01819 0.03284 0.91797 -1.09160 -2.32824 1.35115 
0.01672 0.02844 0.91650 -1.15267 -2.38168 1.51145 
0.04626 0.00537 0.82690 -1.50382 -3.09924 1.47328 
0.13831 -0.02283 0.91724 0.35115 1.00000 1.22137 
0.16809 -0.03198 0.90430 0.45802 0.50382 1.22137 
0.11292 -0.00391 0.81628 0.41985 2.59542 1.63359 
0.06580 0.01807 0.97864 0.16031 3.12214 1.49618 
-0.00757 0.04260 0.95032 0.51908 2.64885 1.29008 
-0.03052 0.04333 0.89880 1.32061 4.36641 1.22901 
0.01147 0.01013 0.94885 1.64885 5.02290 1.24427 
-0.01721 0.01770 0.82520 0.08397 1.61069 1.11450 
-0.02063 0.02393 0.90503 -0.32824 2.09924 1.32061 
0.01941 0.01917 1.03528 0.55725 2.51908 1.36641 
-0.00562 0.03955 0.89099 1.14504 1.74809 1.12977 
-0.00330 0.05176 0.85840 0.03053 1.66412 1.12214 
0.02478 0.03906 0.99133 -0.87023 0.09924 1.30534 
-0.00378 0.03589 0.94849 -0.30534 -0.12214 1.48092 
-0.01099 0.01978 0.91870 0.30534 1.15267 1.36641 
0.01147 0.00732 0.91064 -0.19847 0.00000 1.09924 
-0.00330 0.02380 0.87378 -0.98473 -1.12977 1.17557 
0.01233 0.02319 0.94678 -0.86260 -0.44275 1.42748 
0.02332 0.02271 0.92651 -0.06107 -0.50382 1.51908 
0.06311 0.01135 0.86694 0.28244 0.80916 1.05344 
0.10486 0.00500 0.92603 -0.36641 0.80916 0.88550 
0.09705 0.01233 0.86230 -0.45802 0.58779 1.39695 
0.05090 0.00269 0.94006 0.45802 2.79389 1.62595 
0.00208 0.01538 0.91541 0.54198 2.21374 1.12977 
-0.02673 0.02844 0.87122 0.42748 2.27481 0.93130 
0.00354 0.02747 0.95313 0.35115 2.60305 1.20611 
0.00305 0.01404 0.95325 0.28244 1.40458 1.44275 
-0.01721 0.02441 0.87952 0.02290 1.12977 1.29008 
0.01807 0.02637 0.95874 -0.12977 1.05344 1.14504 
0.02136 0.03796 0.93774 -0.17557 0.32061 1.11450 
0.01379 0.04102 0.86963 -0.10687 0.33588 1.36641 
0.04565 0.01965 0.92651 0.06107 1.24427 1.40458 
0.05164 0.00403 0.88000 0.00763 0.49618 1.13740 
0.04956 0.00085 0.89282 0.19084 1.70992 1.26718 
0.04150 0.00378 0.93213 0.15267 1.65649 1.34351 
0.01807 0.01843 0.89722 0.15267 1.41985 1.24427 
0.01208 0.02881 0.92627 0.36641 2.25191 1.09924 
0.00525 0.03455 0.91675 0.19084 1.40458 1.22901 
0.00195 0.02856 0.90308 0.09924 1.48855 1.35115 
0.01367 0.01611 0.92322 0.03053 1.24427 1.32824 
0.01306 0.01416 0.90845 -0.15267 0.71756 1.16031 
0.02795 0.01611 0.91223 0.12214 1.25954 1.12977 
0.03772 0.02258 0.90662 0.09160 0.96947 1.24427 
0.03613 0.02466 0.89514 -0.03053 1.13740 1.25954 
0.03650 0.02100 0.92737 0.02290 1.36641 1.26718 
0.02563 0.02283 0.91821 0.11450 1.22901 1.25954 
0.01257 0.01929 0.90234 0.19084 1.55725 1.31298 
0.01392 0.01086 0.91711 0.04580 1.29008 1.22901 
0.01501 0.01550 0.90918 0.09160 1.22137 1.19084 
0.02625 0.02002 0.92053 0.13740 1.39695 1.16794 
0.02808 0.02344 0.91663 0.16031 1.28244 1.21374 
0.03003 0.02954 0.90015 0.16794 1.43511 1.19084 
0.02588 0.02710 0.91431 0.08397 1.32061 1.24427 
0.01880 0.02039 0.90601 0.01527 1.25954 1.32061 
0.01563 0.01416 0.91113 0.03817 1.31298 1.27481 
0.01526 0.01440 0.90979 0.06107 1.25191 1.26718 
0.01282 0.01160 0.90479 0.00000 1.23664 1.22137 
0.02405 0.01831 0.91650 0.00000 1.25191 1.15267 
0.03064 0.02148 0.91357 0.03053 1.19084 1.16794 
0.03125 0.02441 0.90857 0.13740 1.40458 1.22901 
0.03052 0.02319 0.91101 0.12214 1.40458 1.29771 
0.02698 0.01953 0.90784 0.12977 1.41985 1.32061 
0.01758 0.01575 0.91821 0.14504 1.45802 1.26718 
0.01196 0.01782 0.91602 0.09924 1.32824 1.23664 
0.01465 0.02246 0.91748 0.03053 1.27481 1.17557 
0.01917 0.02649 0.92188 0.01527 1.19084 1.21374 
0.02417 0.02454 0.91284 -0.05344 1.17557 1.21374 
0.02649 0.02283 0.91296 0.04580 1.07634 1.22137 
0.03223 0.01538 0.90881 0.06870 1.20611 1.28244 
0.03125 0.01245 0.90393 0.07634 1.27481 1.25191 
0.02600 0.01257 0.91064 0.09924 1.37405 1.21374 
0.02112 0.02295 0.91211 0.09924 1.43511 1.17557 
0.01831 0.02686 0.91443 0.12977 1.46565 1.19084 
0.01514 0.02820 0.91492 0.09924 1.37405 1.28244 
0.01709 0.02600 0.91284 0.07634 1.23664 1.30534 
0.01904 0.01819 0.91406 0.00000 1.21374 1.24427 
0.01819 0.01501 0.91321 0.00763 1.16794 1.26718 
0.02527 0.01270 0.91138 0.06107 1.22137 1.19084 
0.02649 0.01807 0.91138 0.00763 1.28244 1.18321 
0.03345 0.02173 0.91174 0.07634 1.28244 1.22137 
0.02783 0.02771 0.91333 0.09924 1.43511 1.23664 
0.02246 0.02222 0.91174 0.07634 1.46565 1.29771 
0.01453 0.02197 0.91357 0.11450 1.41221 1.29771 
0.01563 0.01636 0.91492 0.08397 1.30534 1.26718 
0.01501 0.01794 0.91772 0.08397 1.25191 1.23664 
0.01831 0.02124 0.91235 0.14504 1.24427 1.25191 
0.02258 0.02405 0.91016 0.03053 1.22901 1.23664 
0.02393 0.02722 0.91675 -0.00763 1.25954 1.29008 
0.02478 0.02246 0.91296 0.05344 1.26718 1.29008 
0.02588 0.01611 0.91260 0.08397 1.32824 1.30534 
0.02283 0.01453 0.91248 0.03053 1.24427 1.21374 
0.02283 0.01355 0.91638 0.05344 1.27481 1.22901 
0.02051 0.01709 0.91333 0.11450 1.31298 1.21374 
0.02124 0.02258 0.91272 0.11450 1.31298 1.17557 
0.02625 0.02673 0.90845 0.05344 1.23664 1.16794 
0.02356 0.02710 0.91541 0.00763 1.21374 1.28244 
0.01965 0.02380 0.91675 0.03053 1.17557 1.29008 
0.02063 0.01392 0.91309 0.11450 1.28244 1.26718 
0.02161 0.01709 0.90796 0.08397 1.29008 1.26718 
0.02344 0.01697 0.90540 0.03817 1.23664 1.22901 
0.02209 0.02295 0.91431 0.07634 1.23664 1.15267 
0.02246 0.02856 0.91980 0.16031 1.32824 1.16794 
0.02283 0.02954 0.91553 0.16031 1.30534 1.29771 
0.02612 0.02222 0.91479 0.03053 1.23664 1.36641 
0.02246 0.01501 0.91077 0.11450 1.29771 1.25954 
0.02734 0.01196 0.91248 0.07634 1.35115 1.22901 
0.02502 0.01855 0.91248 0.06870 1.40458 1.18321 
0.02222 0.02209 0.91199 0.19847 1.41985 1.21374 
0.02075 0.02661 0.91321 0.16031 1.43511 1.23664 
