0.91919 -3.14504 1.51145 1.49618 
0.05676 0.06042 0.92603 -5.44275 1.25191 2.44275 
0.04993 0.03992 0.92773 -8.90076 2.10687 2.60305 
0.03418 0.01611 0.91016 -10.61069 2.21374 2.42748 
0.03467 -0.00208 0.90527 -10.12977 0.33588 1.64122 
0.05688 -0.00769 0.89441 -7.12214 -1.54962 -0.79389 
0.07141 0.00830 0.87903 -2.22901 -2.39695 -0.51908 
0.07349 0.02710 0.90833 1.53435 -1.01527 -1.76336 
0.06799 0.03845 0.90930 3.49618 -0.14504 -2.32824 
0.06995 0.05151 0.90613 6.67939 -1.53435 -1.19847 
0.07727 0.06360 0.92322 7.60305 -1.99237 0.55725 
0.05957 0.06091 0.93481 4.32824 -0.01527 1.94656 
0.05188 0.03845 0.94104 0.28244 1.79389 0.90076 
0.05237 0.03430 0.92432 -1.70229 0.83206 -2.11450 
0.06299 0.04443 0.91223 -0.90076 -2.45038 -4.12977 
0.07886 0.05798 0.90906 2.07634 -4.64885 -4.35878 
0.08557 0.04944 0.90186 5.59542 -6.93130 0.61832 
0.09790 0.04553 0.93237 8.47328 -7.26718 2.67176 
0.09497 0.06580 0.95227 9.29008 -5.09160 1.78626 
0.08203 0.10010 0.95251 6.94656 -3.84733 1.32824 
0.06897 0.08826 0.91064 -4.20611 -3.42748 3.50382 
0.06580 0.05188 0.87817 -11.35114 -2.35115 3.88550 
0.07031 0.02771 0.87622 -10.65649 0.40458 3.45038 
0.10400 0.02075 0.89819 -0.71756 3.16794 1.58779 
0.12244 0.04810 0.94299 4.02290 4.58015 1.96947 
0.12451 0.05457 0.95361 1.32061 4.54962 3.26718 
0.11267 0.03979 0.93542 -4.92366 3.13740 4.53435 
0.09106 0.03223 0.91663 -6.33588 0.74046 3.80153 
0.09521 0.06128 0.90308 -0.05344 -1.58779 0.79389 
0.12036 0.09534 0.90222 1.48092 -2.70229 2.35115 
0.12268 0.10303 0.89172 -1.58779 -2.16031 7.35878 
0.09192 0.08044 0.88135 -8.51908 2.01527 12.12977 
0.04956 0.04224 0.88489 -10.37405 8.63359 12.19847 
0.05518 0.03613 0.90698 -6.69466 10.80916 9.74046 
0.06970 0.03125 0.92297 -3.22137 8.89313 7.67939 
0.06775 0.02917 0.90955 -4.16031 3.13740 6.95420 
0.06287 0.01685 0.88257 -4.45038 -0.91603 6.44275 
0.06799 0.03174 0.88818 0.36641 -1.67939 5.79389 
0.10022 0.04675 0.86707 6.72519 -2.09924 7.29008 
0.10193 0.03027 0.86963 12.66412 -4.36641 12.16794 
0.08508 0.01062 0.88879 12.71756 -2.61069 12.55725 
0.05664 0.00061 0.90039 8.17557 1.19084 9.53435 
0.04785 -0.00110 0.88293 5.87023 4.57252 3.61069 
0.06543 0.02161 0.90161 5.15267 6.27481 1.30534 
0.06104 0.03247 0.91492 -0.43511 9.73282 0.03817 
0.06323 0.03528 0.92383 -6.66412 12.00000 -1.90840 
0.06702 0.02808 0.92456 -10.64122 11.32061 -3.30534 
0.05444 0.01880 0.92053 -9.62595 8.72519 -3.45802 
0.05530 0.01013 0.93201 -4.29008 4.96947 -2.77863 
0.06873 0.01709 0.93921 1.09160 -0.83969 -4.08397 
0.09668 0.04370 0.94812 2.60305 -3.63359 -4.91603 
0.10547 0.06848 0.94128 0.16031 -3.15267 -3.96183 
0.10181 0.06738 0.90674 -4.47328 -0.64885 -1.67939 
0.08789 0.03760 0.86731 -4.85496 1.67939 1.03053 
0.06934 0.03455 0.88574 0.12214 1.96183 1.87786 
0.06799 0.03674 0.92041 3.54962 1.01527 1.28244 
0.07593 0.04834 0.94482 1.97710 1.65649 -0.28244 
0.08118 0.05811 0.91992 -5.93130 4.76336 -0.52672 
0.07288 0.04395 0.91260 -7.76336 5.50382 0.87786 
0.05591 0.03613 0.91992 -5.68702 4.72519 1.56489 
0.04968 0.03503 0.91589 -2.05344 2.09160 2.16031 
0.06311 0.03394 0.89661 0.44275 -4.45038 2.38168 
0.07544 0.03516 0.89929 0.79389 -5.36641 2.45038 
0.08203 0.03406 0.90930 -2.59542 -0.29771 1.86260 
0.07178 0.01282 0.89954 -6.45802 7.48855 -0.12214 
0.06458 0.01392 0.91333 -3.35878 7.13740 -1.42748 
0.05737 0.02161 0.92480 -1.14504 3.82443 -1.54198 
0.07568 0.03589 0.90479 0.07634 0.57252 -0.06107 
0.07825 0.04089 0.89233 1.28244 -1.15267 1.24427 
0.07666 0.03845 0.90063 0.06870 1.65649 2.37405 
0.05835 0.02686 0.91492 -3.13740 5.28244 1.79389 
0.05310 0.01355 0.92297 -3.73282 5.75573 -0.45038 
0.07568 0.02344 0.91443 -2.19847 3.56489 -0.45038 
0.07825 0.02307 0.90918 0.15267 0.93130 0.79389 
0.07410 0.02100 0.91638 4.77863 -1.60305 1.75573 
0.06677 0.02258 0.93250 7.19084 -3.33588 4.12977 
0.06860 0.04297 0.93274 0.48092 -0.72519 6.93130 
0.05603 0.02319 0.90833 -2.54962 1.96947 2.90076 
0.05347 0.01709 0.91431 1.91603 0.70229 -1.04580 
0.05591 0.02844 0.93909 2.37405 -2.70992 -2.14504 
0.07837 0.03625 0.92603 -3.80916 -3.77863 2.06107 
0.08826 0.03210 0.89282 -6.32824 -1.81679 3.23664 
0.08801 0.02515 0.89307 -5.67939 1.17557 3.14504 
0.07935 0.02063 0.90369 -4.77863 3.64885 2.50382 
0.05933 0.01746 0.90564 -2.19084 1.58779 1.72519 
0.06323 0.01746 0.90479 -2.54962 0.66412 1.22901 
0.07178 0.04688 0.89990 -4.59542 2.78626 0.17557 
0.07520 0.03711 0.91064 -4.61069 7.53435 -0.17557 
0.06628 0.01440 0.91394 -1.74046 7.28244 -0.16031 
0.06372 0.01318 0.91333 -0.68702 2.43511 1.48855 
0.06226 0.01172 0.90979 0.40458 -2.03817 3.55725 
0.06580 0.00183 0.90125 0.18321 -2.26718 2.41985 
0.07568 0.01672 0.89758 3.61069 -0.55725 0.92366 
0.07446 0.02747 0.89258 5.90076 -1.59542 -1.99237 
0.07471 0.02417 0.89197 1.17557 0.19847 0.67939 
0.07214 0.01270 0.89917 -1.28244 3.05344 1.19084 
0.07861 0.01221 0.91235 -0.33588 4.71756 1.40458 
0.06140 0.00415 0.91772 2.30534 2.80153 0.90076 
0.06116 0.00427 0.92334 3.67176 -0.09924 0.62595 
0.06580 0.02136 0.91406 -0.01527 -0.85496 0.58779 
0.07922 0.03088 0.90417 -0.46565 1.41985 -0.88550 
0.08789 0.03723 0.91089 -0.30534 4.91603 -0.90076 
0.06665 0.02014 0.91736 -2.48092 7.12214 0.04580 
0.05286 0.01709 0.93555 -2.53435 6.05344 0.69466 
0.05090 0.01843 0.93469 -4.51145 3.87786 1.46565 
0.05872 0.02161 0.91931 -4.03817 2.58779 0.64885 
0.06567 0.02332 0.90613 -1.10687 1.48092 0.00000 
0.05261 -0.00159 0.90808 3.16794 -0.03053 1.33588 
0.05481 -0.00488 0.90894 4.25954 -1.59542 2.58779 
0.06641 0.01245 0.91394 3.71756 -1.81679 1.67939 
0.08118 0.02600 0.91077 2.61069 0.17557 1.19084 
0.08679 0.03210 0.91541 -0.32824 4.24427 1.71756 
0.07495 0.01685 0.91821 -0.79389 5.82443 1.45802 
0.06848 0.03076 0.91992 -0.52672 5.32061 1.94656 
0.04822 0.01111 0.91931 0.00000 2.35878 2.72519 
0.05676 0.01489 0.92102 2.19847 -0.87023 2.64885 
0.07666 0.02148 0.91187 3.84733 -1.77863 1.08397 
0.07776 0.03625 0.90723 4.38931 -1.06107 0.89313 
0.06714 0.02258 0.90588 6.03817 0.92366 1.04580 
0.06262 0.02686 0.91992 7.44275 2.06870 1.31298 
0.06458 0.03320 0.95215 19.42748 0.62595 3.64885 
0.09473 0.02136 0.95288 38.35115 -3.24427 4.54962 
0.09021 0.03564 0.97437 74.10687 -8.45038 9.74809 
0.08667 0.08032 0.95093 106.11450 -13.93893 12.11450 
0.11072 0.13647 0.94238 149.44275 -16.54962 5.93893 
0.03296 0.11743 0.89612 198.61069 -12.00000 6.12214 
0.09180 0.17529 0.85852 239.00763 -3.60305 8.00763 
0.10364 0.32227 0.88916 250.12978 8.00763 -5.39695 
0.13721 0.47375 0.79333 250.12978 18.41221 -15.45038 
0.00964 0.63989 0.65222 250.12978 24.41221 -2.51145 
-0.04468 0.38342 0.74390 250.12978 20.23664 12.00763 
0.04541 0.39893 0.77783 216.22900 9.72519 8.73282 
0.05310 0.52795 0.69312 221.58778 10.28244 -14.47328 
0.07642 0.69214 0.60144 223.38931 14.25191 -18.29008 
0.07654 0.85754 0.48914 230.60306 13.44275 -16.03053 
0.02722 0.86157 0.48682 217.85497 7.90076 -10.51145 
0.01196 0.79150 0.57251 203.71756 -0.08397 -3.87023 
0.02075 0.74377 0.48682 184.92366 -7.90076 -6.33588 
0.01794 0.87268 0.39795 154.45038 -13.26718 -7.11450 
0.04480 0.87170 0.32373 138.70229 -12.04580 -4.54962 
0.04822 0.92151 0.29468 148.54199 -12.34351 -4.16794 
0.05798 1.00183 0.22998 175.32825 -20.37405 -5.67939 
0.09094 1.00403 0.22241 190.25954 -19.92366 -3.06107 
0.06812 0.95740 0.14551 188.54199 -10.67939 3.07634 
0.03931 0.97668 0.11804 157.12213 -9.05344 7.02290 
0.04150 0.99719 0.06641 120.67939 -8.74046 6.67939 
0.07275 0.99219 0.02234 82.06107 -1.46565 9.41221 
0.07373 1.02234 -0.01318 68.90076 6.82443 7.29771 
0.05566 1.01013 0.00049 76.90839 10.48855 2.67176 
0.05627 1.02515 0.04272 78.50381 6.12977 1.78626 
0.04675 1.00647 0.01050 59.84733 1.46565 3.32824 
0.04065 0.98962 -0.04333 41.86259 -2.00763 3.87023 
0.05688 0.99878 -0.08606 36.11450 -0.54962 2.68702 
0.06641 0.98706 -0.08386 41.06870 3.74046 3.59542 
0.05859 0.98389 -0.07727 46.24427 3.68702 2.87023 
0.04492 0.97534 -0.07080 47.52672 -0.02290 1.49618 
0.05103 1.00781 -0.12585 37.12214 -5.09924 1.83969 
0.05334 1.03845 -0.13794 22.12977 -2.93893 3.74046 
0.04626 1.04907 -0.13318 8.25191 0.45802 5.33588 
0.04480 1.04993 -0.11694 -1.00763 0.30534 7.22901 
0.05676 1.02454 -0.10864 -4.59542 -0.27481 6.60305 
0.06555 1.00110 -0.13525 -3.70229 -0.52672 3.85496 
0.04993 0.97620 -0.15662 -2.33588 1.09160 1.74809 
0.06628 0.96899 -0.14490 1.63359 1.95420 1.11450 
0.05310 0.98035 -0.12317 1.98473 1.14504 0.75573 
0.06128 0.97644 -0.10925 -0.83206 -1.64885 0.99237 
0.07544 0.99658 -0.10522 -5.46565 -0.81679 0.35878 
0.06348 0.99109 -0.13342 -6.37405 0.43511 0.90076 
0.06641 0.96265 -0.14722 -5.85496 0.12977 -1.27481 
0.06555 0.97253 -0.13635 -2.16031 3.23664 -3.51145 
0.04736 0.99841 -0.10718 0.35115 4.56489 -3.01527 
0.04077 1.00232 -0.10339 0.13740 1.74046 1.00000 
0.04382 1.00134 -0.11780 -4.76336 0.29771 0.98473 
0.04810 0.99500 -0.12073 -10.16031 0.19084 -0.17557 
0.05518 0.98291 -0.11365 -9.48092 0.66412 -1.92366 
0.05029 0.99548 -0.11145 -2.00000 2.32061 -3.44275 
0.05505 1.01331 -0.11401 2.41985 3.45802 -2.49618 
0.03882 1.02051 -0.10706 4.37405 3.54198 -0.25954 
0.04236 1.01611 -0.09778 3.11450 0.18321 1.14504 
0.04041 1.01074 -0.09668 -1.06870 -0.64885 1.22901 
0.03992 1.02051 -0.09839 -3.88550 -0.03053 -0.40458 
0.03699 1.01501 -0.10803 -3.42748 0.39695 0.52672 
0.04041 1.00891 -0.10376 -0.25954 -0.34351 1.24427 
0.04565 0.99805 -0.10339 1.38168 -0.44275 2.32061 
0.04492 0.97961 -0.09778 0.19084 0.63359 1.62595 
0.04114 0.97766 -0.09302 -0.87786 -0.16031 0.51145 
0.04944 0.99646 -0.09900 -1.46565 -1.46565 -1.08397 
0.05652 1.00354 -0.10400 -2.26718 -1.76336 -0.75573 
0.05554 0.99182 -0.10913 -0.69466 -0.54198 -0.45802 
0.04932 0.97803 -0.10657 1.16794 1.09160 -0.80916 
0.03540 0.99060 -0.09314 -0.45038 0.76336 -1.83969 
0.03650 1.00977 -0.10217 -1.40458 -1.22137 -1.91603 
0.04517 1.00671 -0.12512 -1.22901 -0.95420 -1.12977 
0.05078 1.00208 -0.12048 -0.72519 0.04580 -1.63359 
0.04761 1.00220 -0.11279 -1.24427 -0.12977 -1.64885 
0.05017 1.00940 -0.11829 -1.48855 -0.13740 -0.95420 
0.04773 1.00488 -0.11133 -1.29008 1.92366 -1.72519 
0.04236 1.00073 -0.11255 -1.41221 2.91603 -1.45038 
0.03967 1.01282 -0.11096 -1.71756 1.67176 -2.12214 
0.04773 1.01929 -0.10950 -1.54198 1.48855 -1.43511 
0.04480 1.01868 -0.10266 -2.29771 2.35115 -0.25191 
0.03943 1.00220 -0.10437 -2.29008 3.56489 0.52672 
0.03198 0.99365 -0.10071 -0.99237 2.32061 0.41221 
0.03394 0.99036 -0.09558 1.09924 0.11450 0.24427 
0.03516 1.00720 -0.10413 2.02290 -1.14504 1.26718 
0.04199 1.01538 -0.10229 0.41985 -1.24427 1.47328 
0.03455 1.00696 -0.10669 0.12214 -1.83969 2.55725 
0.04492 0.98682 -0.11194 1.16794 -2.17557 2.58015 
0.04321 0.98779 -0.11755 1.61069 0.04580 1.18321 
0.03577 0.99121 -0.11536 1.71756 1.75573 0.08397 
0.03223 1.00122 -0.11584 1.80153 1.92366 -0.89313 
0.03394 1.01953 -0.10583 0.16794 1.83206 -1.15267 
0.04199 1.01221 -0.10767 -1.91603 2.04580 0.01527 
0.04504 1.00891 -0.10742 -2.67939 2.33588 0.19084 
0.04395 1.00671 -0.10718 -2.24427 2.91603 0.97710 
0.04199 0.99377 -0.11475 0.33588 3.11450 1.36641 
0.02954 0.99597 -0.11011 2.23664 3.50382 1.05344 
0.02869 1.01550 -0.10107 3.29008 2.48855 0.29008 
0.03186 1.00952 -0.08948 2.98473 -0.30534 1.46565 
0.03552 1.00610 -0.09631 3.61069 -1.58015 2.51908 
0.03723 1.00134 -0.11499 2.03817 -1.22901 2.66412 
0.03564 1.00049 -0.12000 0.40458 -0.20611 2.15267 
0.03198 1.00964 -0.10632 1.00763 1.12214 1.48092 
0.03027 1.01038 -0.09961 0.81679 0.83969 1.82443 
0.03723 1.00366 -0.10583 -1.46565 1.05344 2.33588 
0.03198 1.00171 -0.10535 -3.29771 1.19847 2.37405 
0.03174 0.99573 -0.11243 -2.96183 0.64885 2.53435 
0.04199 0.99438 -0.11230 -3.75573 -0.03053 2.60305 
0.04651 0.99805 -0.09937 -7.67176 0.45802 1.53435 
0.03186 0.98840 -0.08459 -19.27481 -0.06107 1.45802 
0.03662 0.96680 -0.07141 -45.19084 0.03817 5.35878 
0.02832 0.98889 -0.05615 -76.48855 1.25191 3.91603 
0.04126 1.04260 -0.05469 -127.42748 4.35878 3.57252 
0.03271 1.06726 -0.02698 -169.88550 6.39695 9.64886 
0.05371 0.98010 0.09497 -207.00000 8.14504 10.14504 
0.05823 0.94189 0.15710 -196.72519 4.34351 7.42748 
0.06506 0.93115 0.22485 -194.77863 -2.21374 5.48092 
0.06934 0.99670 0.28137 -231.54962 -6.79389 6.89313 
0.07922 0.97656 0.31482 -244.79390 -3.57252 7.92366 
0.07556 0.90088 0.38245 -246.98473 8.50382 7.30534 
0.08533 0.83984 0.45154 -237.26718 13.16031 4.38931 
0.02124 0.70483 0.52209 -222.15266 6.29771 7.61069 
0.04895 0.75940 0.60547 -233.21375 -3.84733 14.71756 
0.04895 0.80762 0.63867 -250.13741 -7.58779 11.36641 
0.08521 0.74792 0.68652 -250.13741 -6.74046 17.99237 
0.02844 0.63293 0.67505 -239.20610 -10.79389 23.04580 
0.08887 0.49341 0.72241 -205.24428 -17.46565 21.44275 
0.08032 0.37268 0.79187 -165.21375 -26.32825 8.58779 
0.10559 0.43799 0.82983 -166.30534 -28.28244 7.18321 
0.11365 0.54309 0.84729 -211.23665 -15.60305 14.77863 
0.10010 0.39819 0.80994 -198.90840 -9.46565 16.56489 
0.09070 0.24841 0.76379 -122.84733 -8.35114 7.56489 
0.12451 0.21716 0.78027 -101.54962 -4.67939 5.92366 
0.14966 0.23083 0.84973 -135.22137 6.74809 8.83969 
0.15039 0.18689 0.89783 -132.47328 17.48092 8.15267 
0.10266 0.16223 0.91577 -116.15267 21.28244 7.09160 
0.11328 0.12329 0.91614 -99.79389 19.96947 4.58015 
0.12183 0.08789 0.90417 -96.67175 21.99237 5.22901 
0.08777 0.08057 0.87354 -89.77863 26.73282 9.35114 
0.08655 0.01343 0.86841 -76.83969 33.03817 7.43511 
0.06970 -0.00183 0.88086 -54.41985 32.46565 3.98473 
0.08411 0.01428 0.92493 -45.25954 27.09924 4.97710 
0.07104 -0.01135 0.89758 -47.10687 25.78626 7.19847 
0.07336 -0.02856 0.87036 -42.29771 26.38168 8.00000 
0.02539 -0.04846 0.92627 -27.18321 24.77863 8.00763 
0.03271 -0.04492 0.92737 -23.73282 17.49618 5.53435 
0.04382 -0.05603 0.88611 -15.59542 9.93130 5.16031 
0.04590 -0.06750 0.87573 4.40458 10.77099 5.35115 
0.03198 -0.06006 0.91296 11.60305 11.81679 5.16794 
0.02429 -0.06311 0.95471 14.67176 7.15267 4.54962 
0.01563 -0.07434 0.95374 25.39695 -4.85496 2.52672 
-0.00464 -0.08643 0.92896 32.42748 -10.87786 2.16031 
0.02954 -0.00269 0.93896 30.05343 -9.23664 3.23664 
0.03857 0.01099 0.94690 25.27481 -5.57252 2.97710 
0.06494 0.04382 0.97656 17.96183 -4.80916 3.38931 
0.08105 0.03699 0.96655 11.57252 -12.24428 3.63359 
0.07410 0.05151 0.92480 7.64885 -14.96947 2.94656 
0.10339 0.09180 0.92163 3.80153 -12.00763 1.46565 
0.14063 0.03625 0.91028 -11.09924 -4.20611 1.37405 
0.04565 0.02112 0.93994 -24.48092 3.61069 9.89313 
0.06152 -0.04468 0.89636 -20.07634 4.52672 4.74046 
0.02332 -0.02441 0.89392 -8.71756 2.71756 6.81679 
0.04761 -0.00842 0.92871 -7.34351 2.88550 0.17557 
0.06165 -0.01892 0.88782 -11.44275 4.17557 -1.57252 
0.06677 -0.04175 0.85950 -1.48855 3.74809 -0.06107 
0.03760 -0.01843 0.88843 9.25954 1.83969 3.67939 
0.01538 -0.01746 0.89270 5.75573 1.00763 3.05344 
0.01697 -0.02612 0.87488 3.84733 -1.33588 0.67176 
0.02515 -0.01965 0.85803 6.03053 -4.78626 -1.12977 
0.03821 -0.01636 0.86365 5.24427 -5.41985 -2.43511 
0.05823 -0.00110 0.85852 11.57252 -6.64885 -2.60305 
0.06531 0.02441 0.88855 17.56489 -8.79389 1.36641 
0.05017 0.02283 0.91162 13.70992 -8.04580 3.27481 
0.05371 -0.00208 0.91016 8.80153 -5.41221 2.86260 
0.06519 0.01416 0.91833 4.91603 -2.96947 1.16794 
0.07678 0.01526 0.93762 2.15267 0.07634 2.24427 
0.06494 0.00647 0.94482 -0.26718 1.81679 3.17557 
0.06409 -0.00891 0.93726 0.57252 0.39695 2.13740 
0.08521 -0.00659 0.92175 5.48855 -2.29771 1.64885 
0.09131 0.01599 0.95093 11.95420 -0.89313 3.70992 
0.08240 0.02686 0.98511 8.49618 2.69466 3.74046 
0.08276 0.03125 0.98291 -0.57252 5.28244 0.44275 
0.08105 0.01941 0.94653 -7.45802 4.22901 -0.96183 
0.07068 0.00378 0.89612 -9.13740 1.16794 -0.82443 
0.06873 -0.00061 0.89258 -6.14504 1.12214 -1.01527 
0.06824 0.00195 0.89893 -1.57252 0.32061 -0.21374 
0.05212 0.00146 0.89050 -2.00763 -2.84733 -0.59542 
0.06006 -0.00867 0.88049 -3.34351 -3.32824 -1.41221 
0.06421 -0.00513 0.88391 -1.10687 -1.01527 -1.95420 
0.06689 0.01624 0.90198 3.13740 3.03053 -1.32824 
0.06299 0.01428 0.90698 2.15267 3.68702 -1.32824 
0.07068 0.00476 0.88989 0.38931 2.83206 -1.04580 
0.08215 -0.00110 0.89539 -0.32061 3.80916 0.72519 
0.06885 0.00159 0.90625 0.67939 6.04580 1.92366 
0.04688 -0.00281 0.91382 1.29008 7.03817 1.16031 
0.05310 0.00342 0.92810 2.07634 5.86260 -1.18321 
0.05994 0.00977 0.91687 0.37405 1.86260 -2.35115 
0.07068 0.00623 0.89575 1.83206 -0.20611 -1.72519 
0.08789 0.01904 0.92029 5.03053 0.72519 0.70992 
0.06934 0.01062 0.93054 2.73282 4.56489 2.30534 
0.05566 -0.00110 0.92065 1.40458 3.33588 1.59542 
0.05676 0.01245 0.93896 2.99237 -2.13740 -1.54198 
0.07971 0.02502 0.93604 0.55725 -2.12214 -3.41985 
0.08850 0.02832 0.92285 -0.02290 -0.24427 -3.39695 
0.08545 0.03308 0.91882 -0.16794 0.63359 -1.67939 
0.07837 0.02832 0.91504 -3.41221 1.29008 -0.03817 
0.07458 0.01990 0.90540 -4.62595 2.32061 1.34351 
0.06995 0.02673 0.91406 -3.85496 2.72519 1.54198 
0.06372 0.01392 0.91699 -4.03817 1.18321 1.29008 
0.06116 0.00183 0.89819 -4.13740 -2.12214 0.76336 
0.08411 0.01086 0.89160 -2.30534 -6.08397 0.82443 
0.10718 0.02673 0.87183 1.25191 -5.34351 3.41985 
0.09277 0.02246 0.88232 3.02290 -0.39695 5.85496 
0.08252 0.02112 0.92249 0.16031 3.87786 3.64122 
0.05896 -0.00134 0.94092 -6.15267 9.15267 0.86260 
0.02759 -0.01819 0.92822 -6.46565 12.87786 -0.06107 
0.04712 -0.02368 0.91479 -0.89313 8.36641 -1.16031 
0.06470 0.00037 0.91223 6.73282 -0.99237 0.58015 
0.07886 0.02112 0.91992 6.93893 -6.80153 2.70992 
0.07007 0.01465 0.91357 3.82443 -1.45802 2.99237 
0.06116 0.02222 0.90845 0.38931 3.76336 2.69466 
0.05432 0.02014 0.92297 -5.22901 6.35115 1.66412 
0.06213 -0.00476 0.89185 -7.48855 5.16794 -1.25191 
0.07312 0.00183 0.89331 0.19084 1.51908 -0.65649 
0.07568 0.01526 0.90271 2.31298 0.48092 1.44275 
0.06897 0.02100 0.92078 2.60305 0.34351 2.90840 
0.06165 0.01855 0.91052 0.22137 -0.50382 2.98473 
0.05884 0.00403 0.90735 -2.51908 -2.96183 2.35115 
0.06860 -0.00256 0.89636 -2.96947 -1.09924 0.76336 
0.07202 0.00427 0.90454 -2.49618 3.49618 0.24427 
0.06628 0.00183 0.91565 -1.97710 7.22137 -0.19847 
0.06470 0.00610 0.92737 -1.34351 5.65649 -0.06107 
0.06604 0.00024 0.93494 -0.23664 2.61069 0.54962 
0.06995 -0.00049 0.93115 0.38168 0.32061 1.45038 
0.06274 -0.00110 0.91882 2.22901 -0.30534 0.90840 
0.06238 0.00061 0.91785 3.60305 -0.41221 1.87786 
0.05554 0.00940 0.91296 2.67939 -0.79389 1.77099 
0.05713 -0.00488 0.92017 1.86260 -0.32061 0.30534 
0.06763 0.00586 0.91516 0.45038 0.92366 -0.80916 
0.07666 0.01660 0.91138 -1.75573 2.16794 -0.41985 
0.06982 0.00635 0.90723 -1.27481 2.54198 0.23664 
0.05127 -0.01611 0.90759 1.70992 2.19084 0.43511 
0.04773 -0.01758 0.92615 2.18321 0.97710 -0.47328 
0.05725 0.00171 0.92053 2.55725 -0.21374 -1.23664 
0.07446 0.02307 0.91968 1.63359 -1.16031 -0.74809 
0.08020 0.03125 0.90332 0.61832 0.45802 -0.29771 
0.08240 0.01819 0.90100 -0.52672 1.45038 -0.00763 
0.07471 0.00964 0.89771 -1.32061 2.83206 1.06107 
0.06262 0.00391 0.89258 -0.06870 3.81679 2.07634 
0.05945 0.00439 0.89978 4.03053 1.67176 0.86260 
0.06506 0.00513 0.90967 4.74046 0.32061 -0.60305 
0.06348 0.01233 0.91602 6.47328 1.25954 -1.00763 
0.07312 0.01709 0.92139 8.85496 1.98473 -1.28244 
0.09094 0.03613 0.93958 10.47328 1.57252 -0.72519 
0.09033 0.03760 0.93958 13.06870 1.26718 0.25191 
0.07605 0.03369 0.92712 16.53435 0.19084 2.74809 
0.06152 0.03333 0.92114 16.81679 -1.21374 3.51145 
0.03784 0.03809 0.93677 17.33588 -1.50382 1.32061 
0.06897 0.05273 0.93530 21.52672 -2.30534 -0.90840 
0.09546 0.06482 0.93945 25.56489 -2.00763 -1.24427 
0.08887 0.06750 0.92188 31.03817 1.98473 -1.04580 
0.06836 0.07043 0.90283 35.41221 3.25191 0.80153 
0.04639 0.07410 0.90979 33.85496 0.38168 2.18321 
0.06213 0.08276 0.91321 31.65649 -3.01527 1.90840 
0.07031 0.08752 0.91101 36.41985 -3.14504 -1.69466 
0.07043 0.08752 0.87585 43.87023 -2.70229 -2.44275 
0.07996 0.11157 0.86255 50.33588 -2.64885 -2.15267 
0.11743 0.15186 0.91382 51.73283 -0.80916 -1.17557 
0.07422 0.12830 0.92297 60.62595 0.63359 2.09924 
0.03223 0.12976 0.90234 66.70992 -0.40458 4.54962 
0.06799 0.20190 0.88379 64.64886 -0.25191 -1.32824 
0.09204 0.24231 0.88025 64.28244 -1.01527 -3.99237 
0.07581 0.19006 0.88574 77.09161 -4.00763 -2.30534 
0.04224 0.17224 0.87659 86.77863 -8.09924 2.85496 
0.10193 0.29370 0.87915 68.22900 -5.97710 1.74809 
0.11853 0.34729 0.87891 48.93893 -2.83969 -4.58015 
0.08618 0.30835 0.86438 56.09924 -3.79389 -4.71756 
0.07178 0.30225 0.83447 73.84733 -9.16794 -5.11450 
0.07996 0.29724 0.82153 89.19847 -11.74809 -5.82443 
0.10950 0.38940 0.84583 85.48092 -7.29008 -0.61069 
0.10498 0.40161 0.86877 71.67175 -3.83969 -0.28244 
0.09680 0.42029 0.83350 65.80916 -3.74809 -1.42748 
0.09424 0.44116 0.77417 68.70992 -4.95420 -4.45038 
0.10669 0.42566 0.75940 83.61069 -2.33588 -6.96183 
0.11279 0.43616 0.79468 110.71756 3.01527 -6.33588 
0.11072 0.58252 0.84900 102.67175 4.58779 0.44275 
0.04871 0.54907 0.80530 79.96183 -2.25954 11.27481 
0.06409 0.50146 0.74585 68.29771 -6.87786 10.02290 
0.09399 0.55334 0.68005 84.54198 -4.23664 -9.52672 
0.11646 0.56396 0.70972 102.03053 1.61069 -12.62595 
0.11072 0.61621 0.72693 117.22137 6.19084 -11.61832 
0.10413 0.67188 0.70959 105.14503 4.81679 -5.12977 
0.08655 0.68481 0.68799 79.13741 3.61832 3.78626 
0.06995 0.67896 0.62183 70.25191 4.01527 -0.06870 
0.06958 0.65955 0.59753 75.87786 3.98473 -5.17557 
0.08496 0.66455 0.59302 85.37405 2.44275 -8.40458 
0.10046 0.67676 0.58630 91.17558 2.46565 -9.57252 
0.10754 0.75317 0.57471 92.32825 9.45038 -11.07634 
0.10132 0.81653 0.57556 82.77863 13.25191 -6.53435 
0.06494 0.81396 0.55823 68.44275 11.85496 1.44275 
0.05164 0.74890 0.51306 62.90840 4.25191 5.60305 
0.05457 0.74451 0.47571 67.41985 1.67176 -0.09160 
0.07532 0.77991 0.47778 75.86259 2.46565 -3.80153 
0.07666 0.82568 0.49402 84.61832 5.77863 -2.31298 
0.05664 0.83948 0.45251 82.57252 3.48092 3.15267 
0.05798 0.86133 0.42761 72.75572 0.45802 8.00000 
0.05762 0.85156 0.40784 65.61069 -0.11450 8.07634 
0.06873 0.85681 0.37598 67.19084 1.54198 4.18321 
0.06995 0.85999 0.37891 70.19847 0.79389 5.16794 
0.07959 0.85632 0.36670 76.30534 -0.53435 6.31298 
0.07739 0.87500 0.35107 82.16794 -0.78626 6.58015 
0.07263 0.88379 0.32776 78.16031 -2.66412 7.61832 
0.07031 0.90283 0.29663 68.81680 -4.57252 6.75573 
0.07532 0.92834 0.27795 62.40458 -3.25954 2.70992 
0.09351 0.95764 0.27283 63.46565 2.13740 -1.60305 
0.09351 0.95496 0.25537 68.13741 3.66412 -0.20611 
0.08337 0.96851 0.25195 74.94656 -0.03053 3.48092 
0.07910 0.98071 0.23914 79.75572 -4.52672 8.02290 
0.07654 0.96460 0.21130 79.54198 -4.84733 8.78626 
0.07312 0.96484 0.17810 73.51145 -2.55725 6.20611 
0.08752 0.98804 0.15967 65.31298 -0.35115 3.16794 
0.09436 1.02075 0.13037 58.50382 1.31298 2.35878 
0.09949 1.00439 0.11816 68.47328 0.77099 1.08397 
0.10156 0.98718 0.10071 81.96947 -1.03817 3.60305 
0.09033 0.98950 0.08154 80.77100 -1.75573 6.65649 
0.08801 0.97949 0.04150 63.52672 -1.22901 9.09160 
0.07983 0.97351 0.02136 54.87023 -0.61069 7.45802 
0.08203 0.99097 0.02222 55.83969 -1.29008 2.09160 
0.09705 0.99902 0.00049 62.11450 -3.22137 -4.09160 
0.09058 1.00024 -0.02905 53.64122 -3.04580 -3.98473 
0.08752 0.98303 -0.05994 48.34351 -2.07634 -4.07634 
0.09326 0.98315 -0.04980 43.12977 -0.22901 -6.04580 
0.08386 1.00439 -0.04382 32.58015 2.25191 -4.93130 
0.07141 0.98706 -0.06189 15.64886 3.09924 -3.34351 
0.07690 1.01257 -0.06885 9.75572 3.06870 -3.89313 
0.07471 1.02271 -0.07312 11.20611 1.21374 -2.32061 
0.08594 1.00024 -0.07776 22.81679 -1.07634 -2.77099 
0.08887 1.02209 -0.06897 25.37405 1.80916 -1.36641 
0.07251 1.02124 -0.05322 13.37405 3.41221 2.57252 
0.06531 1.01892 -0.06738 2.76336 -0.45802 4.00763 
0.07788 1.02307 -0.06604 -2.07634 -3.48855 4.09924 
0.07739 1.00977 -0.08301 -2.70992 -3.97710 4.12214 
0.08081 0.99121 -0.09937 -0.64122 -3.38931 2.73282 
0.08667 1.00061 -0.08936 3.55725 -1.71756 2.49618 
0.08264 1.00696 -0.06934 5.13740 -1.54198 3.43511 
0.07874 1.00488 -0.05933 2.67939 -1.63359 3.22901 
0.07703 1.01172 -0.08618 -2.40458 -0.89313 -0.11450 
0.08203 1.00854 -0.08569 -2.82443 0.77099 -0.72519 
0.08228 0.99573 -0.09058 -0.56489 0.72519 0.90840 
0.08923 0.99500 -0.08057 0.48092 1.11450 1.80153 
0.08350 1.00977 -0.07361 1.00000 2.25191 2.78626 
0.08533 1.00769 -0.07422 0.54962 2.90076 2.23664 
0.08606 1.01135 -0.07141 1.06870 3.22137 0.22901 
0.08203 1.01086 -0.06665 -1.57252 2.11450 1.00763 
0.08069 1.00903 -0.07336 -4.20611 -0.09160 1.77863 
0.07935 0.99500 -0.09521 -3.71756 -0.57252 1.84733 
0.08569 0.98560 -0.09192 0.61832 1.43511 0.30534 
0.08264 0.98877 -0.07214 1.48092 2.00000 0.22137 
0.08044 0.99646 -0.07190 -0.47328 2.42748 0.48092 
0.07520 1.00269 -0.07568 -3.89313 2.83206 -0.59542 
0.07544 1.00513 -0.07898 -5.22901 1.09160 -0.36641 
0.07910 0.99255 -0.09326 -3.56489 0.15267 0.74809 
0.07544 0.98657 -0.09009 0.43511 1.04580 1.47328 
0.07324 0.99414 -0.08948 -0.52672 0.72519 2.56489 
0.07227 0.98987 -0.08618 -0.93130 0.46565 2.00000 
0.08203 0.99133 -0.08606 0.77099 0.83206 0.08397 
0.08240 0.99487 -0.08997 -0.51908 2.00763 -0.22901 
0.08325 1.00085 -0.08228 -1.79389 1.45802 0.61832 
0.07776 0.99866 -0.09216 -0.93130 2.08397 0.65649 
0.08093 0.99585 -0.08704 0.09160 3.03053 -1.14504 
0.08044 1.00891 -0.07849 -1.24427 3.41985 -1.75573 
0.07458 1.00500 -0.06641 -2.11450 2.75573 -1.51908 
0.08118 1.00330 -0.07153 -1.13740 0.70229 -0.03053 
0.07446 1.01135 -0.08484 -0.10687 0.81679 0.95420 
0.07593 1.01489 -0.09412 0.67939 1.64122 0.46565 
0.07361 1.01318 -0.08630 0.93893 2.43511 0.46565 
0.07776 1.00696 -0.07434 1.25954 1.09160 0.48855 
0.07227 0.99866 -0.06909 1.69466 -0.53435 0.96947 
0.07507 0.99768 -0.07495 1.13740 -0.53435 1.23664 
0.07434 1.00635 -0.07776 0.04580 1.41985 1.00000 
0.06873 1.00366 -0.07556 1.54198 1.84733 0.46565 
0.07031 1.00403 -0.06885 3.25191 0.70229 0.54962 
0.06885 1.00281 -0.07373 2.73282 -0.55725 1.18321 
0.06604 1.00159 -0.07715 1.03053 -0.70992 1.17557 
0.07239 0.99866 -0.08557 0.25954 -0.25954 1.37405 
0.07556 0.99292 -0.08557 -0.03053 1.93893 0.90840 
0.07568 0.99414 -0.07190 -0.16794 2.68702 0.89313 
0.07214 0.99927 -0.06934 -0.08397 0.49618 1.62595 
0.07214 0.99402 -0.08264 0.41985 -0.60305 2.16794 
0.07312 1.00024 -0.09058 0.63359 -0.49618 1.80916 
0.07813 1.00000 -0.08398 0.96183 0.42748 0.75573 
0.07861 0.99780 -0.08362 0.52672 0.63359 0.29008 
0.07629 1.01050 -0.08301 -0.09160 0.58015 0.41221 
0.07666 1.01343 -0.08423 -0.69466 0.19084 0.99237 
0.07263 0.99146 -0.09717 0.83206 0.06107 1.71756 
0.07349 0.99341 -0.09192 2.11450 0.45802 0.85496 
0.08020 0.99683 -0.08643 0.77099 0.18321 0.77099 
0.08032 1.00073 -0.08740 -1.38168 0.29771 1.22901 
0.08044 1.00208 -0.08960 -2.14504 1.20611 0.93893 
0.07629 1.00574 -0.07788 -1.22901 2.49618 0.79389 
0.07935 1.00342 -0.06262 -1.70992 1.83969 1.96183 
0.07349 0.98938 -0.07739 -0.73282 0.30534 2.38931 
0.07422 1.00342 -0.07532 -1.41221 0.39695 1.06107 
0.07422 1.01184 -0.07239 -2.57252 0.77863 0.77099 
0.07886 1.00586 -0.07947 -2.25954 1.36641 0.72519 
0.07312 0.98755 -0.08276 -0.90840 1.85496 0.67939 
0.07458 0.99683 -0.07678 -3.01527 1.19084 1.06870 
0.07471 1.00525 -0.07727 -5.09160 1.58015 1.14504 
0.07214 1.00793 -0.06860 -7.31298 3.43511 0.33588 
0.07349 1.01306 -0.06287 -9.42748 3.11450 -0.03817 
0.06726 1.01648 -0.06921 -11.67939 2.22901 -0.42748 
0.06616 0.99927 -0.06592 -16.11450 0.47328 0.08397 
0.08044 0.99670 -0.07385 -20.58015 1.55725 -0.28244 
0.07886 0.98718 -0.05750 -30.03053 2.79389 -0.41985 
0.06555 0.99097 -0.03455 -40.82443 3.55725 -0.34351 
0.06592 1.00928 -0.01978 -39.66412 3.05344 -0.79389 
0.07153 0.99890 -0.02209 -38.35115 2.50382 0.38168 
0.07202 0.98853 -0.00830 -41.11450 3.83969 2.36641 
0.07019 0.98999 0.01697 -52.35878 3.90076 3.19847 
0.06323 0.99255 0.02979 -54.49618 2.58779 -0.07634 
0.06946 0.96631 0.04309 -56.42748 0.97710 -1.09924 
0.07031 0.98193 0.07654 -61.29008 3.03817 -1.87023 
0.06958 1.01428 0.10303 -57.78626 4.49618 -2.90840 
0.06921 0.99561 0.10938 -53.02290 2.72519 -1.98473 
0.06409 0.99475 0.12207 -64.84733 0.15267 1.06870 
0.07227 1.02185 0.14990 -80.45802 -1.22137 5.96947 
0.06592 1.00464 0.17590 -74.13741 -3.03817 7.22137 
0.06714 0.95398 0.18164 -66.02290 -5.60305 7.82443 
0.07861 0.93433 0.18225 -65.44275 -3.22901 1.93130 
0.09778 0.96143 0.21277 -78.19084 1.64122 -0.19084 
0.09839 0.99927 0.23682 -80.50381 5.77099 1.12214 
0.08069 0.98792 0.27625 -73.36641 3.28244 6.24427 
0.06494 0.95654 0.29199 -64.54962 -3.29008 9.71756 
0.08191 0.93201 0.29224 -57.21374 -7.45038 10.55725 
0.08386 0.90625 0.29224 -58.29008 -4.48855 11.42748 
0.08728 0.90588 0.30933 -58.59542 -0.31298 8.06107 
0.08936 0.89514 0.32910 -60.25191 0.67176 6.64885 
0.09912 0.90271 0.35437 -69.50381 -1.21374 6.64885 
0.09680 0.90955 0.36987 -77.30534 -2.41985 5.55725 
0.09094 0.88550 0.38037 -76.26717 -2.98473 6.03817 
0.09143 0.82349 0.37622 -66.80916 -1.57252 5.58015 
0.09399 0.80408 0.39233 -69.72519 3.13740 5.13740 
0.10144 0.81531 0.42981 -81.17558 7.14504 2.55725 
0.09143 0.82300 0.46069 -97.51908 8.13740 0.51145 
0.10571 0.83167 0.48450 -99.61069 8.51908 -0.14504 
0.11621 0.80896 0.50635 -93.85497 11.82443 2.27481 
0.08557 0.75342 0.51257 -95.49619 14.30534 7.47328 
0.08679 0.73462 0.56079 -107.63359 12.25191 6.12977 
0.08020 0.71692 0.61279 -106.50381 8.20611 6.03817 
0.06445 0.66821 0.61499 -107.45038 4.09924 6.32061 
0.08618 0.70129 0.61023 -121.48855 2.36641 3.83969 
0.10901 0.70996 0.65662 -123.58015 5.07634 -1.16031 
0.10571 0.64233 0.67883 -107.73283 7.58779 2.49618 
0.07739 0.57007 0.68066 -96.36641 6.53435 7.77099 
0.09058 0.55615 0.73352 -111.61832 3.50382 7.17557 
0.08057 0.59778 0.74878 -119.77863 3.86260 6.39695 
0.09253 0.57825 0.78149 -122.91603 1.93893 6.71756 
0.06958 0.49451 0.79407 -105.83969 1.45038 8.66412 
0.07434 0.44995 0.81372 -96.45802 -1.51145 7.25954 
0.09387 0.45886 0.81970 -101.52672 -3.53435 6.54198 
0.10693 0.42114 0.81091 -103.29008 -2.41985 7.67939 
0.10657 0.38086 0.81909 -95.83969 -0.75573 8.86260 
0.08423 0.38647 0.83606 -93.19847 2.57252 11.17557 
0.11389 0.36584 0.85938 -112.03817 2.42748 12.74046 
0.11780 0.28271 0.85107 -101.43511 4.87786 11.01527 
0.09619 0.23730 0.85034 -77.20611 9.41985 8.74809 
0.09644 0.23511 0.85376 -73.48092 12.74809 7.06870 
0.09216 0.25146 0.87109 -76.45038 15.93130 5.37405 
0.09717 0.23999 0.89990 -73.18320 17.96947 4.70229 
0.08594 0.20190 0.91614 -71.49619 19.94657 7.20611 
0.07678 0.17859 0.92993 -71.07633 21.38168 8.02290 
0.06604 0.14661 0.89612 -62.16031 18.85496 4.47328 
0.05701 0.12744 0.86792 -49.26717 14.73282 3.45802 
0.06677 0.11829 0.86914 -39.20611 12.87786 2.49618 
0.07019 0.13281 0.88867 -40.82443 20.67939 3.51908 
0.05444 0.11182 0.88892 -43.14504 24.54198 1.19847 
0.05652 0.10095 0.90540 -42.16794 22.20611 0.91603 
0.04443 0.06360 0.94482 -44.13741 19.68702 -0.61069 
0.04517 0.07471 0.92969 -43.68702 19.41221 -2.45038 
0.04089 0.04297 0.88330 -40.16031 16.49618 -2.29008 
0.03333 0.02930 0.89746 -28.68702 13.34351 -1.64885 
0.02734 0.01257 0.91895 -19.77099 7.78626 -0.45802 
0.02673 0.02991 0.91797 -15.35114 -1.17557 -1.35878 
0.06372 0.06421 0.92334 -15.03817 -0.93893 -2.51908 
0.07336 0.06897 0.94019 -12.61069 2.56489 -1.32061 
0.02710 0.01648 0.95190 -14.16031 -0.80153 1.70229 
0.03394 0.01941 0.92590 -11.82443 -5.43511 -2.27481 
0.04150 0.02222 0.86133 1.25191 -14.99237 -5.07634 
0.04834 0.01294 0.87927 3.56489 -15.59542 -2.48855 
0.01587 0.07556 0.99963 -3.88550 -6.79389 -3.01527 
0.10181 -0.03040 0.92468 -37.15267 12.43511 -14.28244 
0.06421 -0.00623 0.84912 -17.46565 9.46565 -11.33588 
0.04822 0.00146 0.86023 -0.58015 -1.41221 -3.74046 
0.03955 0.00952 0.92517 -3.31298 -2.37405 2.14504 
0.01794 -0.00732 0.92432 -4.73282 1.16031 2.02290 
0.00500 -0.03198 0.89001 -2.45802 0.54962 -1.23664 
0.03625 -0.00806 0.87634 -0.35115 -4.54198 -3.46565 
0.05444 -0.00989 0.86951 1.42748 -5.73282 -1.94656 
0.05383 -0.01135 0.86804 8.17557 -5.72519 0.19847 
0.05151 0.00073 0.89099 14.06107 -6.05344 0.98473 
0.05884 0.01563 0.92383 18.12977 -3.36641 -0.02290 
0.04382 0.01929 0.95508 17.39695 1.12977 0.37405 
0.03918 0.02161 0.94128 13.58015 0.06870 0.96183 
0.04163 0.02161 0.93811 12.02290 -2.48092 -1.11450 
0.05725 0.02209 0.94348 11.80916 -2.35878 -1.24427 
0.05164 0.01941 0.94238 15.28244 1.17557 -0.68702 
0.04993 0.02380 0.90527 19.29771 0.33588 0.49618 
0.05273 0.03857 0.89404 22.35878 -2.65649 0.70229 
0.08386 0.05627 0.88721 16.03053 -3.29771 3.81679 
0.07275 0.05103 0.91895 8.19084 -1.96947 4.15267 
0.03442 0.03296 0.92712 7.68702 0.49618 3.91603 
0.02124 0.03833 0.91638 8.71756 1.77863 1.76336 
0.02148 0.05737 0.91223 3.47328 2.25954 -1.51145 
0.05481 0.06091 0.92493 -6.61069 4.55725 -3.51908 
0.05518 0.04138 0.91455 -10.32061 5.93893 -4.13740 
0.04187 0.02417 0.89783 -7.71756 4.17557 -5.04580 
0.04260 0.03784 0.88904 0.16794 -0.76336 -6.87023 
0.08423 0.07544 0.91553 1.05344 -2.03053 -6.64122 
0.11255 0.08704 0.92285 -0.58015 -1.48092 -2.97710 
0.07886 0.06079 0.89001 -0.71756 -4.61069 2.39695 
0.04700 0.04114 0.90881 -1.81679 -6.41221 4.66412 
0.04541 0.04419 0.93567 -3.36641 -5.31298 3.74809 
0.05164 0.04944 0.92102 -5.06107 -2.83969 1.74046 
0.03906 0.04626 0.89771 -11.27481 -0.75573 0.45802 
0.04907 0.03687 0.89514 -14.67939 1.63359 0.51908 
0.05615 0.01624 0.91492 -10.20611 3.12214 1.40458 
0.03760 0.02332 0.92090 0.78626 0.80916 2.98473 
0.02368 0.03235 0.92371 -0.61069 -1.06870 2.13740 
0.04834 0.02820 0.91748 -6.50382 -0.16031 -0.16031 
0.07520 0.02222 0.92334 -6.64885 1.53435 -1.89313 
0.09558 0.00220 0.91504 -2.43511 0.33588 -1.85496 
0.10120 -0.02075 0.94861 1.15267 -2.59542 -0.41985 
0.09790 -0.00244 1.03406 3.54198 -2.32824 -0.09924 
0.06702 0.04492 1.09485 12.93130 0.87786 -2.82443 
0.06238 0.08154 1.04993 14.07634 -2.02290 -4.09924 
0.06824 0.08325 0.95093 1.07634 -8.95420 -3.45038 
0.06470 0.02393 0.87561 -18.15267 -14.95420 -0.72519 
0.05518 -0.01843 0.83301 -15.15267 -12.19847 -1.25954 
0.05212 -0.01819 0.83252 -2.63359 -5.61832 -3.47328 
0.06323 0.01282 0.87170 1.95420 -1.06107 -5.97710 
0.07849 0.03796 0.88977 0.00763 2.58779 -7.11450 
0.07117 0.03906 0.86975 -4.60305 5.65649 -4.61832 
0.06348 0.03015 0.84546 -1.64885 4.24427 -2.28244 
0.05701 0.01782 0.85864 2.66412 2.24427 -0.80916 
0.06030 0.01001 0.89514 7.20611 2.70992 -2.10687 
0.06433 0.02063 0.91394 13.43511 4.16031 -6.88550 
0.07788 0.03699 0.90320 12.35878 3.56489 -8.29008 
0.09119 0.05652 0.90112 7.22901 2.18321 -7.82443 
0.12964 0.06995 0.91711 4.45802 1.45802 -3.77099 
0.12720 0.06519 0.90466 5.05344 -0.38168 1.14504 
0.09607 0.05261 0.91077 5.59542 -2.67939 4.44275 
0.06458 0.04077 0.91980 2.69466 -3.91603 5.14504 
0.07361 0.03857 0.91724 1.39695 -1.35115 1.36641 
0.08618 0.04565 0.91248 1.35878 0.30534 0.29008 
0.08484 0.05933 0.91003 1.18321 0.45802 1.40458 
0.07520 0.05920 0.90979 -0.32824 -0.06870 2.98473 
0.06140 0.05640 0.91614 -3.72519 1.05344 3.90076 
0.04578 0.04126 0.91138 -5.38168 3.12214 2.85496 
0.04309 0.02917 0.88904 -4.90076 2.39695 1.45038 
0.05359 0.01929 0.88733 -2.85496 0.94656 -0.43511 
0.07825 0.02625 0.90271 1.97710 0.61832 -2.03053 
0.09973 0.04968 0.90967 6.83206 1.88550 -1.09160 
0.09998 0.05286 0.91553 8.63359 2.17557 0.51908 
0.09314 0.05908 0.94275 8.38168 2.19084 2.96183 
0.07361 0.05225 0.95178 4.55725 1.94656 3.08397 
0.07043 0.04089 0.94214 -0.67939 0.12977 0.52672 
0.08252 0.05151 0.92688 -2.75573 -2.16031 -0.18321 
0.09021 0.05225 0.91431 -5.00000 -2.70229 0.22901 
0.09241 0.03821 0.90466 -6.58015 -1.45038 1.03817 
0.07959 0.03687 0.89746 -0.14504 0.76336 1.51145 
0.06848 0.05139 0.91479 2.20611 1.07634 0.95420 
0.06250 0.06152 0.90967 1.21374 1.26718 0.32061 
0.07739 0.06018 0.88110 -0.81679 0.45038 0.24427 
0.08337 0.04700 0.87769 -3.72519 -1.74046 1.50382 
0.09253 0.03748 0.89050 -2.74046 -1.51908 1.63359 
0.09741 0.03931 0.90881 1.24427 1.49618 1.41985 
0.09302 0.04822 0.91235 3.15267 4.70229 1.47328 
0.07861 0.03552 0.91541 1.70992 5.78626 1.32061 
0.08069 0.03113 0.92383 -0.40458 4.06870 1.45802 
0.08923 0.04443 0.93530 -1.40458 1.81679 0.90840 
0.08911 0.05200 0.93262 -2.84733 0.51908 1.52672 
0.07373 0.02930 0.91846 -5.68702 0.83969 2.02290 
0.06555 0.01953 0.92188 -1.92366 0.54962 1.36641 
0.06018 0.02490 0.91626 1.16031 -0.77099 0.58015 
0.07214 0.03345 0.89795 -0.77099 -2.00000 0.52672 
0.08728 0.02917 0.90259 -0.36641 -2.00000 0.80916 
0.08557 0.04175 0.91187 1.26718 -0.60305 0.84733 
0.08508 0.04456 0.90894 -0.61832 1.10687 -0.04580 
0.09338 0.04407 0.89917 -1.81679 2.07634 -0.53435 
0.08289 0.04382 0.89319 -1.75573 2.21374 1.12977 
0.07031 0.03198 0.90015 -2.14504 1.83969 1.68702 
0.06311 0.02625 0.91748 -0.88550 1.70992 0.69466 
0.07629 0.03528 0.92493 1.06870 2.38168 -1.25954 
0.09973 0.05627 0.92395 2.86260 2.62595 -1.79389 
0.10559 0.06079 0.91528 2.44275 1.14504 0.09924 
0.09802 0.05347 0.90625 -0.61069 -0.51908 2.25954 
0.09485 0.03259 0.89990 -1.12977 -1.59542 2.90076 
0.08521 0.03662 0.91699 1.35878 -1.33588 1.63359 
0.09033 0.04712 0.92517 1.71756 0.32061 0.29008 
0.09143 0.04639 0.91479 1.02290 0.95420 0.84733 
0.07935 0.04614 0.90735 -0.87023 0.46565 1.98473 
0.08020 0.03882 0.90271 -4.12214 -0.35878 2.92366 
0.07239 0.02466 0.91125 -4.41221 0.08397 2.60305 
0.07153 0.02344 0.91821 -1.81679 1.77099 0.93130 
0.06848 0.03223 0.91675 0.76336 2.55725 -0.28244 
0.08252 0.03491 0.90747 1.93893 0.75573 -0.13740 
0.08716 0.03516 0.90759 1.41985 -1.50382 0.96947 
0.08777 0.03455 0.90552 0.60305 -2.25191 1.06870 
0.09363 0.03564 0.89734 -0.09160 -1.10687 1.03817 
0.10059 0.03369 0.90625 0.66412 1.77099 1.54962 
0.08679 0.03650 0.91443 1.60305 2.41985 1.84733 
0.07629 0.02588 0.90466 1.06107 1.16031 1.58015 
0.06763 0.01526 0.90308 0.80916 -1.06870 1.25954 
0.07092 0.02234 0.92493 1.55725 -1.57252 0.26718 
0.08154 0.04431 0.93066 2.87023 1.01527 -2.42748 
0.09583 0.05750 0.90881 3.45802 2.12977 -2.25191 
0.10205 0.06189 0.90222 2.59542 1.41221 -0.99237 
0.08984 0.05554 0.90051 0.02290 0.27481 0.61832 
0.08960 0.03552 0.90759 -2.76336 0.48092 0.63359 
0.09338 0.02747 0.91833 0.60305 1.11450 -0.96183 
0.10095 0.05115 0.91724 4.77099 1.06870 -2.28244 
0.11511 0.07080 0.90527 3.74046 0.72519 -1.45802 
0.11523 0.06323 0.90271 0.01527 -0.08397 2.28244 
0.09814 0.04614 0.91296 -2.54198 -0.31298 4.42748 
0.07544 0.02271 0.91772 -3.96183 0.32824 3.41985 
0.07410 0.02246 0.91479 -1.41221 1.05344 0.79389 
0.08826 0.04407 0.90698 0.21374 1.19847 -0.28244 
0.09875 0.04761 0.90857 -1.48092 1.12214 0.90076 
0.09717 0.03613 0.91455 -2.54962 0.95420 2.35878 
0.07788 0.02869 0.92798 0.51145 -0.00763 2.22137 
0.07336 0.04492 0.90308 1.64122 -0.84733 0.70229 
0.09119 0.04968 0.88647 -0.77099 -0.99237 0.19084 
0.10046 0.04663 0.88916 -1.50382 0.02290 1.12977 
0.10425 0.04199 0.91028 -0.10687 1.72519 2.01527 
0.09314 0.04492 0.92456 1.09924 3.25954 1.16794 
0.08936 0.04736 0.91284 0.78626 3.23664 0.82443 
0.09595 0.03809 0.90930 -0.70229 2.19084 1.25191 
0.09473 0.03821 0.90710 -1.71756 0.43511 1.30534 
0.10071 0.03845 0.91553 -1.37405 -0.91603 1.74046 
0.09570 0.03955 0.91736 -0.51145 -0.51908 2.76336 
0.08679 0.03455 0.91077 -0.68702 0.93130 1.93893 
0.08765 0.04321 0.91589 -0.52672 1.78626 0.77099 
0.10303 0.04712 0.911