0.02319 0.03223 0.91052 0.19084 1.17557 1.31298 
0.02429 0.03406 0.91492 0.16031 1.15267 1.31298 
0.02808 0.04248 0.91040 0.06107 1.20611 1.22137 
0.02808 0.03516 0.91382 -0.08397 1.47328 1.22137 
0.02087 0.03601 0.92126 -0.06107 1.47328 1.35878 
0.02063 0.03064 0.91296 0.19847 1.16031 1.29008 
0.02429 0.02698 0.91125 0.23664 1.15267 1.28244 
0.02222 0.03577 0.90894 -0.03053 1.50382 1.21374 
0.02087 0.04163 0.92627 0.00000 1.39695 1.20611 
0.02002 0.04102 0.91931 0.20611 1.12214 1.19847 
0.02917 0.03638 0.91260 0.16031 1.12977 1.26718 
0.03186 0.03516 0.90906 -0.06107 1.30534 1.29771 
0.02551 0.03430 0.91431 -0.06107 1.48092 1.26718 
0.01843 0.03259 0.91956 0.09924 1.23664 1.19847 
0.01501 0.03503 0.91125 0.22901 1.19084 1.22137 
0.02051 0.03503 0.90735 0.06107 1.25191 1.23664 
0.02612 0.03833 0.91394 -0.01527 1.36641 1.25954 
0.02722 0.03772 0.91833 0.09924 1.25954 1.29008 
0.02527 0.03406 0.90649 0.18321 1.22901 1.18321 
0.02222 0.03076 0.91174 0.04580 1.25191 1.21374 
0.01953 0.02808 0.91260 -0.05344 1.33588 1.28244 
0.02124 0.03442 0.91687 0.05344 1.29771 1.29771 
0.02502 0.03418 0.90979 0.16031 1.15267 1.29008 
0.02869 0.03479 0.91016 0.04580 1.19847 1.27481 
0.02478 0.03687 0.91272 -0.09160 1.48855 1.25191 
0.02063 0.03687 0.91541 -0.03817 1.48092 1.25954 
0.02112 0.03149 0.91345 0.12214 1.15267 1.28244 
0.02478 0.03577 0.90576 0.09160 1.23664 1.32824 
0.02380 0.03528 0.91113 -0.01527 1.39695 1.28244 
0.02197 0.03882 0.91748 -0.05344 1.38168 1.24427 
0.02161 0.03760 0.91711 0.14504 1.17557 1.22137 
0.02332 0.03516 0.90698 0.19084 1.25954 1.25954 
0.02417 0.03650 0.91211 -0.01527 1.36641 1.25191 
0.02563 0.03552 0.91638 -0.01527 1.43511 1.23664 
0.02527 0.03406 0.91431 0.13740 1.26718 1.22901 
0.02686 0.03223 0.90808 0.00763 1.25954 1.25191 
0.02234 0.03296 0.90967 -0.06870 1.41221 1.17557 
0.02209 0.03088 0.91541 -0.06107 1.39695 1.24427 
0.02136 0.03076 0.91406 0.01527 1.24427 1.23664 
0.02466 0.03088 0.90967 0.16031 1.19847 1.22901 
0.02356 0.03687 0.91345 0.03817 1.35115 1.19084 
0.02576 0.04065 0.91235 -0.02290 1.35115 1.25191 
0.02454 0.04126 0.92029 0.05344 1.32061 1.22901 
0.02417 0.03748 0.91187 0.05344 1.23664 1.22901 
0.02185 0.03528 0.90735 0.08397 1.29771 1.31298 
0.02185 0.03210 0.91370 0.00763 1.34351 1.19084 
0.02332 0.03113 0.91443 0.04580 1.36641 1.20611 
0.02515 0.03101 0.91187 0.06870 1.27481 1.22901 
0.02747 0.03650 0.90710 0.07634 1.25954 1.25191 
0.02783 0.03638 0.90869 0.01527 1.32824 1.26718 
0.02454 0.03564 0.91345 0.04580 1.33588 1.19847 
0.02307 0.03296 0.91187 0.00763 1.22901 1.25191 
0.02429 0.03320 0.91870 0.04580 1.32824 1.23664 
0.02551 0.03479 0.91223 0.01527 1.27481 1.22901 
0.02844 0.03577 0.91370 0.04580 1.30534 1.22137 
0.02551 0.03674 0.91516 0.05344 1.26718 1.27481 
0.02161 0.03784 0.91101 0.04580 1.25191 1.23664 
0.02051 0.03235 0.90869 -0.01527 1.38931 1.28244 
0.02441 0.03186 0.91260 0.00763 1.35878 1.27481 
0.02600 0.03320 0.90991 0.13740 1.33588 1.27481 
0.02380 0.03198 0.91211 0.03053 1.25191 1.22901 
0.02295 0.03186 0.91565 0.05344 1.22901 1.24427 
0.02356 0.03625 0.91467 0.03053 1.29008 1.29008 
0.02417 0.03723 0.91602 0.05344 1.28244 1.29771 
0.02576 0.03674 0.91406 0.09160 1.18321 1.23664 
0.02234 0.03345 0.90491 0.07634 1.29771 1.25191 
0.02649 0.03491 0.91870 -0.01527 1.32061 1.19084 
0.02576 0.03333 0.90930 0.01527 1.35115 1.24427 
0.02490 0.03467 0.91333 0.08397 1.25954 1.24427 
0.02393 0.03162 0.90881 0.11450 1.22901 1.20611 
0.02454 0.03369 0.90869 -0.00763 1.40458 1.20611 
0.02307 0.03442 0.91321 0.04580 1.30534 1.28244 
0.02319 0.03467 0.91382 0.05344 1.22137 1.23664 
0.02490 0.03503 0.90613 0.09160 1.27481 1.26718 
0.02380 0.03577 0.90820 0.03817 1.33588 1.25191 
0.02185 0.03430 0.91882 0.06870 1.26718 1.22137 
0.02441 0.03369 0.91357 0.09160 1.22901 1.25191 
0.02344 0.03162 0.91052 0.02290 1.32061 1.26718 
0.02563 0.03406 0.91211 0.01527 1.35115 1.29771 
0.02710 0.03333 0.91394 0.03053 1.33588 1.25954 
0.02490 0.03467 0.91772 0.02290 1.29008 1.27481 
0.02356 0.03467 0.91028 0.02290 1.29008 1.29771 
0.02393 0.03174 0.91101 0.00763 1.27481 1.29771 
0.02258 0.03442 0.91199 0.00763 1.32061 1.28244 
0.02625 0.03589 0.91089 0.00763 1.22901 1.31298 
0.02515 0.03943 0.91602 -0.02290 1.22901 1.22137 
0.02393 0.03882 0.91296 -0.02290 1.28244 0.60305 
0.02478 0.03210 0.91772 0.04580 1.32061 0.61069 
0.02161 0.02954 0.91357 0.10687 1.26718 0.66412 
0.02478 0.03540 0.91357 0.01527 1.24427 0.18321 
0.02234 0.03235 0.91296 -0.03817 1.19847 -0.40458 
0.02332 0.03979 0.91321 0.00763 1.32824 -0.47328 
0.02319 0.03394 0.91443 0.06870 1.32824 -0.85496 
0.02283 0.03528 0.91089 0.08397 1.28244 -0.58015 
0.02722 0.03235 0.91284 0.00000 1.32824 0.28244 
0.02417 0.03357 0.91138 0.04580 1.38931 1.19847 
0.02051 0.03357 0.91028 -0.06107 1.31298 1.22137 
0.02441 0.03552 0.91138 0.02290 1.25954 1.26718 
0.02393 0.03894 0.91479 0.04580 1.26718 1.09160 
0.02441 0.03699 0.91296 -0.03053 1.30534 1.02290 
0.02539 0.03613 0.90979 -0.06870 1.29008 1.09924 
0.02734 0.03333 0.91626 -0.00763 1.22901 1.10687 
0.02551 0.02930 0.91394 0.01527 1.27481 1.16794 
0.02380 0.03442 0.91028 0.02290 1.30534 1.13740 
0.02429 0.03833 0.91492 -0.03053 1.26718 1.04580 
0.02527 0.03772 0.90967 0.00763 1.29008 0.80916 
0.02429 0.03540 0.91431 0.06870 1.31298 0.86260 
0.02356 0.03320 0.91333 0.03053 1.34351 1.16031 
0.02344 0.02869 0.91101 0.00763 1.35115 1.28244 
0.02332 0.03064 0.91772 0.06107 1.31298 1.18321 
0.02478 0.03455 0.90979 0.02290 1.31298 1.06107 
0.02368 0.03943 0.91589 0.05344 1.25954 0.96183 
0.02405 0.03979 0.91235 -0.02290 1.32824 0.92366 
0.02649 0.03687 0.91699 0.03053 1.36641 0.97710 
0.02502 0.03259 0.91016 0.05344 1.25191 1.09160 
0.02405 0.03076 0.91174 0.01527 1.25954 1.20611 
0.02600 0.03455 0.91504 0.07634 1.29008 1.19084 
0.02625 0.03503 0.90930 0.09160 1.23664 1.15267 
0.02429 0.03955 0.91333 0.08397 1.32061 1.16794 
0.02429 0.03638 0.91309 0.00000 1.38931 1.17557 
0.02368 0.03284 0.91541 0.00000 1.38168 1.28244 
0.02393 0.03027 0.91150 0.06107 1.28244 1.29008 
0.02319 0.03296 0.91272 0.07634 1.32061 1.22901 
0.02783 0.03271 0.91479 0.05344 1.25954 1.19847 
0.02490 0.03857 0.91248 0.09160 1.25191 1.26718 
0.02368 0.03809 0.91431 0.00763 1.26718 1.20611 
0.02368 0.03503 0.91235 0.01527 1.26718 1.22137 
0.02258 0.02966 0.91321 0.04580 1.33588 1.24427 
0.02161 0.03125 0.90759 0.02290 1.34351 1.21374 
0.02026 0.03247 0.91101 0.04580 1.25954 1.19847 
0.02490 0.03479 0.91248 0.07634 1.28244 1.17557 
0.02478 0.03711 0.91589 0.07634 1.35115 1.20611 
0.02307 0.03308 0.91370 0.10687 1.29771 1.25954 
0.02527 0.03369 0.91504 0.04580 1.32061 1.28244 
0.02588 0.03308 0.91211 0.11450 1.29771 1.27481 
0.02356 0.03625 0.91199 0.08397 1.32824 1.24427 
0.02319 0.03674 0.91101 0.04580 1.27481 1.22137 
0.02502 0.03394 0.90979 0.11450 1.33588 1.24427 
0.02380 0.03577 0.91467 0.14504 1.24427 1.16794 
0.02527 0.03784 0.90930 0.12977 1.35878 1.12214 
0.02283 0.03601 0.91125 0.12214 1.32061 1.19084 
0.02234 0.03345 0.90918 0.04580 1.36641 1.29771 
0.02600 0.03235 0.91736 0.00763 1.36641 1.29008 
0.02734 0.03369 0.91431 -0.04580 1.29008 1.22901 
0.02478 0.03418 0.91418 -0.03053 1.29008 1.25954 
0.02087 0.03650 0.90881 0.04580 1.29008 1.28244 
0.02100 0.03430 0.91077 0.01527 1.30534 1.24427 
0.02612 0.03467 0.91626 -0.02290 1.34351 1.26718 
0.02942 0.03442 0.91272 0.00763 1.25954 1.29771 
0.02576 0.03394 0.91260 0.02290 1.27481 1.28244 
0.02429 0.03430 0.91248 0.00763 1.34351 1.22901 
0.02283 0.03210 0.91260 0.01527 1.22901 1.16794 
0.02100 0.03552 0.91235 0.00000 1.22137 1.29771 
0.02747 0.03748 0.91125 -0.03053 1.30534 1.27481 
0.02515 0.03577 0.91113 -0.03817 1.29771 1.23664 
0.02393 0.03467 0.91785 0.02290 1.29008 1.26718 
0.01904 0.03137 0.91003 0.06870 1.30534 1.26718 
0.02795 0.02808 0.90808 0.13740 1.38168 1.70229 
0.03467 0.02234 0.91406 0.16794 1.38931 3.31298 
0.06934 -0.03894 0.91418 0.19084 1.65649 12.72519 
0.07690 -0.04480 0.91394 0.70229 2.79389 70.97710 
0.03516 -0.01160 0.91492 1.16794 3.80916 121.32061 
0.01343 -0.01221 0.91028 1.54962 4.61069 159.12978 
0.01135 0.01941 0.91467 1.65649 4.83969 168.89313 
0.03687 0.00427 0.91589 1.49618 4.54962 154.03053 
0.07642 -0.01111 0.90894 1.54962 4.55725 153.47328 
0.14734 0.05151 0.91370 1.77099 5.37405 192.66412 
0.02979 0.01941 0.91528 1.98473 5.99237 229.35115 
-0.04871 0.00452 0.91614 2.20611 6.37405 247.96947 
-0.02478 0.03674 0.90820 2.18321 6.04580 233.29771 
-0.01721 0.03992 0.91370 1.99237 5.54962 203.81679 
0.03821 0.03137 0.91431 1.79389 5.08397 179.91603 
0.07227 0.05579 0.91296 1.77863 5.19847 188.15266 
0.03333 0.19934 0.91052 1.90076 5.72519 214.77863 
0.02466 0.07361 0.91272 2.00763 5.70229 215.46565 
0.05347 -0.05579 0.91711 1.88550 5.51145 206.99237 
0.19507 -0.12427 0.91870 1.68702 5.07634 181.88550 
0.06909 0.08337 0.91760 1.58015 4.63359 160.43512 
0.10632 0.17236 0.91345 1.51145 4.50382 152.21375 
0.05920 0.25391 0.90771 1.56489 4.96947 182.29771 
0.04504 0.02832 0.90820 1.61832 5.16031 190.69466 
-0.06543 -0.02722 0.91260 1.52672 4.74046 169.90076 
0.05664 -0.03088 0.91650 1.35115 4.06870 138.73282 
0.07764 -0.00952 0.91492 1.16794 3.54198 115.10687 
0.06213 0.03113 0.91638 1.01527 3.54198 111.25954 
0.00769 0.03503 0.91003 1.00763 3.00000 71.44275 
0.01428 0.01062 0.91846 0.77863 2.81679 65.08397 
0.00037 -0.02197 0.91248 0.67939 2.60305 63.64122 
0.03076 -0.02246 0.91479 0.61069 2.54198 62.69466 
0.06946 -0.01270 0.91333 0.45038 2.46565 61.35115 
0.06677 -0.00464 0.91675 0.41221 2.24427 52.97710 
0.06750 -0.02576 0.90930 0.29771 2.09924 49.66412 
0.04578 0.07007 0.91321 0.43511 2.22901 50.19084 
0.01233 0.07996 0.91211 0.63359 2.44275 50.62595 
0.03430 0.03674 0.91858 0.60305 2.42748 49.31298 
0.04749 -0.01050 0.91394 0.34351 2.08397 50.54962 
0.06470 0.02283 0.90588 0.22137 2.07634 53.43512 
0.03687 0.07849 0.90833 0.48855 2.40458 51.34351 
0.05066 0.06104 0.91760 0.63359 2.45802 49.06107 
0.02576 0.04053 0.91724 0.46565 2.16031 50.20611 
0.06042 0.08435 0.90710 0.41221 2.49618 76.90076 
0.05835 0.09790 0.90649 0.61832 2.62595 67.95420 
0.05725 0.04663 0.91101 0.68702 2.72519 58.49618 
0.04871 0.03503 0.92297 0.52672 2.59542 67.68702 
0.01343 0.04114 0.91357 0.23664 2.14504 55.85496 
0.01245 0.03833 0.90247 0.49618 2.28244 48.12977 
0.05444 0.04309 0.91187 0.69466 2.38168 47.81680 
-0.06311 0.04419 0.92761 0.66412 2.49618 54.07634 
0.04346 0.01379 0.91443 0.09160 1.59542 23.77863 
0.03137 0.03174 0.90295 0.12977 1.62595 24.44275 
0.01660 0.03210 0.90881 0.40458 1.85496 20.78626 
0.02063 0.02722 0.91516 0.34351 1.66412 17.54962 
0.02710 0.02747 0.91187 -0.05344 1.26718 12.72519 
0.03198 0.02124 0.90063 -0.02290 1.31298 9.58779 
0.02527 0.02625 0.91101 0.26718 1.58015 6.93893 
0.03320 0.02515 0.91821 0.16794 1.41985 3.70992 
0.03003 0.02844 0.92310 -0.06870 1.25191 2.52672 
0.03137 0.02039 0.90710 -0.06870 1.17557 1.87786 
0.03467 0.02197 0.91113 0.17557 1.38931 1.67939 
0.03967 0.02332 0.91724 0.14504 1.42748 1.71756 
0.03857 0.01990 0.92224 -0.06107 1.25191 1.80916 
0.03979 0.02014 0.90906 -0.07634 1.24427 1.54198 
0.03638 0.02258 0.91309 0.18321 1.45038 1.35115 
0.03040 0.02185 0.91833 0.25191 1.46565 1.53435 
0.03320 0.02185 0.91956 0.08397 1.33588 1.52672 
0.03613 0.02502 0.91187 -0.08397 1.21374 1.61832 
0.03931 0.01428 0.90674 0.13740 1.35878 1.81679 
0.04089 0.01868 0.91565 0.22137 1.43511 1.84733 
0.04211 0.02185 0.91577 0.09160 1.34351 1.56489 
0.03918 0.02112 0.90869 0.01527 1.26718 1.48092 
0.03455 0.02258 0.90698 0.12977 1.29771 1.43511 
0.03247 0.02417 0.91833 0.18321 1.45038 1.36641 
0.03235 0.02356 0.91650 0.10687 1.32061 1.33588 
0.03210 0.01965 0.91187 0.01527 1.29008 1.32061 
0.03674 0.02258 0.90857 0.11450 1.28244 1.38168 
0.04065 0.01929 0.91040 0.15267 1.38931 1.32824 
0.04150 0.02075 0.91174 0.08397 1.33588 1.37405 
0.04028 0.01941 0.91455 0.03053 1.30534 1.47328 
0.03442 0.02087 0.91553 0.09160 1.30534 1.50382 
0.03369 0.02417 0.91211 0.12977 1.35115 1.57252 
0.03723 0.02087 0.91589 0.08397 1.35878 1.67939 
0.03967 0.02100 0.91516 0.01527 1.31298 1.87023 
0.03918 0.01917 0.91956 -0.16794 1.36641 2.03817 
0.03833 0.01929 0.91907 0.06107 1.38168 2.03053 
0.03503 0.02063 0.90955 0.09924 1.29771 1.84733 
0.03247 0.02234 0.91431 0.03053 1.27481 1.82443 
0.03613 0.02209 0.91248 0.06870 1.31298 2.01527 
0.03528 0.02368 0.91113 0.13740 1.31298 1.96183 
0.03711 0.02209 0.91724 0.03053 1.32061 1.75573 
0.03796 0.01929 0.91382 -0.01527 1.27481 1.52672 
0.03564 0.02197 0.90710 0.04580 1.25191 1.49618 
0.03369 0.02393 0.91675 0.09924 1.33588 1.56489 
0.03418 0.02283 0.91235 0.06107 1.33588 1.68702 
0.03540 0.01904 0.91028 0.00763 1.25191 1.69466 
0.03613 0.02087 0.91211 -0.03817 1.26718 1.61069 
0.03992 0.02112 0.91333 0.06107 1.30534 1.54198 
0.03528 0.02112 0.91821 0.05344 1.30534 1.78626 
0.03516 0.02087 0.91187 0.00763 1.27481 2.49618 
0.03516 0.02222 0.91199 0.01527 1.28244 2.93130 
0.03809 0.02112 0.91211 0.12214 1.32061 2.93130 
0.03967 0.02039 0.91711 0.09924 1.41985 2.48855 
0.03882 0.02234 0.91956 0.09160 1.27481 2.00000 
0.03467 0.02185 0.91187 0.08397 1.25954 1.64885 
0.03113 0.02454 0.91028 0.12214 1.41221 1.71756 
0.03088 0.02148 0.91309 0.08397 1.39695 1.98473 
0.03845 0.02087 0.91382 0.03053 1.27481 2.24427 
0.04004 0.01843 0.91248 -0.01527 1.25191 2.23664 
0.04114 0.02466 0.90881 0.07634 1.35878 1.87023 
0.03882 0.02051 0.91235 0.07634 1.34351 1.78626 
0.03613 0.02441 0.91211 0.01527 1.29008 1.74046 
0.03223 0.02466 0.91284 0.02290 1.32061 1.70992 
0.03394 0.02124 0.90881 0.10687 1.37405 1.80153 
0.03564 0.01904 0.91113 0.11450 1.36641 1.77863 
0.03760 0.02075 0.91602 0.03817 1.30534 1.63359 
0.04016 0.01990 0.91418 0.00763 1.29771 1.71756 
0.03821 0.02026 0.91565 0.03817 1.31298 1.71756 
0.03625 0.02502 0.91174 0.11450 1.29008 1.84733 
0.03394 0.02319 0.91638 0.07634 1.26718 1.77863 
0.03784 0.02026 0.91528 0.09160 1.27481 1.95420 
0.03491 0.01953 0.91138 0.03053 1.30534 2.09924 
0.03760 0.02112 0.91199 0.02290 1.36641 2.02290 
0.03967 0.01990 0.91284 0.12977 1.36641 2.12214 
0.03760 0.02209 0.91626 0.05344 1.37405 2.58015 
0.03528 0.02271 0.91235 0.04580 1.31298 3.58015 
0.03467 0.02173 0.91394 0.03053 1.35878 4.00000 
0.03528 0.01929 0.91272 0.09924 1.31298 3.49618 
0.03674 0.01892 0.91406 0.06870 1.35878 2.76336 
0.03870 0.02209 0.91370 0.06870 1.34351 2.32061 
0.03564 0.02087 0.91138 0.05344 1.33588 2.04580 
0.03284 0.02209 0.91138 0.03817 1.37405 2.09924 
0.03455 0.01929 0.91199 0.12977 1.35878 2.24427 
0.03662 0.01807 0.91309 0.06107 1.36641 2.41221 
0.03650 0.02136 0.91541 0.02290 1.27481 2.48855 
0.03931 0.02600 0.91040 0.01527 1.32824 2.45038 
0.03845 0.02283 0.91260 0.10687 1.42748 2.58779 
0.03796 0.02100 0.91455 0.09924 1.33588 2.65649 
0.03613 0.01892 0.91492 0.05344 1.27481 2.78626 
0.03723 0.02112 0.91345 0.07634 1.31298 3.00763 
0.03540 0.01941 0.91418 0.10687 1.41221 3.27481 
0.03430 0.02319 0.91431 0.10687 1.41985 3.67939 
0.03259 0.02173 0.91504 -0.00763 1.32061 3.95420 
0.03735 0.01965 0.90881 0.03817 1.30534 3.64122 
0.03662 0.02356 0.91040 0.06107 1.35878 3.24427 
0.03601 0.02197 0.91443 0.11450 1.32061 2.75573 
0.03528 0.02112 0.91260 0.09924 1.34351 2.70992 
0.03613 0.02124 0.91748 0.03817 1.26718 2.70992 
0.03699 0.02075 0.91272 0.06107 1.29771 2.78626 
0.03638 0.02063 0.91138 0.09160 1.35878 2.83206 
0.03796 0.02063 0.91162 0.02290 1.28244 2.77099 
0.03833 0.01880 0.91528 0.06870 1.33588 2.59542 
0.03613 0.02087 0.91443 0.05344 1.31298 2.41221 
0.03369 0.02380 0.91504 0.04580 1.35878 2.38931 
0.03369 0.02222 0.91553 -0.01527 1.25954 2.47328 
0.03735 0.02173 0.91113 0.04580 1.32061 2.76336 
0.03674 0.01807 0.91345 0.05344 1.32824 2.80153 
0.03723 0.01770 0.91711 0.06107 1.30534 3.00000 
0.03589 0.01953 0.91919 0.09924 1.34351 3.59542 
0.03406 0.02209 0.91187 0.05344 1.35878 4.19084 
0.03662 0.02271 0.91138 0.04580 1.30534 4.29008 
0.03784 0.02136 0.91504 0.09924 1.25191 3.82443 
0.03723 0.02197 0.92004 0.09160 1.32824 3.53435 
0.03662 0.01880 0.91150 0.09160 1.29008 3.42748 
0.03442 0.01978 0.91516 0.16031 1.32061 3.36641 
0.03577 0.02161 0.90723 0.09160 1.36641 3.28244 
0.03662 0.02161 0.91455 0.02290 1.41985 3.27481 
0.03857 0.01880 0.91687 0.06870 1.37405 2.90840 
0.03601 0.02014 0.90930 0.03053 1.34351 2.76336 
0.03625 0.01868 0.91064 0.03817 1.32061 2.83969 
0.03345 0.01917 0.91541 0.11450 1.38168 2.74809 
0.03625 0.02246 0.91541 0.01527 1.32061 2.03817 
0.03601 0.02112 0.91016 -0.06870 1.27481 1.41985 
0.03650 0.02234 0.91101 0.00000 1.29008 1.25954 
0.03406 0.02527 0.90649 -0.09160 1.31298 1.19847 
0.03442 0.02124 0.90173 0.00000 1.27481 -0.45038 
0.04700 0.01843 0.90967 -0.05344 1.09924 -4.50382 
0.04993 0.02319 0.91675 -0.09160 0.98473 -16.06107 
0.02136 0.04736 0.91553 -0.21374 0.53435 -37.83206 
0.02698 0.04382 0.90417 -0.37405 0.23664 -52.34351 
0.03015 0.04675 0.91797 -0.33588 0.45038 -45.83969 
0.03503 0.02576 0.91443 -0.29008 0.33588 -43.71756 
0.04883 0.01770 0.91321 -0.48092 0.10687 -57.56488 
0.05566 -0.02161 0.92126 -0.72519 -0.46565 -83.36641 
0.07349 0.07568 0.91199 -0.60305 -0.43511 -88.21374 
0.08459 0.02600 0.91516 -0.76336 -0.87023 -108.93893 
0.04114 0.04016 0.90662 -0.67939 -0.79389 -104.80916 
-0.01379 0.04346 0.91187 -0.87786 -1.08397 -112.04580 
-0.02820 0.01868 0.91724 -1.11450 -1.38931 -125.57252 
0.02966 0.03857 0.91028 -1.23664 -1.44275 -121.21374 
0.07886 0.02698 0.91064 -1.34351 -1.57252 -125.73283 
-0.01855 -0.04138 0.92078 -1.54198 -2.33588 -171.43512 
0.14355 0.06396 0.91504 -1.50382 -2.51145 -186.47328 
0.09497 0.05640 0.90942 -1.43511 -2.58015 -173.29771 
0.15515 0.07629 0.91516 -1.61832 -2.74809 -182.58015 
0.03125 -0.03809 0.92322 -2.03053 -3.80153 -240.06870 
-0.18384 -0.00330 0.90076 -2.58779 -4.87023 -250.13741 
0.09851 -0.02795 0.91394 -2.69466 -4.62595 -250.13741 
-0.07349 0.01440 0.90320 -2.54198 -4.74046 -250.13741 
0.01233 -0.02014 0.91357 -2.34351 -3.91603 -242.35115 
0.00317 0.01758 0.91260 -1.95420 -3.25191 -218.39694 
-0.04480 -0.00708 0.91760 -2.20611 -3.73282 -235.42747 
0.04089 -0.10608 0.91760 -2.43511 -4.13740 -250.13741 
-0.03101 0.04797 0.90674 -2.58015 -4.58779 -250.13741 
-0.04224 0.05701 0.90613 -2.43511 -4.46565 -250.13741 
0.07227 0.13501 0.91125 -1.90076 -2.83969 -204.29771 
0.18567 -0.00525 0.91626 -1.37405 -1.82443 -153.93893 
-0.05103 0.08936 0.90771 -0.93130 -1.13740 -110.06107 
0.00586 0.02234 0.90930 -0.94656 -0.87786 -97.70992 
0.04321 0.05359 0.91089 -0.74046 -0.29008 -81.59542 
0.01917 0.04956 0.91028 -0.44275 0.15267 -58.96947 
0.01013 0.01770 0.91980 -0.22901 0.46565 -36.83969 
0.00854 -0.00745 0.91711 -0.41221 0.51145 -39.62595 
0.01672 0.02576 0.91113 -0.43511 0.32061 -45.77099 
0.03979 0.06445 0.91113 -0.27481 0.35115 -42.47328 
0.04785 0.04602 0.91199 -0.06870 0.73282 -27.64886 
0.01904 0.02441 0.90881 -0.25954 0.91603 -17.07634 
0.01196 0.01013 0.92041 -0.29771 1.03817 -17.61832 
0.01831 0.04443 0.90967 -0.09160 0.75573 -17.67939 
0.02917 0.05115 0.90979 -0.02290 0.85496 -15.70229 
0.02795 0.04346 0.90710 -0.06870 1.16794 -8.22137 
0.03699 0.03394 0.91858 -0.09924 1.23664 -5.48855 
0.02686 0.03040 0.91602 0.04580 1.22137 -2.06107 
0.01978 0.03723 0.91235 0.12214 1.24427 -0.67939 
0.02344 0.02881 0.90930 0.07634 1.30534 0.12214 
0.02576 0.03308 0.90698 0.01527 1.30534 0.93130 
0.02283 0.04065 0.91223 0.09160 1.25191 1.17557 
0.02673 0.03979 0.90894 0.10687 1.25954 1.17557 
0.02759 0.03772 0.90955 -0.02290 1.22137 1.20611 
0.02014 0.03259 0.90820 -0.10687 1.31298 1.29771 
0.02283 0.02905 0.91833 0.03053 1.35878 1.58015 
0.02710 0.02747 0.91370 0.04580 1.23664 1.93130 
0.03015 0.02881 0.91370 0.04580 1.17557 1.99237 
0.02881 0.03931 0.91003 -0.02290 1.21374 1.72519 
0.02686 0.03821 0.91541 -0.05344 1.33588 1.46565 
0.02405 0.03516 0.91492 0.03053 1.26718 1.48855 
0.01770 0.03564 0.91211 -0.08397 1.25954 1.37405 
0.02344 0.03174 0.90881 -0.03817 1.32824 1.33588 
0.03271 0.03088 0.91150 0.01527 1.36641 1.25191 
0.03113 0.03381 0.91479 0.02290 1.29771 1.25191 
0.02283 0.03748 0.91223 0.01527 1.25191 1.30534 
0.02466 0.03735 0.90845 -0.04580 1.24427 1.56489 
0.02039 0.03687 0.91052 -0.12214 1.26718 1.53435 
0.02466 0.03687 0.91943 -0.10687 1.29771 1.46565 
0.02246 0.03271 0.91650 -0.02290 1.24427 1.45802 
0.02319 0.03076 0.90686 0.11450 1.22137 1.52672 
0.02576 0.03271 0.91028 0.12977 1.36641 1.70229 
0.02686 0.03528 0.91064 0.09924 1.33588 1.80916 
0.02820 0.03687 0.91589 0.06107 1.19847 1.80153 
0.02576 0.03601 0.91309 0.00000 1.25954 1.48092 
0.02490 0.03308 0.91235 0.03053 1.32824 1.26718 
0.02649 0.03406 0.91248 0.04580 1.35115 1.29008 
0.02502 0.03455 0.90686 0.06870 1.23664 1.34351 
0.02612 0.03406 0.91125 0.06870 1.35878 1.45802 
0.02698 0.03442 0.91345 0.05344 1.34351 1.41985 
0.02637 0.03162 0.91418 0.06107 1.35115 1.41985 
0.02502 0.03284 0.91187 -0.00763 1.26718 1.32061 
0.02576 0.03613 0.91125 0.03053 1.19084 1.28244 
0.02710 0.03271 0.91052 0.01527 1.37405 1.25191 
0.02734 0.03503 0.90955 0.06870 1.35878 1.43511 
0.02319 0.03638 0.91394 0.06107 1.34351 1.40458 
0.02161 0.03345 0.90979 0.02290 1.34351 1.30534 
0.02271 0.03479 0.91467 0.00763 1.38931 1.40458 
0.02600 0.03699 0.91199 0.06870 1.28244 1.45038 
0.03113 0.03564 0.91248 0.08397 1.27481 1.56489 
0.02905 0.03162 0.91174 -0.01527 1.24427 1.70992 
0.02417 0.03455 0.91003 0.01527 1.28244 1.68702 
0.02197 0.03125 0.91174 -0.01527 1.32824 1.58015 
0.02222 0.03162 0.91748 -0.04580 1.28244 1.62595 
0.02588 0.03503 0.91467 -0.00763 1.25954 1.70992 
0.02930 0.03638 0.91162 -0.00763 1.27481 1.66412 
0.03101 0.03662 0.91626 -0.00763 1.25954 1.60305 
0.02319 0.03247 0.90930 -0.09160 1.29008 1.50382 
0.01721 0.03235 0.91614 -0.08397 1.27481 1.65649 
0.01941 0.03394 0.91296 -0.06870 1.16794 1.77099 
0.02356 0.03723 0.91431 -0.07634 1.16031 1.56489 
0.03101 0.03760 0.91211 -0.05344 1.18321 1.48855 
0.03210 0.03491 0.91260 -0.07634 1.27481 1.35115 
0.02649 0.03320 0.91846 -0.03817 1.27481 1.30534 
0.02136 0.03003 0.91577 -0.02290 1.33588 1.38931 
0.02271 0.03186 0.91211 0.07634 1.22901 1.37405 
0.02527 0.03711 0.91272 0.04580 1.22137 1.40458 
0.02881 0.03796 0.91064 -0.11450 1.28244 1.24427 
0.02869 0.03589 0.91431 -0.08397 1.28244 1.24427 
0.02454 0.03625 0.92090 0.04580 1.29008 1.22137 
0.02307 0.03418 0.90955 0.16031 1.34351 1.19847 
0.01978 0.03198 0.91382 0.08397 1.32061 1.25191 
0.02515 0.03247 0.91125 0.07634 1.27481 1.28244 
0.02722 0.03259 0.91113 0.00763 1.25191 1.25191 
0.02917 0.03320 0.90906 0.00763 1.26718 1.31298 
0.02795 0.03796 0.90637 0.09160 1.30534 1.24427 
0.02283 0.03723 0.91614 0.08397 1.28244 1.33588 
0.02368 0.03442 0.91565 -0.00763 1.38168 1.35878 
0.02319 0.03223 0.91553 0.03053 1.34351 1.38168 
0.02600 0.03638 0.91187 0.07634 1.32061 1.33588 
0.02405 0.03247 0.91077 0.05344 1.33588 1.44275 
0.02393 0.03210 0.91296 0.09924 1.38931 1.71756 
0.02307 0.03308 0.91541 0.26718 1.34351 2.56489 
0.02283 0.03455 0.90686 0.28244 1.51908 3.14504 
0.02661 0.03479 0.91113 0.16031 1.47328 4.05344 
0.03369 0.03406 0.91516 0.19847 1.45038 6.09924 
0.03357 0.02576 0.92029 0.14504 1.49618 7.93130 
0.02881 0.03088 0.90942 0.26718 1.52672 10.83969 
0.02686 0.03174 0.91064 0.35115 1.62595 12.96183 
0.02771 0.03577 0.90955 0.26718 1.68702 15.51908 
0.02136 0.03662 0.90942 0.29008 1.78626 19.77099 
0.03784 0.02527 0.91125 0.34351 1.82443 24.12214 
0.03711 0.02063 0.91345 0.38931 1.96947 32.43512 
0.03076 0.00281 0.91675 0.45802 2.15267 40.07634 
0.02539 0.02954 0.91101 0.51908 2.40458 52.98473 
0.03271 0.03223 0.91064 0.63359 2.51145 59.04580 
0.03748 0.02039 0.91101 0.54962 2.59542 65.64886 
0.00989 0.03540 0.91260 0.70229 2.71756 66.19084 
0.02979 0.03955 0.91418 0.70992 2.64885 63.30534 
0.04211 0.01428 0.91528 0.72519 2.73282 68.19847 
0.02051 0.01563 0.90906 0.74809 2.82443 75.21374 
0.00623 0.03308 0.90991 0.81679 2.98473 80.38931 
0.03918 0.04810 0.91016 0.82443 3.03053 83.02290 
0.02405 0.04175 0.91443 0.80153 3.05344 84.10687 
0.04321 0.04932 0.91174 0.88550 3.02290 82.93893 
0.05017 0.05762 0.90759 0.80916 3.15267 86.41222 
0.02612 -0.01086 0.91919 0.77863 3.31298 94.73283 
0.00146 -0.00208 0.91357 0.78626 3.28244 95.27481 
0.00452 0.03027 0.91797 0.84733 3.16794 91.35878 
0.03381 0.03052 0.91394 0.90076 3.00000 87.28244 
0.05090 0.04541 0.90955 0.84733 3.16031 90.40458 
0.05322 0.05481 0.91284 0.83206 3.20611 90.36641 
0.06213 0.06274 0.90491 0.77863 3.21374 90.53435 
0.04419 0.00684 0.91162 0.76336 3.08397 91.02290 
0.00488 0.02405 0.91223 0.73282 3.14504 85.09924 
0.02576 0.03906 0.91223 0.70229 2.94656 74.16031 
0.06006 0.05347 0.91907 0.80153 2.82443 71.03817 
0.08997 0.05286 0.91443 0.80916 2.67939 72.84733 
0.08923 0.03247 0.90454 0.74809 3.09160 84.32825 
0.05359 0.03015 0.91101 0.77863 3.33588 92.51908 
0.02246 0.02637 0.91516 0.78626 3.16031 91.16794 
0.01343 0.03564 0.91455 0.74809 2.91603 83.32825 
0.03369 0.05322 0.91650 0.72519 2.80153 78.75572 
0.04932 0.05103 0.91382 0.76336 2.95420 80.29008 
0.07776 0.03333 0.91211 0.78626 3.02290 83.87023 
0.02063 0.03320 0.91089 0.83969 3.14504 97.60305 
-0.02148 0.02795 0.90918 0.82443 3.22137 98.22137 
-0.01196 0.01978 0.91638 0.70992 3.05344 82.09924 
0.00049 0.02734 0.91406 0.73282 2.77863 71.66412 
0.03784 0.03723 0.90991 0.74046 2.64885 71.14503 
0.04639 0.02942 0.91138 0.63359 2.62595 70.54962 
0.03186 0.03235 0.90710 0.63359 2.75573 70.39695 
0.04602 0.04028 0.91467 0.64885 2.77863 73.45038 
0.02112 0.03760 0.91260 0.59542 2.68702 73.05344 
0.01697 0.03247 0.91138 0.65649 2.58779 67.90839 
0.03894 0.03430 0.91040 0.61832 2.58015 64.25954 
0.02808 0.04053 0.90991 0.60305 2.59542 61.90840 
0.04065 0.03931 0.91235 0.63359 2.61832 64.67175 
0.02686 0.00891 0.91699 0.68702 2.65649 70.58015 
0.01196 0.02686 0.91272 0.64885 2.73282 71.40458 
0.02502 0.02954 0.91101 0.64122 2.74809 72.63359 
0.07593 0.01257 0.90930 0.64885 2.70992 72.02290 
0.01184 0.04346 0.91638 0.64122 2.79389 70.46565 
-0.00293 0.06348 0.91614 0.70229 2.80153 70.67175 
0.02869 0.04688 0.91553 0.79389 2.87786 77.85497 
0.03479 0.02124 0.91199 0.70229 2.83969 81.58015 
0.03296 0.01892 0.91125 0.70229 2.86260 79.09924 
0.04626 0.02087 0.91113 0.74809 2.87786 76.44275 
0.05896 0.04370 0.91553 0.74809 2.83206 74.22137 
0.01587 0.10071 0.91016 0.89313 3.06107 86.49619 
0.00769 0.03247 0.91455 0.74809 2.86260 75.06870 
0.01453 0.02600 0.91235 0.62595 2.82443 71.60305 
0.02075 0.01929 0.91101 0.76336 2.87023 78.45802 
0.02637 0.00049 0.91663 0.74046 2.83969 77.51145 
0.03296 0.00037 0.91052 0.67176 2.64122 68.15267 
0.04858 0.01855 0.90991 0.70229 2.56489 61.67176 
0.03369 0.03235 0.91040 0.68702 2.64122 65.33588 
0.03308 0.01978 0.91028 0.80153 2.83206 68.57252 
0.02795 0.02966 0.90906 0.74046 2.65649 64.48092 
0.04285 0.02502 0.91113 0.57252 2.64885 65.86259 
0.05212 0.01086 0.91492 0.63359 2.58779 66.54962 
0.04065 0.01184 0.91675 0.72519 2.67176 66.90076 
0.04517 0.01733 0.91699 0.64122 2.66412 66.88550 
0.04175 0.00464 0.91260 0.65649 2.86260 72.21374 
0.03687 0.00244 0.91235 0.71756 2.70229 74.41222 
0.03674 0.02112 0.91455 0.69466 2.86260 76.15267 
0.04517 0.01392 0.91614 0.70229 2.84733 76.27481 
0.03674 0.01892 0.90564 0.50382 2.65649 68.95420 
0.04138 0.01892 0.91553 0.55725 2.65649 62.12977 
0.03125 0.01282 0.92334 0.65649 2.71756 66.26717 
0.02954 0.02258 0.91724 0.64122 2.73282 69.22137 
0.04175 0.03662 0.90967 0.46565 2.40458 59.22901 
0.04785 0.02722 0.90613 0.41221 2.34351 49.56488 
0.04895 0.03516 0.91785 0.53435 2.26718 41.70229 
0.03516 0.03442 0.91943 0.43511 2.00763 32.78626 
0.02881 0.01147 0.91711 0.22901 1.80153 28.88550 
0.02649 0.03040 0.90613 0.32061 1.92366 33.64122 
0.02991 0.02905 0.90771 0.29771 2.00763 31.70992 
0.02930 0.03589 0.91516 0.27481 1.93893 28.74809 
0.04053 0.02332 0.91687 0.16794 1.68702 23.03053 
0.04126 0.02063 0.90723 0.11450 1.60305 15.90076 
0.03284 0.01599 0.91211 0.21374 1.59542 12.48092 
0.03589 0.01770 0.91016 0.23664 1.50382 11.96183 
0.03467 0.02832 0.91541 0.12214 1.57252 11.61069 
0.03589 0.03015 0.90344 0.09924 1.37405 8.00763 
0.03564 0.02307 0.90930 0.07634 1.39695 5.00763 
0.03296 0.02283 0.91821 0.09160 1.38931 2.87786 
0.03357 0.02246 0.91638 -0.05344 1.22137 1.58779 
0.03552 0.02014 0.91150 -0.22137 1.17557 1.21374 
0.03491 0.02148 0.90588 0.00000 1.31298 1.27481 
0.03662 0.02075 0.91882 0.09160 1.27481 1.29771 
0.03503 0.01392 0.91943 0.00000 1.22901 1.25191 
0.03772 0.01746 0.91248 -0.15267 1.16031 1.25191 
0.03687 0.01550 0.90698 0.00763 1.25954 1.28244 
0.03687 0.01721 0.91479 0.13740 1.36641 1.17557 
0.03931 0.02173 0.91858 0.09160 1.30534 1.29008 
0.03650 0.02161 0.91748 -0.03053 1.22901 1.19847 
0.03516 0.02051 0.90833 -0.03817 1.18321 1.19084 
0.03394 0.01868 0.90869 0.13740 1.34351 1.16031 
0.03638 0.01648 0.91296 0.11450 1.28244 1.12214 
0.03613 0.01892 0.91357 0.03817 1.31298 1.20611 
0.04028 0.01831 0.91040 0.13740 1.22137 1.25954 
0.03760 0.01831 0.91125 0.12214 1.32824 1.25191 
0.03650 0.01636 0.91418 0.06870 1.34351 1.29771 
0.03186 0.01733 0.91504 0.00000 1.27481 1.21374 
0.03381 0.01807 0.91113 0.09160 1.22901 1.29008 
0.03333 0.01990 0.90759 0.14504 1.37405 1.26718 
0.03845 0.01953 0.91028 0.09160 1.35878 1.29008 
0.03796 0.01599 0.91919 0.03053 1.32824 1.26718 
0.03943 0.01660 0.90857 0.07634 1.31298 1.26718 
0.03662 0.02051 0.91357 0.06107 1.32061 1.25191 
0.03467 0.01892 0.91382 0.04580 1.29771 1.30534 
0.03296 0.01941 0.91870 0.05344 1.29008 1.24427 
0.03467 0.02112 0.91553 0.00000 1.30534 1.26718 
0.03418 0.02026 0.91589 0.05344 1.26718 1.28244 
0.03650 0.01514 0.91516 0.06870 1.37405 1.31298 
0.03906 0.01379 0.91162 0.07634 1.29771 1.29008 
0.03955 0.01892 0.91614 0.04580 1.33588 1.25954 
0.03491 0.02209 0.91077 0.00000 1.28244 1.19084 
0.03540 0.02209 0.91333 0.06870 1.33588 1.25191 
0.03308 0.02075 0.92004 0.01527 1.31298 1.27481 
0.03516 0.01953 0.91052 0.06107 1.25191 1.25191 
0.03735 0.01660 0.91296 0.04580 1.32061 1.29008 
0.03735 0.01563 0.91821 0.05344 1.31298 1.19847 
0.03760 0.01672 0.91516 0.06107 1.28244 1.23664 
0.03564 0.01990 0.91553 0.07634 1.30534 1.20611 
0.03528 0.02551 0.91174 0.06107 1.25191 1.24427 
0.03552 0.02100 0.91174 0.05344 1.27481 1.26718 
0.03564 0.01440 0.91248 0.03817 1.30534 1.22901 
0.03552 0.01392 0.91174 0.00000 1.32061 1.15267 
0.03516 0.01611 0.91565 0.02290 1.28244 1.15267 
0.03406 0.02148 0.91003 -0.02290 1.30534 1.13740 
0.03662 0.02527 0.91138 -0.04580 1.22137 1.21374 
0.03564 0.01978 0.90967 0.03817 1.31298 1.22137 
0.03418 0.01343 0.91687 0.00000 1.26718 1.23664 
0.03650 0.01318 0.91370 0.08397 1.25191 1.19847 
0.03210 0.01758 0.91443 0.07634 1.35115 1.19084 
0.03296 0.01733 0.91052 0.05344 1.26718 1.19084 
0.03540 0.01831 0.91125 0.13740 1.34351 1.19847 
0.03699 0.02014 0.91589 0.16031 1.37405 1.19847 
0.03735 0.01843 0.91602 0.03053 1.29008 1.24427 
0.03625 0.01855 0.91089 -0.03817 1.25191 1.16031 
0.03430 0.01709 0.91125 0.01527 1.28244 1.19084 
0.03308 0.01819 0.91187 0.08397 1.33588 1.21374 
0.03748 0.02051 0.91699 0.07634 1.27481 1.19847 
0.03601 0.02307 0.91357 -0.01527 1.22901 1.17557 
0.04004 0.01831 0.91199 -0.01527 1.29008 1.17557 
0.03589 0.01697 0.91296 0.12977 1.33588 1.18321 
0.03870 0.01563 0.91553 0.05344 1.29771 1.27481 
0.03467 0.01636 0.91479 -0.02290 1.23664 1.26718 
0.03333 0.01624 0.90845 0.06107 1.32061 1.25954 
0.03467 0.02026 0.91187 0.08397 1.36641 1.09160 
0.03418 0.02063 0.91541 0.09924 1.32824 0.90840 
0.03479 0.01855 0.91296 0.00000 1.25191 0.83206 
0.03943 0.02075 0.91187 0.07634 1.34351 0.50382 
0.02991 0.02197 0.91284 0.08397 1.29771 -0.25954 
0.02795 0.02344 0.91296 0.07634 1.22137 -1.87023 
0.03149 0.02026 0.91284 0.06107 1.26718 -4.56489 
0.02954 0.02197 0.90967 0.02290 1.19084 -6.76336 
0.02332 0.03027 0.91003 -0.12214 1.04580 -16.40458 
0.03064 0.02246 0.91199 -0.20611 0.83969 -27.58779 
0.04089 0.01978 0.91211 -0.17557 0.64885 -35.70229 
0.04089 0.03198 0.91602 -0.14504 0.64122 -32.73283 
0.02722 0.02930 0.91528 -0.28244 0.62595 -31.30534 
0.02661 0.03394 0.91736 -0.29008 0.55725 -31.64122 
0.02344 0.02734 0.90967 -0.35878 0.52672 -34.22901 
0.02600 0.03259 0.91138 -0.38931 0.38168 -38.67939 
0.03979 0.01892 0.91724 -0.35878 0.37405 -44.87023 
0.04639 0.02673 0.91492 -0.45038 0.34351 -44.77863 
0.03149 0.02991 0.91443 -0.47328 0.31298 -45.00763 
0.03088 0.03650 0.90552 -0.48092 0.36641 -43.16031 
0.03638 0.00366 0.91431 -0.50382 0.12977 -54.74046 
0.05457 0.00085 0.92139 -0.54198 0.00000 -61.01527 
0.05261 0.01392 0.91260 -0.66412 -0.30534 -74.45038 
0.03613 0.03650 0.90918 -0.67939 -0.37405 -83.29008 
0.03235 0.05762 0.91394 -0.58779 -0.23664 -76.50381 
0.01563 0.03381 0.91638 -0.58015 -0.16031 -69.51145 
0.02881 0.00098 0.91748 -0.67176 -0.29771 -75.93893 
0.07251 -0.01892 0.91394 -0.85496 -0.59542 -87.95420 
0.08472 -0.01379 0.91455 -0.90076 -0.79389 -99.55725 
0.05042 0.01587 0.91724 -1.02290 -1.08397 -111.17558 
0.03198 0.06482 0.91003 -0.99237 -1.01527 -112.34351 
0.02344 0.06116 0.91211 -0.78626 -0.75573 -100.71756 
0.03589 0.03333 0.91577 -0.68702 -0.50382 -88.66412 
0.05322 0.00000 0.91675 -0.81679 -0.81679 -96.73283 
0.04028 0.00696 0.91052 -0.90076 -0.92366 -106.16794 
0.03931 0.03833 0.91394 -0.93893 -0.90840 -106.01527 
0.04736 0.05347 0.91711 -0.84733 -0.96947 -109.23664 
0.05200 0.03333 0.91174 -0.93130 -1.17557 -112.97710 
0.05591 0.02612 0.90942 -0.82443 -0.98473 -107.09161 
-0.03125 0.00745 0.90906 -0.93130 -1.25954 -126.56489 
0.08777 0.04419 0.91760 -1.32061 -1.80153 -144.57253 
0.09851 0.07434 0.91138 -1.49618 -2.38931 -166.44275 
0.05457 0.03406 0.90662 -1.67176 -2.66412 -188.14503 
0.00427 0.04468 0.90674 -1.35115 -2.10687 -170.04581 
-0.03662 0.04871 0.91821 -1.01527 -1.40458 -140.12213 
-0.04626 0.02136 0.92090 -0.70992 -1.17557 -116.58015 
0.00330 0.02905 0.90857 -0.62595 -1.11450 -114.25191 
0.07275 0.05530 0.90820 -0.90840 -1.35115 -127.06870 
0.05786 0.05310 0.91504 -1.27481 -1.57252 -132.74046 
0.01563 -0.00488 0.91455 -1.14504 -1.51908 -125.42748 
-0.00867 -0.00354 0.91638 -0.90840 -0.88550 -101.89313 
0.00513 0.02014 0.91528 -0.79389 -0.74809 -94.27481 
0.01416 0.00342 0.91162 -0.77863 -0.81679 -90.39695 
0.02722 0.00159 0.90527 -0.86260 -0.70229 -88.08397 
0.03662 0.02917 0.91553 -1.03053 -0.86260 -98.07633 
0.03918 0.07776 0.91724 -0.98473 -0.86260 -98.51145 
-0.01062 0.00269 0.92212 -0.61832 -0.53435 -81.60305 
-0.04041 -0.02380 0.90833 -0.62595 -0.46565 -76.18320 
0.00806 0.01147 0.91199 -0.74809 -0.43511 -81.10687 
0.07520 0.06396 0.91028 -0.67939 -0.32061 -73.24428 
0.04529 0.03540 0.91638 -0.58779 -0.15267 -64.57252 
0.03003 0.01440 0.91125 -0.74809 -0.23664 -70.14503 
0.04614 0.02454 0.91431 -0.74809 -0.23664 -71.67175 
0.06006 0.07410 0.91113 -0.55725 0.00763 -61.87786 
0.03247 0.03735 0.91504 -0.34351 0.24427 -46.13741 
0.02124 0.00854 0.91418 -0.45038 0.19084 -50.87023 
0.05029 0.01880 0.91309 -0.51908 -0.03817 -58.41221 
0.07068 0.03638 0.91943 -0.62595 -0.12214 -63.38931 
0.06104 0.04211 0.91577 -0.74046 -0.25191 -71.84733 
0.00854 0.01392 0.91589 -0.74809 -0.40458 -80.29008 
-0.00354 0.04541 0.91345 -0.58779 -0.40458 -75.61069 
0.03601 0.06726 0.91138 -0.41221 0.06107 -59.39695 
0.03638 0.04285 0.91089 -0.38931 0.05344 -55.28244 
0.05518 0.04712 0.91467 -0.46565 0.14504 -58.36641 
0.04297 0.04321 0.91211 -0.49618 0.20611 -54.50382 
0.06372 0.03943 0.91553 -0.49618 0.11450 -53.70992 
0.04370 0.01062 0.91333 -0.51145 -0.09160 -60.25954 
0.01831 0.04968 0.90955 -0.42748 0.01527 -59.32061 
0.01990 0.07922 0.91931 -0.32061 0.52672 -42.12214 
0.02234 0.04834 0.91479 -0.13740 0.81679 -29.19084 
0.01282 0.01685 0.91333 -0.00763 0.87023 -17.46565 
0.00952 0.01990 0.90784 -0.00763 0.94656 -10.96947 
0.01648 0.02515 0.91260 -0.10687 1.15267 -6.16031 
0.02124 0.02954 0.91650 0.03053 1.26718 -2.02290 
0.02161 0.03088 0.91211 0.13740 1.13740 -1.03817 
0.02100 0.03198 0.91345 0.12214 1.12214 -1.37405 
0.03076 0.03442 0.90747 0.00763 1.22137 -1.93130 
0.03137 0.04163 0.91235 -0.08397 1.25191 -2.45038 
0.03076 0.04163 0.91443 -0.00763 1.25954 -2.11450 
0.02405 0.03662 0.91138 0.10687 1.24427 -0.98473 
0.01868 0.02905 0.91394 0.06107 1.32061 0.12214 
0.02246 0.03589 0.90906 0.01527 1.35115 0.60305 
0.02832 0.03796 0.91309 0.16794 1.19847 0.74809 
0.02893 0.03638 0.91345 0.10687 1.25191 0.95420 
0.03320 0.03125 0.90906 -0.02290 1.35115 1.29008 
0.01465 0.03613 0.91443 -0.05344 1.34351 1.36641 
0.01953 0.03394 0.91602 -0.00763 1.26718 1.00000 
0.02429 0.03162 0.91577 0.09160 1.16031 0.80916 
0.02979 0.03760 0.90955 0.09160 1.18321 0.61832 
0.02637 0.04224 0.91260 0.07634 1.30534 0.74809 
0.02490 0.03357 0.91223 0.03817 1.32061 1.05344 
0.02344 0.03406 0.91174 0.10687 1.29771 1.39695 
0.02173 0.03931 0.91431 -0.02290 1.42748 1.43511 
0.02734 0.03796 0.91931 0.00763 1.38168 1.33588 
0.03064 0.03479 0.91736 0.06870 1.30534 1.31298 
0.02478 0.03247 0.91162 0.14504 1.32061 1.50382 
0.01892 0.03369 0.90625 0.10687 1.33588 1.36641 
0.02234 0.03259 0.91296 0.06870 1.34351 1.22901 
0.02661 0.03418 0.92151 0.09160 1.39695 1.30534 
0.02600 0.03894 0.91370 0.37405 1.36641 1.29771 
0.02856 0.03760 0.90710 0.19847 1.37405 1.19084 
0.02173 0.05054 0.92822 -0.13740 1.41985 0.96947 
0.01807 0.03345 0.91675 -0.11450 1.31298 1.17557 
0.02234 0.03174 0.91101 0.08397 1.18321 1.25954 
0.02942 0.03455 0.91528 -0.00763 1.19084 1.32061 
0.02661 0.04065 0.91223 -0.06107 1.40458 1.31298 
0.02808 0.03418 0.91833 -0.04580 1.33588 1.21374 
0.02295 0.03357 0.91150 0.04580 1.28244 1.23664 
0.01819 0.03308 0.90674 0.02290 1.23664 1.27481 
0.02136 0.03186 0.91211 -0.10687 1.34351 1.23664 
0.02844 0.03369 0.91956 -0.10687 1.34351 1.21374 
0.02930 0.03845 0.91589 0.12977 1.21374 1.32061 
0.02881 0.04114 0.90637 0.10687 1.23664 1.23664 
0.02783 0.03259 0.91077 -0.01527 1.33588 1.25954 
0.02075 0.03125 0.91260 -0.09160 1.41221 1.22901 
0.02112 0.03308 0.91785 0.05344 1.27481 1.30534 
0.02478 0.03210 0.91760 0.12214 1.15267 1.22137 
0.03137 0.03516 0.90930 0.06870 1.29771 1.20611 
0.02722 0.03687 0.91162 0.01527 1.36641 1.26718 
0.02417 0.03223 0.91760 0.05344 1.34351 1.22901 
0.02539 0.03430 0.90979 0.10687 1.23664 1.27481 
0.02393 0.03052 0.91223 0.00763 1.36641 1.26718 
0.02197 0.03271 0.91504 0.02290 1.31298 1.24427 
0.02380 0.03577 0.91626 0.08397 1.29008 1.23664 
0.02551 0.03857 0.91357 0.15267 1.17557 1.26718 
0.02759 0.03943 0.91125 0.06870 1.33588 1.25191 
0.02881 0.03760 0.91565 -0.03053 1.36641 1.22137 
0.02600 0.03381 0.91284 -0.01527 1.29771 1.20611 
0.02368 0.03064 0.90930 0.08397 1.19084 1.22137 
0.02234 0.03601 0.91248 0.08397 1.30534 1.30534 
0.02502 0.03235 0.91553 0.02290 1.35878 1.24427 
0.02759 0.03882 0.91553 0.03053 1.34351 1.19084 
0.02991 0.03857 0.91711 0.11450 1.24427 1.23664 
0.02808 0.03345 0.91602 0.09160 1.32061 1.22901 
0.02454 0.03125 0.91284 -0.05344 1.36641 1.29771 
0.02380 0.02905 0.91858 -0.01527 1.22901 1.30534 
0.02625 0.03223 0.91162 0.01527 1.20611 1.21374 
0.02515 0.03638 0.90881 -0.00763 1.23664 1.28244 
0.02258 0.04272 0.91528 0.01527 1.38168 1.28244 
0.02405 0.03992 0.91577 0.05344 1.25954 1.25954 
0.02332 0.03687 0.91443 0.01527 1.29008 1.28244 
0.02380 0.03284 0.91260 0.01527 1.33588 1.25954 
0.02612 0.02991 0.91260 -0.08397 1.35115 1.25191 
0.02686 0.03284 0.91235 0.04580 1.27481 1.25191 
0.02576 0.03821 0.91516 0.13740 1.28244 1.19847 
0.02661 0.04077 0.91223 0.07634 1.29008 1.23664 
0.02673 0.03833 0.91235 0.05344 1.35115 1.31298 
0.02808 0.03320 0.91443 -0.05344 1.36641 1.31298 
0.02869 0.02954 0.91199 -0.00763 1.31298 1.29771 
0.02771 0.02905 0.91016 0.10687 1.35115 1.24427 
0.02271 0.03687 0.91101 0.06870 1.27481 1.27481 
0.02466 0.04004 0.91516 0.16031 1.29008 1.22137 
0.02271 0.04211 0.91577 0.14504 1.28244 1.24427 
0.02722 0.03455 0.90796 0.03817 1.27481 1.24427 
0.02612 0.03381 0.91260 -0.03053 1.33588 1.25954 
0.02405 0.02820 0.91260 -0.00763 1.33588 1.22901 
0.02600 0.02600 0.91394 0.03053 1.32061 1.19084 
0.02197 0.03369 0.90979 0.07634 1.26718 1.24427 
0.02734 0.03577 0.91284 0.00763 1.28244 1.29771 
0.02808 0.03943 0.91504 0.03053 1.26718 1.29008 
0.02600 0.03833 0.91223 0.03817 1.23664 1.25954 
0.02356 0.03052 0.90662 -0.04580 1.25954 1.31298 
0.02356 0.02795 0.91418 -0.01527 1.28244 1.29771 
0.02148 0.03271 0.91370 0.06107 1.29008 1.32061 
0.02612 0.03870 0.91858 0.14504 1.24427 1.33588 
0.02734 0.04199 0.91541 0.12977 1.19084 1.25954 
0.02576 0.04138 0.91309 0.01527 1.32824 1.25954 
0.02295 0.03796 0.91406 -0.01527 1.32824 1.22901 
0.02136 0.03320 0.91602 0.12214 1.25954 1.27481 
0.02271 0.02954 0.90820 0.09160 1.30534 1.21374 
0.02490 0.03394 0.91284 -0.01527 1.34351 1.25191 
0.02869 0.03540 0.91736 0.00763 1.29771 1.19847 
0.02588 0.03601 0.91663 0.09924 1.23664 1.19847 
0.02649 0.03809 0.91235 0.03053 1.26718 1.29008 
0.02258 0.03601 0.90649 0.00763 1.38931 1.29771 
0.02441 0.03162 0.91431 -0.02290 1.34351 1.25191 
0.02466 0.03381 0.91577 0.02290 1.30534 1.25191 
0.02759 0.03650 0.91052 0.09160 1.26718 1.26718 
0.02759 0.03638 0.90771 0.03817 1.29771 1.29771 
0.02466 0.03906 0.91089 -0.03053 1.39695 1.19084 
0.02380 0.03638 0.91736 0.06870 1.37405 1.27481 
0.02209 0.03137 0.91089 0.06870 1.32824 1.28244 
0.02332 0.03235 0.90894 0.09924 1.27481 1.26718 
0.02917 0.03333 0.91724 0.05344 1.37405 1.29008 
0.02637 0.03638 0.91516 0.00000 1.32824 1.26718 
0.02710 0.03955 0.91724 0.05344 1.34351 1.35115 
0.02466 0.03760 0.91199 0.06870 1.27481 1.22137 
0.02185 0.03442 0.91162 0.00000 1.33588 1.22901 
0.02283 0.03381 0.91235 -0.03053 1.34351 1.26718 
0.02673 0.03516 0.90894 0.07634 1.32824 1.24427 
0.02686 0.03369 0.91406 0.06870 1.31298 1.29008 
0.02515 0.03479 0.91199 0.04580 1.33588 1.22901 
0.02295 0.03540 0.91345 0.05344 1.36641 1.19084 
0.02576 0.03589 0.91406 0.09160 1.22901 1.27481 
0.02686 0.03345 0.91199 0.01527 1.26718 1.24427 
0.02808 0.03247 0.90845 0.04580 1.27481 1.22901 
0.02576 0.03625 0.91321 -0.03817 1.37405 1.25191 
0.02502 0.03552 0.91565 0.08397 1.39695 1.24427 
0.02063 0.03491 0.91528 0.05344 1.26718 1.25954 
0.02417 0.03186 0.91211 0.00000 1.37405 1.23664 
0.02515 0.03235 0.91284 0.01527 1.30534 1.32061 
0.02686 0.03467 0.91846 0.00000 1.29008 1.29771 
0.02820 0.03491 0.91309 0.05344 1.25954 1.27481 
0.02515 0.03967 0.91113 0.01527 1.32061 1.25191 
0.02515 0.03638 0.91321 0.00000 1.35878 1.28244 
0.02527 0.03357 0.91284 0.03817 1.31298 1.25954 
0.02490 0.03381 0.91553 0.06107 1.31298 1.28244 
0.02344 0.03284 0.91333 0.00763 1.29771 1.23664 
0.02832 0.03418 0.91553 0.03817 1.32061 1.31298 
0.02600 0.03650 0.91272 0.14504 1.22137 1.24427 
0.02649 0.03918 0.91064 0.01527 1.32061 1.23664 
0.02539 0.03796 0.91321 -0.06107 1.33588 1.30534 
0.02527 0.03235 0.91077 0.04580 1.33588 1.29771 
0.02344 0.03455 0.90771 0.12214 1.21374 1.25954 
0.02380 0.03662 0.90930 0.01527 1.31298 1.26718 
0.02686 0.03552 0.91382 -0.05344 1.32061 1.26718 
0.02466 0.03491 0.91602 -0.03053 1.35115 1.21374 
0.02332 0.03601 0.91418 0.09160 1.28244 1.25191 
0.02295 0.03552 0.90637 0.10687 1.25954 1.30534 
0.02563 0.03235 0.91223 0.00763 1.25191 1.27481 
0.02502 0.03564 0.91394 -0.01527 1.32061 1.29008 
0.02515 0.03857 0.91333 0.09160 1.25191 1.23664 
0.02429 0.03589 0.91113 0.09924 1.21374 1.23664 
0.02222 0.03589 0.90955 0.00763 1.35115 1.27481 
0.02100 0.03394 0.90857 0.00763 1.30534 1.27481 
0.02905 0.03516 0.91455 0.07634 1.25954 1.22137 
0.02979 0.03674 0.91235 0.12977 1.26718 1.24427 
0.02710 0.03650 0.91162 0.03053 1.28244 1.26718 
0.02002 0.03503 0.91589 0.01527 1.34351 1.23664 
0.02197 0.03149 0.91406 0.05344 1.19084 1.30534 
0.02258 0.03357 0.91211 0.10687 1.18321 1.30534 
0.02771 0.03662 0.91370 0.06107 1.26718 1.25191 
0.02991 0.03503 0.91565 0.05344 1.25191 1.29008 
0.02759 0.03809 0.90942 0.06870 1.32061 1.24427 
0.02271 0.03564 0.91223 -0.01527 1.32061 1.15267 
0.02319 0.03296 0.91284 0.05344 1.35878 1.24427 
0.02087 0.03210 0.91187 0.11450 1.28244 1.25191 
0.02283 0.03003 0.91113 0.08397 1.35878 1.24427 
0.02527 0.03760 0.91174 0.05344 1.35115 1.26718 
0.02747 0.03406 0.90869 0.06870 1.32824 1.27481 
0.02881 0.03735 0.91309 0.02290 1.32061 1.26718 
0.02527 0.03589 0.91296 0.03053 1.23664 1.26718 
0.02454 0.03259 0.91003 0.02290 1.32824 1.25954 
0.02209 0.03052 0.91296 -0.00763 1.33588 1.24427 
0.02905 0.03113 0.91467 0.00000 1.31298 1.25954 
0.03003 0.03333 0.91467 0.06107 1.29771 1.26718 
0.02551 0.03992 0.91125 -0.07634 1.39695 1.23664 
0.02600 0.04065 0.91577 -0.11450 1.42748 1.20611 
0.02551 0.03638 0.91504 -0.06107 1.38168 1.21374 
0.02112 0.03027 0.91272 0.03817 1.25954 1.26718 
0.02405 0.03027 0.90955 0.03817 1.27481 1.21374 
0.02222 0.02527 0.91638 0.08397 1.33588 1.24427 
0.02380 0.03479 0.91565 0.23664 1.12977 1.25954 
0.02380 0.0404