0.05286 -0.01697 0.89832 5.10687 5.93130 7.49618 
0.04285 -0.00122 0.90088 7.33588 3.12977 7.85496 
0.04407 -0.00574 0.90588 3.85496 4.35115 7.31298 
0.03760 -0.03235 0.89929 1.27481 7.27481 7.29771 
0.01318 -0.04907 0.92407 4.99237 8.09924 6.35878 
0.01062 -0.03503 0.96582 4.23664 8.27481 4.25191 
0.00952 -0.02905 1.00415 2.03053 10.10687 2.60305 
0.00146 -0.02185 1.02661 0.13740 9.16031 1.19084 
-0.01440 -0.01465 1.02087 -1.14504 2.36641 0.62595 
0.00928 -0.01563 0.96790 -3.29771 -3.93130 -2.98473 
0.05029 -0.01233 0.85059 -2.71756 -8.58779 -5.64122 
0.08691 0.05188 0.82141 6.01527 -5.64122 -5.70992 
0.07507 0.09509 0.84473 1.12977 2.95420 -2.63359 
0.06726 0.05884 0.84766 -7.05344 7.67176 -0.45038 
0.06360 0.03613 0.87439 0.90840 6.87786 0.75573 
0.06970 0.04443 0.89954 4.36641 5.77099 1.30534 
0.07385 0.06128 0.93372 6.03053 5.49618 2.67939 
0.06775 0.05383 0.93945 4.06870 4.80916 4.65649 
0.06116 0.04492 0.95264 1.43511 3.35878 5.44275 
0.04639 0.04248 0.96277 -0.23664 3.83206 5.62595 
0.02612 0.02893 0.97314 -3.59542 3.81679 5.71756 
0.01294 0.01563 0.96509 -4.70992 2.09924 5.45802 
0.01929 -0.01221 0.94775 -5.69466 -0.42748 4.71756 
0.02856 -0.02087 0.94055 -3.16031 -1.82443 3.76336 
0.03345 -0.01025 0.92419 -1.05344 -3.81679 3.04580 
0.04187 -0.00208 0.88440 -0.45038 -6.58015 2.77863 
0.04382 0.00195 0.84949 -0.51908 -4.73282 2.63359 
0.04529 -0.00293 0.84680 -0.07634 0.63359 2.44275 
0.03796 -0.00305 0.87793 -0.47328 4.25954 2.22137 
0.04236 0.00769 0.91101 -1.26718 5.09160 1.44275 
0.04541 -0.00525 0.90906 -2.70229 2.33588 1.32824 
0.04651 -0.01355 0.91333 -2.09924 2.40458 1.32824 
0.04626 -0.00867 0.91931 -0.97710 3.22901 0.48855 
0.04211 -0.00208 0.93188 -2.85496 4.25191 0.12214 
0.03662 -0.00403 0.93323 -6.96947 5.11450 -0.34351 
0.02966 0.00049 0.93286 -7.94656 4.74046 -0.77863 
0.03027 -0.00049 0.91650 -1.40458 -0.52672 -0.57252 
0.04675 0.01147 0.92480 2.40458 -2.67939 0.71756 
0.04871 0.01013 0.92603 -1.76336 -1.19847 1.56489 
0.04199 -0.01794 0.91833 -5.22901 1.77099 1.38168 
0.03137 -0.04236 0.91028 -0.09160 -0.07634 1.28244 
0.03564 -0.03247 0.92737 2.89313 -3.04580 0.42748 
0.04028 -0.01978 0.92627 3.49618 -4.73282 -1.24427 
0.04712 -0.00391 0.91504 4.70992 -6.19847 -1.82443 
0.04614 0.00269 0.89038 7.49618 -7.25954 -1.60305 
0.06104 0.03455 0.88086 10.76336 -7.45802 -0.53435 
0.06775 0.05627 0.87146 5.68702 -3.12977 0.16794 
0.07300 0.03882 0.89148 4.24427 -0.15267 1.27481 
0.07031 0.03809 0.91418 6.25191 0.09160 2.41985 
0.06702 0.03113 0.93457 2.77863 0.56489 2.96183 
0.06177 0.00513 0.93567 0.64122 -0.38168 2.67176 
0.06213 -0.00134 0.90735 2.77099 -2.68702 2.20611 
0.06860 0.00439 0.90002 3.51145 -2.30534 1.52672 
0.06091 0.01697 0.91113 3.35878 0.41985 1.72519 
0.04382 0.01086 0.90930 6.51908 -0.87023 3.03817 
0.03918 0.01636 0.90503 5.61069 -3.71756 3.08397 
0.04553 0.01050 0.90698 1.09160 -1.06107 0.84733 
0.05566 0.00916 0.90332 1.21374 2.22137 -0.87023 
0.05591 0.02271 0.91931 4.57252 0.41985 -0.01527 
0.06299 0.01465 0.91248 3.76336 -2.00763 0.17557 
0.07715 0.02002 0.91663 3.88550 -1.67939 0.11450 
0.08069 0.02820 0.92529 0.53435 0.53435 0.00000 
0.06445 0.02283 0.92139 -0.53435 2.30534 0.67176 
0.05347 0.02039 0.92896 1.29771 1.61832 1.14504 
0.04675 0.02185 0.93799 1.64122 -0.74046 0.70229 
0.05518 0.02686 0.92456 0.90840 -3.05344 0.16031 
0.06018 0.02478 0.91028 0.56489 -3.50382 -0.12214 
0.07520 0.02966 0.90100 1.35878 -0.65649 0.00000 
0.07104 0.02771 0.91467 2.25191 0.38931 1.12977 
0.06189 0.02063 0.91687 3.32824 -1.47328 1.23664 
0.06140 0.02319 0.90674 4.80153 -4.17557 1.02290 
0.07910 0.03735 0.89954 3.25191 -4.03817 0.20611 
0.08972 0.03882 0.89600 2.74046 -1.29008 -0.03817 
0.08508 0.04663 0.90784 2.93893 0.74809 0.87786 
0.08142 0.04919 0.91321 3.33588 -0.22901 1.45802 
0.07800 0.04736 0.90930 1.35878 -1.70229 1.94656 
0.08228 0.04443 0.90625 -0.15267 0.30534 2.02290 
0.07593 0.03796 0.90271 -1.95420 2.70229 1.90840 
0.06897 0.03247 0.90637 -1.17557 2.90840 1.68702 
0.07043 0.03674 0.91418 1.06107 -0.30534 2.12214 
0.07935 0.02563 0.90759 -0.06107 -0.74809 2.35878 
0.08142 0.01599 0.90369 0.98473 0.58015 1.96183 
0.07605 0.02551 0.94177 1.12214 3.93893 2.33588 
0.05371 0.01367 0.93860 -2.10687 2.70229 1.35115 
0.06030 0.01465 0.92273 0.60305 -1.61832 0.25191 
0.07288 0.03149 0.91663 2.97710 -4.48855 0.35115 
0.08325 0.04053 0.90125 0.88550 -3.06107 0.93130 
0.08350 0.04016 0.90845 -1.62595 0.91603 0.64122 
0.07007 0.04529 0.90540 -1.11450 2.54962 0.94656 
0.06970 0.04358 0.90161 -0.27481 0.14504 1.43511 
0.07678 0.03979 0.88965 0.41985 -0.33588 1.61069 
0.08484 0.03528 0.89172 -1.48855 1.06107 1.02290 
0.09473 0.03308 0.89282 -3.21374 3.01527 0.45038 
0.09241 0.02905 0.90198 -3.33588 4.03053 1.54198 
0.08545 0.00720 0.90845 0.77863 2.41221 2.64885 
0.08154 0.00818 0.92395 6.23664 0.30534 3.08397 
0.06628 0.03162 0.92920 1.43511 0.78626 1.61832 
0.05518 0.03003 0.91455 -3.36641 2.59542 0.16031 
0.04565 0.02454 0.91150 -2.17557 2.83206 0.46565 
0.04675 0.01746 0.90076 -0.86260 0.34351 0.61832 
0.06128 0.02039 0.90942 1.75573 0.35878 -0.12977 
0.07202 0.03125 0.90295 1.74046 2.21374 -0.25191 
0.07166 0.02527 0.92285 1.67939 3.58779 0.36641 
0.06848 0.03601 0.93335 1.03053 2.34351 -0.09924 
0.07922 0.03430 0.90552 0.71756 0.77863 -1.28244 
0.09607 0.06152 0.90479 5.70992 0.08397 -1.64122 
0.10364 0.07056 0.92114 5.48855 2.35878 -0.77099 
0.08972 0.05908 0.93262 2.04580 3.36641 0.84733 
0.08545 0.02991 0.92822 -2.44275 4.64122 -0.52672 
0.05872 0.04919 0.94983 -2.54198 5.14504 -4.71756 
0.07483 0.05115 0.97473 -7.92366 3.78626 -7.29008 
0.08228 0.07556 0.98108 -8.25954 3.25191 -6.24427 
0.12402 0.07495 0.91724 -3.14504 -1.78626 5.70992 
0.07300 0.01196 0.84204 9.41985 -5.88550 12.06107 
0.07764 0.03748 0.86609 10.86260 -1.80153 7.58015 
0.08997 0.03052 0.84363 10.86260 6.96183 5.03817 
-0.03662 0.01208 0.97253 -21.48855 15.35114 13.74046 
0.10901 0.04810 0.76416 -18.38168 7.81679 1.13740 
0.06201 -0.00867 0.88672 3.28244 -5.28244 -8.45038 
0.09717 0.02637 0.88635 1.93130 -0.11450 3.61832 
0.05212 0.00415 0.93225 -18.87023 2.58779 3.27481 
0.08301 -0.00854 0.86169 -21.86259 0.83206 -1.18321 
0.07886 -0.03210 0.87683 -13.79389 5.24427 -1.88550 
0.06140 -0.03552 0.89758 -4.39695 4.24427 0.24427 
0.09827 0.08508 0.96021 -2.75573 5.24427 -0.48092 
0.08252 0.04846 0.96423 -9.22137 9.10687 -3.06107 
0.08044 0.02258 0.93188 -3.00763 3.19084 -0.88550 
0.05090 -0.01379 0.86047 14.49618 -6.50382 4.60305 
0.04163 -0.01233 0.83484 42.67176 -10.66412 5.48855 
0.06372 0.07837 0.92920 39.74809 -6.43511 4.14504 
0.03320 0.08582 0.86584 6.15267 2.69466 2.83969 
0.07507 0.02734 0.88916 3.09160 4.29008 3.21374 
0.05933 0.00415 0.87390 8.97710 4.21374 5.51145 
0.05994 0.00671 0.88184 14.61832 0.77863 3.70992 
0.07678 0.02332 0.88770 20.87023 -1.70992 2.23664 
0.09375 0.04053 0.89551 26.13741 -1.94656 2.94656 
0.09265 0.09741 0.94800 22.09160 1.93130 2.96947 
0.08533 0.08362 0.94934 5.85496 5.19847 3.64122 
0.06909 0.06335 0.94458 -1.19847 7.45802 3.28244 
0.05408 0.06226 0.94592 -2.03817 5.76336 2.02290 
0.00928 -0.02271 0.87756 -35.46565 7.31298 -0.00763 
0.06982 0.06238 0.88818 -16.87023 -0.83969 -2.56489 
0.04456 0.03333 0.92371 -0.12214 -1.72519 -3.29771 
0.03552 0.04529 0.94824 -8.25954 1.46565 -0.43511 
0.01965 0.03162 0.96362 -10.81679 3.30534 -4.18321 
0.04065 0.03271 0.93506 -14.42748 4.03053 -8.09924 
0.07422 0.04028 0.90283 -1.39695 -1.16031 -8.00000 
0.09851 0.07837 0.91406 8.71756 -4.65649 -5.20611 
0.09534 0.09143 0.91504 7.25954 -3.18321 -3.50382 
0.08813 0.10229 0.92078 10.32824 2.51145 -0.70992 
0.08728 0.09314 0.93103 10.87023 1.76336 1.51908 
0.07336 0.07361 0.92822 4.60305 0.07634 4.06870 
0.06104 0.05457 0.90210 3.16794 -0.80916 5.27481 
0.06104 0.05408 0.90942 2.40458 1.09924 1.97710 
0.06274 0.04675 0.90845 -0.63359 2.50382 -0.11450 
0.05652 0.05139 0.91724 2.37405 3.88550 -2.98473 
0.06653 0.04736 0.89453 1.48092 2.10687 -5.21374 
0.07263 0.06482 0.89868 3.41985 1.33588 -5.34351 
0.07288 0.04138 0.90076 3.51145 2.99237 -4.26718 
0.05664 0.02661 0.89575 1.26718 4.47328 -1.69466 
0.04675 0.00403 0.90344 0.47328 3.27481 0.11450 
0.04285 0.01416 0.89331 1.97710 0.58779 -2.02290 
0.05127 0.01074 0.88538 0.45802 0.90076 -5.41985 
0.04956 0.03894 0.89355 6.11450 5.41985 -7.30534 
0.05286 0.05701 0.91907 14.98473 8.09160 -6.64885 
0.06433 0.04053 0.92542 8.19084 3.81679 -2.32061 
0.05750 0.05798 0.91296 2.16031 -1.08397 -1.50382 
0.07495 0.04858 0.86377 -0.37405 -2.53435 -3.06870 
0.08167 0.03967 0.86536 3.41221 -0.07634 -2.74809 
0.05908 0.06470 0.89844 3.92366 5.07634 -2.57252 
0.05432 0.10681 0.95313 -1.21374 10.12977 -3.59542 
0.06543 0.08691 0.95508 -12.07634 11.80153 -2.29771 
0.04749 0.05835 0.91077 -12.89313 6.98473 3.69466 
0.05933 0.08386 0.91687 -4.74046 2.50382 7.19084 
0.06274 0.08264 0.91248 0.18321 1.25191 5.09924 
0.08936 0.10706 0.93066 -0.12214 5.14504 -0.32061 
0.06921 0.12183 0.94495 -0.70229 3.68702 0.65649 
0.04517 0.10278 0.91187 1.99237 0.11450 -1.92366 
0.04602 0.07239 0.89685 5.64122 -2.98473 -6.75573 
0.05347 0.05188 0.91492 8.72519 2.23664 -11.61069 
0.05188 0.02368 0.92615 1.79389 7.27481 -9.25191 
0.04089 0.03992 0.91138 0.56489 7.78626 -5.38931 
0.04456 0.04041 0.90112 -0.80153 2.87786 -3.67176 
0.04407 0.03516 0.89661 -6.87786 2.16794 -1.54962 
0.06519 0.04504 0.87927 -3.83206 5.54962 -2.24427 
0.04858 0.07080 0.90320 1.90840 6.80916 -0.83206 
0.04993 0.08142 0.93335 1.31298 3.32824 -1.34351 
0.04810 0.08081 0.91699 -1.93130 0.53435 -3.17557 
0.03247 0.07520 0.93347 -6.10687 1.32061 -3.88550 
0.06311 0.05640 0.93384 -7.64885 4.29771 -5.24427 
0.06689 0.04114 0.92078 -9.28244 7.19084 3.30534 
0.02979 0.03748 0.91858 -9.42748 4.73282 9.61069 
-0.01282 0.04944 0.94397 -9.63359 5.58779 8.30534 
0.00769 0.05212 0.94409 -11.06107 6.61832 -1.51908 
0.04919 0.05933 0.92090 -17.00000 7.25954 -6.37405 
0.06262 0.08313 0.89722 -20.68702 8.73282 -5.34351 
0.07166 0.04236 0.89771 -29.46565 12.43511 -4.55725 
0.04260 0.02222 0.94202 -32.88550 20.27481 0.06107 
0.02502 0.02661 0.92468 -34.43512 23.65649 -0.70992 
0.00549 0.02759 0.88647 -30.48092 22.67939 -11.19847 
0.02905 0.01172 0.92065 -23.53435 18.81679 -16.98473 
0.03516 -0.02490 0.85828 -18.07634 13.69466 -1.92366 
0.02625 -0.02283 0.88391 -9.54198 9.13740 11.80916 
-0.00513 -0.01721 0.88062 -1.77099 5.72519 15.46565 
-0.00940 -0.02405 0.89661 1.83969 2.70229 9.98473 
0.02356 -0.01758 0.89905 1.58779 -0.22901 7.41985 
0.02698 -0.02759 0.88501 3.09924 -2.41221 13.59542 
-0.00403 -0.00842 0.90454 12.33588 -4.80153 21.96183 
-0.00623 -0.00745 0.90747 20.43511 -5.76336 21.30534 
-0.01440 -0.00940 0.92310 22.98473 -8.67176 19.96947 
-0.00598 0.01843 0.93372 18.36641 -11.05344 17.40458 
0.01550 0.01990 0.90796 12.67939 -11.87786 10.39695 
0.01770 -0.00134 0.90210 11.35878 -8.77863 4.40458 
0.01563 0.00330 0.91760 14.63359 -5.83206 7.35878 
0.00330 0.01270 0.91284 15.32824 -6.77863 9.15267 
0.02686 0.02551 0.89600 14.19084 -11.41221 7.37405 
0.02002 0.02966 0.91052 10.68702 -12.05344 4.79389 
0.03174 0.02661 0.92932 7.99237 -10.51145 1.32824 
0.03589 0.02856 0.93103 5.32824 -6.84733 0.05344 
0.03113 0.02905 0.92346 5.07634 -3.52672 0.16031 
0.03125 0.04211 0.94678 -1.15267 0.70229 1.02290 
0.03284 0.04578 0.95703 -12.70229 6.74046 1.46565 
0.04138 0.03162 0.96143 -22.15267 16.57252 1.35115 
0.04321 0.05725 0.93738 -25.51908 25.72519 -0.80916 
0.01807 0.00867 0.91614 -32.87023 40.83206 -2.26718 
0.02173 -0.00232 0.93677 -37.70229 51.71756 0.30534 
-0.02161 0.00366 0.96460 -47.12977 64.51908 4.94656 
-0.02795 -0.01880 0.97888 -63.29771 84.70992 7.60305 
-0.02026 -0.09204 0.90820 -74.64122 101.38168 10.61832 
-0.10400 -0.07971 0.87622 -77.11450 121.01527 22.61069 
-0.16919 -0.05237 0.89258 -72.46565 127.87023 18.60305 
-0.18945 -0.13782 0.97925 -67.88550 128.93893 3.22901 
-0.22571 -0.15540 0.97742 -65.96183 133.51909 9.85496 
-0.18701 -0.22913 0.91785 -57.79389 156.61832 22.80153 
-0.24365 -0.19812 0.82886 -43.88550 180.27481 32.18320 
-0.38220 -0.13843 0.75244 0.58779 192.35878 22.86259 
-0.42041 -0.17627 0.82593 12.54198 190.09924 0.73282 
-0.50378 -0.21912 0.94238 24.66412 193.64122 -7.35115 
-0.45959 -0.21106 0.90881 58.06107 206.82443 9.38931 
-0.62195 -0.25110 0.76453 89.09924 226.16794 47.58779 
-0.69373 -0.15991 0.62988 96.58015 238.35878 65.46565 
-0.57251 0.01208 0.52393 90.83206 245.78625 69.42748 
-0.57019 0.03821 0.51221 65.99236 236.14503 59.38931 
-0.72461 0.01404 0.48462 39.00000 208.17557 33.23664 
-0.85327 0.00757 0.44043 35.18320 195.43512 19.23664 
-0.88416 0.02161 0.34265 36.26717 203.87022 25.47328 
-0.77722 0.02722 0.29614 29.15267 207.73282 45.10687 
-0.60596 0.10669 0.20886 29.16794 209.38931 72.66412 
-0.68323 0.09058 0.12683 40.09924 215.48091 63.35878 
-0.98987 0.08972 0.07239 29.32825 215.29007 32.79389 
-0.95593 0.05188 0.12256 16.75573 178.11450 -23.87023 
-0.78052 0.04016 0.19189 51.28244 145.81679 -28.65649 
-0.71912 0.13416 -0.12415 69.13741 141.48091 -14.91603 
-1.05896 0.06213 -0.21521 27.45802 161.90840 -24.82443 
-1.05530 0.09814 -0.14819 -7.37405 149.75572 -49.21374 
-1.02368 0.16040 -0.23999 -51.01527 95.19084 -21.41221 
-0.96399 0.04846 -0.14844 -54.67939 73.79389 -17.28244 
-1.01025 0.12012 -0.27576 -32.83969 60.35878 -27.96947 
-1.00635 0.08130 -0.17139 -17.93130 51.41221 -33.58015 
-1.06384 0.03345 -0.17139 3.54198 45.68702 -28.41221 
-0.99377 0.00696 -0.17004 5.91603 38.61069 -17.51908 
-0.85999 0.02759 -0.27319 6.63359 40.04580 -14.39695 
-0.90979 0.01404 -0.36023 0.70229 37.16031 -25.92366 
-1.13440 -0.11121 -0.17004 -15.37405 13.87786 -43.31298 
-1.09155 -0.06946 -0.16699 -8.87786 5.95420 -22.96183 
-0.90857 -0.03137 -0.19836 3.96183 11.11450 -3.37405 
-0.91687 -0.02246 -0.23975 8.87786 19.46565 -7.12214 
-0.97656 -0.00293 -0.28027 0.28244 13.70992 -12.06870 
-0.96667 -0.01489 -0.25000 -6.48092 -1.10687 -10.96183 
-1.03894 -0.03491 -0.22668 -15.08397 -12.77863 -7.17557 
-1.00696 -0.08289 -0.18701 -1.77863 -13.14504 1.47328 
-0.95129 -0.02747 -0.27612 5.70229 -7.84733 18.75573 
-0.92664 -0.05273 -0.24500 6.04580 -0.60305 18.05343 
-0.99280 -0.03223 -0.26440 0.59542 15.69466 8.54198 
-1.01550 -0.02795 -0.23828 -3.45802 12.90840 2.78626 
-0.98669 -0.03455 -0.22607 -4.49618 -3.25954 1.11450 
-0.93396 -0.02856 -0.24341 1.25954 -20.87023 3.74046 
-0.92322 -0.02747 -0.24329 2.62595 -14.94656 7.15267 
-0.97900 0.00916 -0.25793 3.61832 1.97710 5.80153 
-0.98169 -0.01147 -0.23340 1.34351 5.85496 3.16031 
-0.98828 -0.01953 -0.22754 -1.17557 1.24427 2.96947 
-0.95422 -0.04272 -0.20874 -0.13740 -6.88550 4.70229 
-0.93274 -0.02930 -0.22607 2.65649 -5.22901 4.06870 
-0.96228 -0.01855 -0.22021 4.58779 0.19847 -2.94656 
-0.97107 -0.00757 -0.21741 3.72519 0.16794 -5.92366 
-0.99304 -0.00525 -0.21924 -2.07634 -4.83969 -5.25954 
-0.97974 -0.02881 -0.21704 -4.62595 -5.96947 -0.29771 
-1.00122 -0.01160 -0.22607 -7.58779 -4.53435 3.44275 
-0.98425 -0.01233 -0.21460 -9.33588 2.73282 1.39695 
-0.97559 -0.00623 -0.21021 -5.00763 -0.28244 0.28244 
-0.98535 -0.00708 -0.20288 2.93893 0.21374 -0.54962 
-1.01587 -0.00269 -0.22021 9.83969 -2.64122 -1.19084 
-0.97693 -0.01782 -0.21228 4.93893 -12.80916 6.83969 
-0.94775 -0.01868 -0.22327 -0.48855 -10.58015 11.15267 
-0.94458 -0.01721 -0.20386 -1.15267 1.20611 7.66412 
-0.95837 -0.01697 -0.20508 1.77099 7.82443 2.83206 
-0.98157 -0.01514 -0.20935 2.78626 8.38168 1.23664 
-0.97290 -0.01160 -0.22095 4.41221 3.55725 2.45802 
-0.96338 -0.01733 -0.22705 3.64885 0.11450 2.89313 
-0.96130 -0.02429 -0.22961 3.03817 2.27481 -1.51908 
-0.97766 -0.02917 -0.21912 0.20611 1.51145 -1.77863 
-0.98145 -0.02441 -0.21399 -2.12977 1.48092 -0.90076 
-0.97437 -0.02124 -0.21790 -1.43511 1.13740 0.57252 
-0.97070 -0.02209 -0.21301 -0.47328 1.35878 1.33588 
-0.97180 -0.01086 -0.20972 -1.29008 2.15267 1.93130 
-0.97351 -0.01587 -0.21118 -1.10687 2.64122 1.80916 
-0.97559 -0.02136 -0.20813 -0.37405 3.06107 1.75573 
-0.96741 -0.02515 -0.21130 1.68702 3.10687 2.36641 
-0.97229 -0.01587 -0.21533 2.65649 3.12977 2.70229 
-0.97278 -0.00928 -0.22693 2.35115 3.36641 2.68702 
-0.97180 -0.01379 -0.22437 1.32061 3.40458 2.22901 
-0.97290 -0.01770 -0.22339 -0.77099 3.75573 2.60305 
-0.97632 -0.01892 -0.23560 -0.54962 2.83969 3.36641 
-0.97681 -0.01563 -0.23438 0.40458 1.68702 3.85496 
-0.97327 -0.00977 -0.23657 2.12214 0.15267 4.15267 
-0.96802 -0.00598 -0.22571 2.20611 -1.41985 3.63359 
-0.96484 -0.00525 -0.21533 2.66412 -1.76336 3.00763 
-0.96826 -0.01038 -0.21387 3.96947 -0.82443 2.40458 
-0.97815 -0.01392 -0.21851 3.16794 -0.48092 2.53435 
-0.96826 -0.00488 -0.22046 2.00763 -0.76336 2.69466 
-0.96997 0.00232 -0.22925 -0.51908 -0.69466 2.42748 
-0.96631 -0.00513 -0.21960 -0.67176 -1.03817 2.03817 
-0.97009 -0.00378 -0.21924 1.29771 -2.21374 1.09160 
-0.97424 -0.00525 -0.20837 1.35115 -2.13740 0.67176 
-0.97559 -0.00208 -0.20886 0.41221 -1.86260 0.36641 
-0.97083 -0.00256 -0.20679 2.28244 -1.70229 -0.41985 
-0.96704 -0.01123 -0.20215 3.78626 -1.22901 -0.86260 
-0.97327 -0.01636 -0.20862 1.54198 0.26718 -0.38931 
-0.97498 -0.01575 -0.21008 -1.03053 0.48855 0.06107 
-0.97668 -0.00525 -0.21436 -1.43511 0.45038 0.07634 
-0.98523 -0.00891 -0.21753 -0.16794 -0.30534 -1.53435 
-0.97241 -0.01208 -0.21924 0.29771 -2.19084 -2.90076 
-0.97644 -0.01160 -0.22522 -1.82443 -5.40458 -0.33588 
-0.97131 -0.02319 -0.20337 0.37405 -7.33588 -1.24427 
-0.98254 -0.01624 -0.19995 -1.83969 -4.23664 -0.06107 
-0.96399 -0.01453 -0.19312 -1.13740 -3.41221 0.06107 
-0.95752 -0.01355 -0.19470 -1.55725 -1.97710 0.33588 
-0.97229 -0.01563 -0.19604 -1.42748 -0.81679 -0.12977 
-0.98840 -0.01953 -0.18469 1.52672 -4.06870 -0.40458 
-0.99084 -0.01978 -0.19458 2.20611 -7.35878 1.46565 
-0.99780 -0.02686 -0.18567 4.58779 -12.15267 2.26718 
-1.01013 -0.01196 -0.19958 5.80916 -19.71756 1.81679 
-1.00146 -0.01929 -0.19263 4.85496 -24.30534 1.87786 
-0.99866 0.00061 -0.19348 4.52672 -25.77863 1.29771 
-0.99927 -0.01611 -0.13293 5.83969 -27.29771 0.84733 
-0.97473 -0.00610 -0.18127 0.44275 -38.67939 -0.16031 
-0.96753 -0.03198 -0.11292 -8.35878 -51.50382 -3.74809 
-0.97485 -0.02063 -0.09937 -1.22901 -71.62595 -12.93130 
-0.93835 -0.03369 -0.10083 -0.48855 -90.25954 -13.55725 
-0.89221 -0.03503 -0.07813 -0.84733 -106.47328 -9.12214 
-0.91858 -0.02600 -0.06165 5.62595 -103.48855 3.10687 
-0.92188 -0.01648 -0.00891 8.46565 -94.08397 9.96183 
-0.95776 -0.02612 0.05664 16.06870 -87.14503 13.74809 
-0.94849 -0.01111 0.07117 26.78626 -90.07633 19.25191 
-0.93738 -0.03040 0.12122 38.79389 -112.72519 27.25191 
-0.86743 -0.04614 0.14978 32.79389 -139.81679 38.60305 
-0.93286 0.00159 0.19922 13.37405 -187.18321 42.04580 
-0.90051 0.05200 0.22229 -4.85496 -219.90076 34.04580 
-0.89709 0.03906 0.28210 -14.04580 -241.06870 27.29771 
-0.89026 0.06519 0.32703 -29.99237 -246.25954 21.45802 
-0.86499 0.00867 0.47839 -43.68702 -248.08397 10.56489 
-0.85791 0.00928 0.54065 -37.53435 -247.41985 -2.89313 
-0.73376 0.02563 0.55505 -19.16794 -246.09160 -20.55725 
-0.72327 0.03003 0.58008 -2.03053 -247.78625 -21.27481 
-0.63940 0.01648 0.74048 11.00000 -246.41985 -15.29771 
-0.58289 -0.01855 0.76025 22.08397 -229.53435 -2.38931 
-0.51550 0.04541 0.71411 14.38168 -218.20610 2.93893 
-0.41833 0.03601 0.77222 7.56489 -199.48091 4.69466 
-0.39807 0.02686 0.84241 1.76336 -175.67938 4.12214 
-0.33826 -0.00366 0.86023 1.65649 -143.85497 -0.50382 
-0.31750 -0.04480 0.83508 -2.58779 -108.71756 6.09160 
-0.33533 -0.00293 0.85852 -19.35114 -103.77863 8.93893 
-0.17957 -0.03809 0.84790 -25.21374 -123.21374 9.74046 
-0.08813 -0.08057 0.88757 -6.92366 -136.65649 11.18321 
-0.14001 -0.02734 0.85193 -5.46565 -134.27481 8.70992 
-0.14600 0.04614 0.84314 -7.68702 -133.12978 -0.31298 
-0.07898 0.04688 0.87170 -4.14504 -135.70993 -5.91603 
-0.00500 -0.00684 0.93152 -3.83206 -132.22137 -1.62595 
0.06116 -0.07263 0.91785 2.42748 -119.40458 6.03817 
0.07043 0.05554 0.86035 -8.94656 -107.25191 9.24428 
0.11365 0.03369 0.85767 -0.17557 -109.38931 3.11450 
0.11267 -0.04138 0.88818 18.46565 -112.32061 2.58015 
0.07190 -0.05139 0.93225 42.82443 -88.80916 2.98473 
0.18530 0.04053 0.98315 43.93130 -52.47328 3.55725 
0.16235 0.05847 0.96069 20.26718 -5.29771 10.34351 
0.19348 0.01416 0.98523 -2.11450 8.00763 14.01527 
0.19617 0.01563 0.93213 -5.56489 7.61832 17.02290 
0.18555 0.02856 0.92212 0.87023 5.99237 18.35114 
0.16113 0.03442 0.96069 -5.74046 12.96183 13.73282 
0.16040 0.03674 0.94641 -10.61069 15.48855 6.95420 
0.13354 0.00525 0.92871 -8.58015 15.09924 6.16031 
0.12939 0.04041 0.90369 -2.60305 12.97710 13.60305 
0.14233 0.02698 0.93188 1.59542 7.90076 14.79389 
0.14368 0.02747 0.88904 -2.80916 0.08397 12.95420 
0.20154 -0.01367 0.87659 -4.57252 -4.57252 6.31298 
0.17249 -0.00464 0.90356 3.66412 4.29771 0.45802 
0.14221 0.01123 0.91296 5.27481 13.05344 -5.21374 
0.11877 0.01123 0.89758 7.18321 16.17557 -1.99237 
0.10876 0.04529 0.89722 7.72519 14.89313 0.17557 
0.12891 0.03247 0.91858 7.26718 12.03053 -4.24427 
0.13171 0.02698 0.90393 8.13740 10.61069 -8.79389 
0.11670 0.02380 0.94324 2.42748 6.51145 -5.86260 
0.12280 0.01196 0.94910 1.17557 1.35115 0.00763 
0.11621 0.02783 0.91760 1.96947 0.58015 3.41985 
0.13159 0.04224 0.89319 3.63359 2.15267 2.37405 
0.12732 0.04321 0.89819 2.10687 5.00000 -0.78626 
0.13269 0.02527 0.90466 -0.44275 7.57252 -3.78626 
0.11487 0.01501 0.91248 -1.58015 9.64122 -5.65649 
0.11731 0.00610 0.90344 -1.14504 9.51145 -4.18321 
0.11194 0.01343 0.89319 0.52672 12.38931 -2.07634 
0.13208 0.01782 0.90198 2.10687 16.30534 -1.98473 
0.10266 0.02380 0.89258 0.67939 17.48092 1.26718 
0.10132 0.02161 0.88623 3.99237 16.67939 2.58779 
0.09131 0.03760 0.92822 9.96947 14.47328 -2.00763 
0.08423 0.03796 0.93958 8.39695 12.96947 -5.70229 
0.08801 0.03491 0.93176 4.37405 9.74809 -7.67939 
0.09888 0.03516 0.92517 -1.48092 4.83206 -5.54962 
0.09583 0.03235 0.91357 -3.38931 0.90840 -1.06870 
0.11047 0.03467 0.91223 -0.12977 1.42748 0.84733 
0.09106 0.04883 0.90222 1.48855 3.75573 1.88550 
0.08557 0.04431 0.89600 1.94656 6.22901 1.01527 
0.08984 0.04675 0.92065 -1.98473 6.72519 -0.91603 
0.09460 0.04187 0.94153 -6.55725 6.51145 -3.06870 
0.08350 0.03223 0.92468 -6.91603 7.02290 -3.36641 
0.07886 0.02820 0.89612 -7.96947 5.84733 -0.70229 
0.06885 0.02551 0.89270 -7.48855 3.29771 2.09924 
0.06714 0.02649 0.90076 -5.16794 1.06107 3.31298 
0.07141 0.03540 0.90198 -3.80916 0.28244 1.88550 
0.08447 0.03027 0.89612 -6.49618 -1.00000 0.41985 
0.08752 0.00732 0.90430 -6.54198 -1.99237 2.71756 
0.08020 0.00684 0.91528 -4.25191 -0.14504 4.75573 
0.08276 0.00354 0.92249 -0.97710 3.86260 6.44275 
0.06934 0.02173 0.89685 3.91603 7.22901 10.75572 
0.08789 0.02893 0.89941 12.50382 8.06107 11.06870 
0.07605 0.01819 0.89771 16.09924 9.38168 11.71756 
0.06079 0.02368 0.92322 22.17557 10.17557 4.88550 
0.06995 0.06348 0.92334 16.67939 12.33588 -0.77863 
0.04907 0.03613 0.90051 15.26718 11.94656 -2.08397 
0.04370 0.06787 0.90222 13.87786 11.36641 -5.60305 
0.08459 0.07544 0.93359 3.12214 9.38168 -7.06870 
0.07971 0.06201 0.92847 -3.51908 4.94656 -5.79389 
0.09277 0.05420 0.94080 -4.92366 1.09924 -2.99237 
0.06897 0.04443 0.94275 -8.98473 1.55725 1.41985 
0.05212 0.02966 0.93164 -8.58015 2.12977 1.74809 
0.05286 0.03064 0.92798 -8.49618 2.32061 1.62595 
0.04871 0.03271 0.92505 -9.28244 3.85496 3.96183 
0.05688 0.02759 0.92285 -5.35878 6.33588 8.25191 
0.04919 0.04028 0.91272 -2.39695 7.20611 9.05344 
0.05591 0.04590 0.93494 -1.48092 7.45802 6.71756 
0.05151 0.02808 0.91138 -2.29771 5.21374 4.15267 
0.05029 0.02747 0.89087 -3.49618 0.87786 1.74046 
0.05042 0.02393 0.88696 -5.35878 -0.38168 1.49618 
0.05017 0.02881 0.88721 -4.56489 0.00000 1.89313 
0.05542 0.02808 0.88794 -0.96947 1.10687 1.27481 
0.04602 0.02881 0.90137 0.20611 3.14504 1.43511 
0.04407 0.02100 0.90381 -0.87786 4.02290 1.51908 
0.04089 0.02234 0.89575 0.03817 3.70229 0.89313 
0.04785 0.01807 0.90002 -0.29771 3.12214 0.25954 
0.05786 0.02832 0.91809 -5.30534 3.15267 -0.36641 
0.06189 0.02771 0.91797 -8.06870 1.18321 1.32061 
0.05249 0.02332 0.91577 -6.87023 -0.73282 4.21374 
0.05762 0.01831 0.90381 -1.33588 -1.38931 3.16031 
0.05835 0.01868 0.92273 3.43511 0.87023 -0.19084 
0.05273 0.03003 0.92590 2.47328 3.28244 -1.88550 
0.05408 0.02673 0.91858 0.81679 3.68702 -0.28244 
0.04944 0.02930 0.91150 1.16031 1.82443 1.77099 
0.05603 0.02869 0.90466 1.00000 0.84733 1.60305 
0.04407 0.03027 0.91541 0.44275 2.58015 0.00763 
0.05579 0.03186 0.93530 -1.90840 6.26718 -2.61832 
0.04248 0.02881 0.91870 -2.64122 10.43511 -7.41221 
0.05847 0.02771 0.91455 -0.10687 16.74046 -8.98473 
0.04395 0.02441 0.89575 6.10687 21.19847 -8.16031 
0.03687 0.02771 0.90442 10.14504 25.30534 -6.96183 
0.03503 0.03125 0.90308 14.92366 24.86259 -6.00763 
0.01172 0.03833 0.92029 15.10687 21.11450 -3.31298 
0.00208 0.04810 0.92114 8.54962 16.81679 -1.00763 
0.00342 0.04639 0.91309 4.88550 10.16031 0.65649 
0.01038 0.05164 0.91394 5.74046 7.25954 2.18321 
0.00159 0.04956 0.92151 6.47328 4.64122 3.92366 
-0.00854 0.03943 0.93738 -0.31298 0.64885 5.72519 
0.00830 0.04785 0.90234 -1.94656 -5.50382 3.73282 
0.01868 0.04248 0.90466 -0.38168 -5.54962 1.55725 
0.01697 0.04163 0.91406 2.66412 -0.30534 0.36641 
0.00244 0.04321 0.91382 4.37405 1.67939 1.22137 
0.01404 0.04749 0.92651 1.17557 -5.42748 2.70229 
0.00476 0.04858 0.92114 -3.16794 -9.93130 3.26718 
0.01526 0.05042 0.90137 -6.13740 -11.12977 0.72519 
0.01575 0.05566 0.88867 -6.67939 -11.90840 -0.35115 
0.01685 0.02820 0.90308 -7.74046 -12.87023 -0.05344 
0.01978 0.04211 0.91187 -9.97710 -17.79389 -0.87023 
0.03772 0.03296 0.92407 -15.67939 -22.94657 -2.93130 
0.04688 0.02014 0.90320 -19.39695 -19.41221 -1.31298 
0.08411 0.02930 0.87646 -16.89313 -12.84733 3.77099 
0.03406 0.00000 0.88965 -14.58779 -11.17557 7.11450 
0.03052 0.01160 0.89087 -14.71756 -15.48092 4.19847 
0.06030 0.01599 0.92053 -21.06870 -29.40458 -2.21374 
0.09680 0.00891 0.91602 -25.74046 -36.59542 -2.35878 
0.12207 -0.01245 0.88745 -23.45802 -33.56488 4.63359 
0.11023 -0.03125 0.89612 -18.64122 -24.93130 10.58015 
0.10535 -0.03687 0.90271 -7.61069 -17.51145 10.38931 
0.13647 -0.02429 0.90930 -1.04580 -12.36641 7.12214 
0.10779 -0.02429 0.90564 4.60305 -4.89313 5.41985 
0.11560 -0.01160 0.92664 10.15267 4.97710 -0.27481 
0.10498 -0.01404 0.93628 12.37405 10.44275 -2.77863 
0.10303 -0.00134 0.92676 11.54198 14.00000 -2.30534 
0.09363 0.00037 0.93091 5.28244 12.70992 -3.50382 
0.09424 0.00232 0.91968 4.02290 12.43511 -5.01527 
0.08960 0.00281 0.93433 2.38931 14.36641 -3.77863 
0.09766 -0.00195 0.94189 -1.96183 17.90076 -5.09924 
0.06836 -0.00623 0.93433 -4.31298 21.52672 -6.28244 
0.08472 -0.01587 0.93347 -6.09160 22.78626 -3.80916 
0.08252 -0.00574 0.92334 -6.07634 18.84733 -0.90076 
0.08301 0.00476 0.92139 -3.09160 15.93893 -0.51908 
0.05945 0.00317 0.94922 -4.58015 24.03817 -3.09924 
0.03369 -0.01257 0.95789 -12.83969 31.77863 -5.35878 
0.06494 -0.02698 0.92908 -21.19847 31.48092 -6.98473 
0.05615 -0.01428 0.90503 -18.46565 24.51908 -4.58779 
0.04614 -0.00122 0.90295 -15.09160 21.48855 -4.64122 
0.07031 -0.02563 0.90710 -9.44275 33.68702 -9.00763 
-0.01099 -0.04028 0.94824 -4.58015 52.49618 -6.61832 
-0.02002 -0.04956 0.96008 -11.88550 70.93130 -10.26718 
-0.01318 -0.05493 0.87927 -12.57252 71.00000 -11.77863 
-0.04236 -0.04541 0.87219 -6.56489 59.19847 -6.57252 
-0.05725 -0.04871 0.90112 -0.67939 51.77099 -3.53435 
-0.08862 -0.05566 0.90833 6.29008 50.15267 -1.18321 
-0.10120 -0.05005 0.88171 10.88550 53.55725 -1.10687 
-0.10291 -0.04468 0.86401 10.61832 63.41221 -1.33588 
-0.12061 -0.04199 0.87073 13.76336 73.42748 -3.89313 
-0.17175 -0.03796 0.87573 8.33588 77.50381 -4.86260 
-0.17383 -0.04541 0.88440 6.50382 69.74809 -4.95420 
-0.21753 -0.03491 0.88074 8.38168 63.47328 -2.74046 
-0.23499 -0.01758 0.86816 6.53435 63.38168 0.64122 
-0.22131 -0.02039 0.85693 4.97710 68.26717 4.20611 
-0.22180 -0.01587 0.84509 2.29771 72.26717 6.06870 
-0.27747 -0.03870 0.89514 2.82443 72.60305 8.78626 
-0.31970 -0.00598 0.88025 6.38168 77.93893 12.14504 
-0.30872 -0.02454 0.86938 -0.56489 83.90839 11.58015 
-0.31799 -0.01819 0.83362 -11.71756 85.46565 10.83206 
-0.35657 -0.00366 0.82837 -17.73282 79.35114 6.83206 
-0.36914 -0.01331 0.81055 -19.07634 69.88550 4.19847 
-0.40125 -0.03748 0.84058 -21.89313 66.87023 8.81679 
-0.41821 -0.05322 0.85938 -10.41221 72.16794 19.38931 
-0.42444 -0.01892 0.73779 1.21374 81.00000 24.38168 
-0.45740 0.01477 0.78223 2.17557 82.03053 15.70229 
-0.45569 -0.04224 0.75671 -3.54198 85.22900 4.64885 
-0.49390 -0.02759 0.74487 -7.76336 84.27481 -0.00763 
-0.49658 -0.03918 0.73169 -3.77099 85.53435 4.99237 
-0.55371 -0.04944 0.73975 -0.27481 92.41222 12.28244 
-0.62537 -0.02136 0.73755 7.56489 100.48092 9.22137 
-0.58130 -0.02319 0.67688 23.01527 102.90076 -0.57252 
-0.59985 -0.02576 0.64136 34.52672 95.72519 -3.07634 
-0.61353 -0.01758 0.61169 35.90840 90.77100 2.09924 
-0.64355 0.01648 0.56970 31.51145 90.57252 4.25954 
-0.77905 -0.02380 0.64819 29.53435 89.14503 1.83206 
-0.72791 0.03442 0.60522 30.43511 86.90839 -4.31298 
-0.70361 0.00562 0.57544 23.55725 83.86259 -8.22137 
-0.71411 0.02039 0.56689 6.70229 82.96947 -4.38168 
-0.73083 0.03613 0.55627 0.66412 82.65649 -2.63359 
-0.80762 -0.00476 0.55249 -8.00763 87.82442 -5.74046 
-0.79614 -0.02759 0.44727 -15.52672 96.19847 -4.70229 
-0.81055 -0.04016 0.45886 4.70992 98.37405 2.31298 
-0.83728 0.04871 0.45508 9.24428 87.54198 -3.11450 
-0.80725 -0.01160 0.43750 7.57252 79.12214 -8.80916 
-0.80518 -0.01135 0.38171 7.88550 79.63359 -14.12214 
-0.88257 -0.03845 0.35291 7.74046 94.41985 -9.35878 
-0.93433 -0.03479 0.33423 -3.89313 113.57252 -6.44275 
-0.91418 -0.02759 0.29480 -13.70992 110.29771 -3.56489 
-0.84680 -0.03772 0.27563 -4.72519 93.12977 -0.68702 
-0.84497 0.05835 0.31104 -11.40458 85.54962 7.95420 
-0.90881 -0.00854 0.24561 -9.32061 87.93893 10.05344 
-0.87939 -0.03760 0.19482 -13.45802 96.05344 8.60305 
-0.87292 0.03137 0.15674 -20.90076 99.21374 5.03817 
-0.94751 -0.09509 0.15576 -22.12214 101.25954 8.16031 
-0.95630 0.04907 0.12061 -29.58779 102.45038 9.28244 
-0.96289 -0.03174 0.09949 -9.25954 100.16794 0.61069 
-0.97363 0.02295 0.08984 0.78626 94.88550 -2.99237 
-0.94604 -0.00818 0.06177 12.89313 90.68702 -4.28244 
-0.97168 -0.00562 -0.00549 16.92366 93.41985 -7.89313 
-1.00049 -0.03809 -0.04004 13.42748 103.32061 -15.65649 
-1.00293 0.03662 0.00171 13.64122 109.20611 -19.38931 
-0.96948 -0.00757 -0.01648 8.48092 64.42748 -4.37405 
-0.94824 -0.02209 -0.04480 10.37405 44.43512 -6.99237 
-0.99768 -0.05005 -0.10925 11.68702 42.62595 -9.92366 
-1.05151 -0.01782 -0.12854 3.78626 54.55725 -10.01527 
-0.97424 -0.02502 -0.11340 -0.17557 59.42748 -1.93130 
-0.98389 -0.02942 -0.12451 0.09924 53.00763 -0.64885 
-1.01062 -0.06702 -0.13306 -4.72519 41.80916 -4.60305 
-0.97998 -0.04504 -0.14038 -16.25191 36.33588 -7.27481 
-0.96472 -0.01526 -0.17285 -4.23664 32.84733 -3.13740 
-0.97949 -0.01904 -0.18152 1.09160 32.29771 4.33588 
-1.00049 -0.01550 -0.19446 3.74046 36.99237 4.17557 
-0.95398 -0.02454 -0.19568 4.38931 41.31298 4.06107 
-0.95630 -0.02856 -0.20239 3.77099 39.12977 4.50382 
-0.94910 -0.02405 -0.21667 -2.21374 33.46565 6.02290 
-0.96094 -0.02246 -0.22351 -5.98473 31.49618 6.70229 
-0.97388 -0.01697 -0.23792 -4.12214 27.52672 5.56489 
-0.97522 -0.02209 -0.23682 1.02290 18.74809 3.09160 
-0.96301 -0.02002 -0.23535 2.39695 7.29008 1.67176 
-0.97388 -0.01355 -0.26306 1.34351 3.77863 1.52672 
-0.98206 -0.01245 -0.25684 -0.50382 5.54198 1.65649 
-1.00745 -0.01709 -0.25867 -3.37405 4.68702 1.88550 
-0.99585 -0.01904 -0.25610 -3.03053 0.90076 0.77863 
-0.98413 -0.01965 -0.25403 -2.95420 -1.62595 0.40458 
-0.97034 -0.02234 -0.25269 -1.27481 -1.48092 0.25954 
-0.95190 -0.02197 -0.24292 0.64885 -1.21374 0.14504 
-0.95959 -0.02234 -0.25012 3.86260 -0.83969 -0.27481 
-0.95410 -0.02380 -0.25024 2.55725 -0.56489 0.54198 
-0.96692 -0.03064 -0.24390 -0.03053 0.14504 1.46565 
-0.96545 -0.02454 -0.24182 -2.06107 -0.73282 2.57252 
-0.95898 -0.02026 -0.24255 -2.41985 -2.48855 2.59542 
-0.94946 -0.01843 -0.24304 -2.75573 -2.41221 2.91603 
-0.95007 -0.01550 -0.23511 -0.83206 0.58015 2.43511 
-0.95679 -0.01636 -0.23706 1.08397 1.72519 1.90840 
-0.97253 -0.02258 -0.23499 1.41985 0.33588 1.69466 
-0.98120 -0.01733 -0.24463 -0.77099 -1.03053 1.96947 
-1.01074 -0.02478 -0.25061 -2.19084 -1.63359 2.11450 
-0.97107 -0.02417 -0.23352 -3.23664 0.50382 2.83969 
-0.96924 -0.01953 -0.24268 -1.35115 0.68702 2.92366 
-0.97009 -0.02209 -0.22925 -0.02290 0.58015 3.00763 
-0.97095 -0.01550 -0.23413 -0.29771 -0.03053 3.03053 
-0.96777 -0.00928 -0.24194 -1.19847 -0.59542 2.72519 
-0.96423 -0.01160 -0.23682 -2.87786 -0.90840 2.87023 
-0.96887 -0.01331 -0.24536 -3.38931 0.73282 3.13740 
-0.96936 -0.01672 -0.24475 -2.59542 0.96947 3.06870 
-0.97778 -0.01660 -0.24329 -2.06870 -1.86260 2.92366 
-0.96753 -0.01404 -0.23962 -2.20611 -4.09924 3.12977 
-0.97375 -0.01147 -0.23669 -1.15267 -3.51145 3.21374 
-0.96826 -0.00940 -0.23914 -0.74809 -1.75573 3.34351 
-0.96753 -0.01147 -0.23987 -1.00000 -1.31298 3.45802 
-0.97522 -0.00537 -0.23462 -2.22137 -1.35878 3.52672 
-0.97583 0.00037 -0.24036 -2.71756 -2.61832 3.17557 
-0.98022 -0.00867 -0.22827 -1.51145 -4.70229 2.20611 
-0.96960 -0.00464 -0.23120 -0.28244 -6.64885 1.48855 
-0.96155 -0.00427 -0.22412 -0.52672 -6.09924 1.61832 
-0.97083 -0.00769 -0.22119 -2.87786 -4.26718 2.04580 
-0.97986 -0.00781 -0.22131 -5.20611 -7.57252 1.70229 
-0.96997 -0.00769 -0.21460 -5.64122 -9.18321 1.76336 
-0.96790 -0.00623 -0.21240 -2.61069 -8.00763 1.35115 
-0.96558 -0.00659 -0.20215 -0.71756 -5.24427 1.41221 
-0.97644 -0.00452 -0.21094 -0.10687 -3.00000 1.32824 
-1.00269 -0.00903 -0.21350 2.18321 -4.48092 0.29771 
-0.99854 -0.01050 -0.20764 1.24427 -7.95420 -0.03817 
-0.95642 -0.00464 -0.19348 -1.95420 -11.85496 1.00763 
-0.93420 -0.00293 -0.18958 -1.96183 -10.98473 4.39695 
-0.95459 0.00586 -0.19824 0.69466 -6.08397 6.58015 
-0.99487 -0.00195 -0.19885 2.18321 -3.38931 7.78626 
-1.00122 -0.00757 -0.21179 0.93893 -5.68702 8.03053 
-0.98706 -0.00684 -0.19946 0.84733 -13.84733 4.08397 
-0.96423 0.00183 -0.18188 -1.47328 -18.03053 3.09160 
-0.94983 0.01575 -0.17261 -3.36641 -19.25191 5.19084 
-0.95300 0.01965 -0.16772 -2.77863 -20.51908 5.24427 
-0.98853 0.00659 -0.17102 1.92366 -21.41221 -0.80153 
-0.98975 0.00391 -0.15417 0.98473 -25.79389 -0.25954 
-0.99976 0.00415 -0.14941 2.64885 -37.09924 0.29008 
-0.98096 0.00403 -0.14526 4.54962 -46.92366 1.85496 
-0.97839 0.00415 -0.12878 4.15267 -49.69466 4.25954 
-0.97864 -0.00256 -0.10693 6.13740 -51.52672 6.54962 
-0.95691 0.00549 -0.09387 2.90076 -49.18320 9.35114 
-0.96411 0.00964 -0.06860 -0.03053 -40.65649 10.00000 
-0.96240 0.00598 -0.06262 -3.41985 -35.23664 8.70992 
-0.92615 0.01465 -0.05200 -3.09160 -36.74809 -2.60305 
-1.01367 -0.00488 -0.03821 0.60305 -44.44275 -14.60305 
-0.96423 0.00464 -0.02576 2.43511 -55.80153 -8.67176 
-0.96008 -0.01086 0.00061 0.10687 -61.99237 -3.57252 
-0.92725 0.00330 0.02185 -3.06870 -62.46565 -0.77863 
-0.96814 -0.01233 0.04492 -7.39695 -60.02290 -1.07634 
-0.95923 -0.01025 0.05505 -8.51145 -61.74809 0.70229 
-0.97156 -0.00073 0.07678 -4.79389 -73.34351 2.75573 
-0.98328 -0.00623 0.10376 -0.28244 -84.37405 4.00000 
-0.94299 -0.00867 0.14392 3.62595 -94.49619 8.90840 
-0.91528 0.00037 0.15906 4.29771 -96.48092 13.03817 
-0.92334 0.00378 0.17200 0.51145 -92.60305 15.13740 
-0.95715 0.01465 0.19092 -3.01527 -87.97710 14.60305 
-0.94373 0.01306 0.23999 -6.25954 -83.71756 16.13741 
-0.93494 -0.00391 0.24841 -6.57252 -83.96183 15.72519 
-0.94641 0.00378 0.27905 -1.95420 -92.86259 10.83969 
-0.87268 -0.01587 0.33936 -2.00763 -114.12977 -1.87023 
-0.86047 0.01099 0.36975 11.11450 -118.56489 -2.36641 
-0.91724 0.13049 0.28503 6.96183 -118.26717 7.76336 
-0.78662 0.00684 0.47107 -6.55725 -119.03817 10.16031 
-0.81995 0.01025 0.46643 -2.45802 -104.87786 9.62595 
-0.80750 0.04578 0.45264 -0.60305 -96.16794 2.92366 
-0.77100 0.03223 0.47839 10.91603 -89.72519 -5.54198 
-0.77466 0.04468 0.52673 13.32061 -89.34351 -7.80916 
-0.73779 0.01514 0.55920 3.29008 -91.38931 -6.32824 
-0.72815 0.02185 0.55420 -2.73282 -97.76336 -4.51145 
-0.61438 0.00684 0.55029 -4.24427 -107.86259 -5.81679 
-0.71155 0.01306 0.59216 6.84733 -114.46565 -15.32061 
-0.65369 0.03723 0.64319 8.64122 -113.67175 -6.95420 
-0.66809 0.00989 0.66553 14.16031 -107.77863 -4.25954 
-0.63513 0.04443 0.68933 6.51908 -105.18320 -1.89313 
-0.58740 0.03455 0.69031 3.59542 -100.53435 1.55725 
-0.58936 0.02417 0.71973 -0.38168 -93.87023 3.99237 
-0.51721 0.03601 0.72815 -2.25191 -83.73283 2.75573 
-0.48303 0.03882 0.75110 1.00763 -76.81680 3.48092 
-0.56787 0.02246 0.80505 -8.13740 -73.85497 9.11450 
-0.45813 0.02393 0.79871 -12.54962 -74.70229 8.38168 
-0.44653 0.04541 0.79150 -12.95420 -77.41222 8.14504 
-0.44495 0.10754 0.80554 -27.65649 -84.84733 8.64886 
-0.39771 0.02417 0.83582 -35.03817 -88.97710 1.73282 
-0.41870 0.00732 0.85632 -22.31298 -88.62595 -15.81679 
-0.46008 -0.01184 0.81494 -17.08397 -83.90839 -16.84733 
-0.30273 -0.01331 0.88733 -28.51908 -74.81680 -3.46565 
-0.33093 -0.01306 0.85498 -17.35878 -70.93893 0.41985 
-0.27869 -0.03320 0.86023 -10.33588 -63.90840 -5.03817 
-0.28845 -0.03320 0.87610 -8.86260 -58.87023 -3.90076 
-0.29443 -0.04773 0.86597 -6.98473 -57.45038 -4.51145 
-0.27661 -0.01758 0.87976 0.75573 -61.59542 -7.61069 
-0.19336 -0.08423 0.89539 5.22137 -60.34351 -1.81679 
-0.23511 -0.03052 0.87158 13.10687 -56.53435 -0.87023 
-0.25940 -0.05872 0.85449 2.70992 -53.84733 5.14504 
-0.12109 0.03906 0.94250 -9.32824 -57.29008 7.28244 
-0.15698 -0.02344 0.85059 -15.93893 -61.35878 7.54962 
-0.15381 -0.03699 0.89575 -26.77099 -64.41222 -2.04580 
-0.11047 -0.00134 0.90955 -23.03053 -66.06870 -11.81679 
-0.12354 -0.04517 0.85339 -22.32825 -67.73283 -14.11450 
-0.07324 -0.07288 1.09302 -4.35878 -59.91603 -9.67939 
-0.11719 -0.06274 1.06653 43.82443 -50.39695 -12.84733 
-0.06189 -0.00635 0.84949 26.68702 -55.03817 -5.70229 
-0.07532 -0.00732 0.84058 1.08397 -65.50381 1.93130 
-0.00598 -0.04919 0.93274 22.35878 -63.88550 4.81679 
0.02100 -0.05298 0.95947 38.36641 -52.39695 4.58015 
0.06506 -0.05469 0.94739 35.18320 -35.57252 5.64122 
0.12500 -0.08386 0.90320 8.76336 -27.41985 2.29008 
0.09497 -0.05688 0.85059 3.40458 -24.71756 -9.35878 
0.08252 0.01550 1.00818 26.92366 -17.56489 -23.62595 
-0.07996 -0.11206 0.87085 22.16794 -20.51908 -16.18321 
-0.06396 0.00183 0.77563 2.32824 -10.49618 20.55725 
0.09546 0.00513 0.89514 -2.51908 -9.37405 32.73283 
0.13818 0.00232 0.81580 -2.77099 -4.13740 19.90840 
0.07202 -0.01599 0.86597 -15.89313 0.17557 5.96183 
-0.00647 -0.07324 0.86719 -20.84733 9.83969 8.24428 
0.05359 -0.00891 0.86340 -14.18321 20.51908 15.37405 
-0.02698 -0.07190 0.83081 -25.61832 19.98473 16.87786 
0.06042 -0.00110 0.87854 -36.89313 16.39695 23.46565 
0.02515 -0.10498 1.02942 -24.60305 16.20611 17.70229 
0.00208 -0.08154 0.96704 -0.79389 14.54962 14.32061 
0.04834 -0.02344 0.88599 -8.61832 -10.02290 15.00000 
0.01978 -0.03064 0.93201 -12.35114 -26.09924 12.31298 
0.04883 -0.01526 0.88062 -21.01527 -35.55725 6.22901 
0.06384 -0.03809 0.89856 -26.80153 -39.80153 -0.41985 
0.09326 -0.07837 0.98071 -11.01527 -25.22137 -0.87786 
0.10168 -0.08252 0.98730 10.11450 -5.22901 -3.50382 
0.10425 -0.05188 0.89612 28.49618 20.43511 -6.66412 
0.07898 -0.04053 0.90259 28.77099 27.30534 -8.62595 
0.04260 -0.02808 0.92688 21.26718 22.46565 -9.72519 
0.03345 -0.04529 0.92981 0.63359 4.34351 -11.72519 
0.04041 -0.04883 0.92810 -9.84733 -3.19084 -7.03053 
0.06348 -0.03467 0.92102 -13.22137 2.52672 -5.80153 
0.05774 -0.05273 0.86877 -11.06107 8.52672 -8.14504 
0.06909 -0.03162 0.85449 -1.19084 11.12977 -5.70229 
0.04871 -0.07349 0.88660 17.86259 12.90076 0.83969 
0.05615 -0.06958 0.85193 33.72519 10.86260 2.98473 
0.07849 -0.03345 0.91199 41.78626 7.19847 6.31298 
0.03430 0.00684 0.94275 30.45038 2.82443 7.03817 
0.02502 0.00720 0.93445 13.45038 -2.39695 3.61832 
0.04883 0.00562 0.90894 6.74809 -3.90840 1.89313 
0.07434 -0.00806 0.90479 8.80916 -4.19847 3.76336 
0.05798 -0.00586 0.92383 9.13740 -8.56489 6.63359 
0.05640 -0.00586 0.92993 4.09924 -14.38931 5.67176 
0.07751 -0.02405 0.93445 -5.41985 -12.35878 5.56489 
0.08142 -0.01746 0.91895 -5.63359 -2.24427 6.56489 
0.04663 -0.02490 0.91504 1.25954 5.47328 3.87786 
0.03687 -0.01929 0.94568 12.99237 6.89313 -0.58779 
0.05713 -0.00403 0.93469 12.63359 6.22137 -1.98473 
0.06860 0.00977 0.89673 9.80916 3.74809 -2.19847 
0.05457 -0.00952 0.88330 9.89313 -2.51908 -0.91603 
0.04761 -0.01221 0.96118 15.98473 -11.61069 2.41221 
0.05347 -0.00085 0.97559 10.74809 -10.10687 3.74809 
0.06616 0.02551 0.93774 0.10687 -5.58015 1.11450 
0.09045 0.02112 0.90369 -5.88550 -2.32061 -1.03053 
0.10132 0.01245 0.88245 -6.75573 -0.01527 0.21374 
0.09473 0.00696 0.88318 -2.25191 -0.09160 3.05344 
0.06738 0.03198 0.92090 1.90076 -2.00763 4.27481 
0.07971 0.03723 0.92578 -2.90840 -0.79389 2.29771 
0.06775 0.01538 0.89111 -10.12214 0.38931 0.39695 
0.06665 -0.00574 0.89063 -5.44275 -0.59542 2.24427 
0.07507 0.01270 0.90430 7.34351 3.22137 3.81679 
0.07520 0.02942 0.92456 20.19084 7.53435 3.29771 
0.06335 0.04846 0.91650 23.51145 7.41985 3.89313 
0.07190 0.03442 0.92065 10.92366 1.73282 3.43511 
0.05505 0.02979 0.92957 1.56489 -0.48855 6.35115 
0.05176 0.02490 0.93237 -1.64122 -1.29771 5.99237 
0.06287 0.02710 0.93506 -0.77099 -2.39695 1.53435 
0.07764 0.02319 0.90210 -6.80916 -6.31298 -1.86260 
0.10291 0.01697 0.89124 -4.87786 -10.60305 -1.74046 
0.10986 0.01477 0.92664 3.74046 -12.24428 -0.58779 
0.09473 0.03027 0.93286 4.49618 -8.83969 1.58015 
0.07776 0.02783 0.92041 0.64122 -6.94656 2.74046 
0.05920 0.02234 0.91040 -4.22137 -6.17557 2.38931 
0.06494 0.01721 0.88232 -4.40458 -6.91603 -1.59542 
0.09692 -0.00110 0.87695 -0.99237 -5.06870 -1.84733 
0.10291 -0.00696 0.86206 1.19847 -1.73282 -0.42748 
0.07935 -0.00110 0.86670 1.24427 0.19847 0.58779 
0.07629 0.01367 0.86914 1.51908 0.74809 -1.25954 
0.09119 0.03198 0.89844 7.03817 1.84733 -2.75573 
0.09680 0.04590 0.90613 9.66412 3.74046 -3.29008 
0.11426 0.03650 0.89514 4.60305 3.67939 -1.54198 
0.09326 0.02954 0.88831 0.99237 1.16794 -0.88550 
0.08472 0.02686 0.90076 0.41221 -0.49618 0.88550 
0.08386 0.04700 0.92419 2.35115 1.00000 2.55725 
0.09021 0.04980 0.91272 3.93130 2.24427 2.34351 
0.09302 0.04187 0.92102 3.78626 1.64885 2.20611 
0.09375 0.02856 0.91931 2.15267 1.56489 0.85496 
0.08203 0.01477 0.90234 -0.61069 1.02290 0.19847 
0.08215 0.01599 0.91162 2.30534 0.74046 -0.16031 
0.08472 0.01782 0.92920 5.35115 1.31298 -1.60305 
0.10156 0.02917 0.92102 3.43511 0.59542 -2.77099 
0.10156 0.02734 0.90759 0.89313 -0.12977 -4.14504 
0.10400 0.02124 0.90454 0.23664 0.16794 -3.09160 
0.10156 0.00928 0.89099 -0.90840 -1.73282 -1.41221 
0.09827 0.01196 0.91553 1.43511 -2.67939 -1.60305 
0.08862 0.02197 0.91052 5.06870 -1.68702 -3.22137 
0.09412 0.03772 0.92371 4.30534 -0.18321 -3.23664 
0.09338 0.03381 0.92053 2.00000 0.66412 -3.58779 
0.10339 0.03040 0.92041 -1.03053 1.55725 -3.13740 
0.10718 0.03210 0.91248 -1.48855 3.08397 -2.50382 
0.09668 0.05066 0.92505 4.55725 4.66412 -2.61069 
0.08899 0.06580 0.93591 5.51145 5.41985 -2.43511 
0.08289 0.07666 0.93774 1.35878 4.65649 -1.82443 
0.07959 0.06494 0.91553 -6.62595 2.07634 -0.79389 
0.10864 0.05103 0.89819 -9.05344 -2.19847 -2.87786 
0.11890 0.04456 0.87952 -6.06107 -4.19084 -3.11450 
0.12634 0.04382 0.87756 -0.22901 -4.87023 -0.61069 
0.10266 0.05237 0.92480 4.23664 -2.18321 2.43511 
0.08862 0.03870 0.94409 3.65649 1.80916 1.52672 
0.07361 0.02649 0.93933 2.32824 4.80153 -0.90840 
0.09082 0.02563 0.93506 3.93130 5.18321 -4.09160 
0.11609 0.04309 0.92944 1.83969 4.22901 -4.16794 
0.11609 0.04602 0.91003 -1.04580 2.11450 -2.43511 
0.10425 0.04346 0.89990 -3.82443 0.09924 0.61832 
0.09509 0.03589 0.91382 -1.83969 -2.60305 1.00763 
0.09485 0.03979 0.91418 0.94656 -1.99237 0.25954 
0.09644 0.03638 0.91895 0.82443 -0.97710 -0.35878 
0.09192 0.04468 0.91870 -1.51145 -0.45038 -0.49618 
0.09180 0.04773 0.90955 -1.85496 0.69466 -1.34351 
0.10254 0.04724 0.88745 0.99237 0.22901 -1.87023 
0.10535 0.04688 0.88049 3.70229 0.26718 -0.22901 
0.10779 0.04529 0.89246 5.12214 1.64885 1.86260 
0.10583 0.05115 0.89624 0.92366 4.03053 3.05344 
0.10327 0.04675 0.88953 -2.74046 3.93130 2.50382 
0.10413 0.04138 0.89429 -4.38168 3.28244 2.64122 
0.10376 0.04028 0.89819 -4.20611 3.55725 2.32824 
0.10083 0.01965 0.89307 -3.34351 2.91603 0.21374 
0.10327 0.01697 0.90161 -1.49618 3.01527 0.99237 
0.08362 0.01904 0.91418 -0.57252 3.32824 1.62595 
0.07031 0.02563 0.90576 0.12977 1.89313 0.49618 
0.07654 0.03064 0.90430 0.90840 -0.43511 -2.16031 
0.10889 0.04016 0.91345 1.74046 -0.06870 -1.91603 
0.11121 0.03979 0.92090 1.93130 1.21374 -0.70229 
0.10547 0.04761 0.91992 0.05344 1.51145 -0.42748 
0.09717 0.05554 0.91748 -1.53435 0.55725 -0.60305 
0.10583 0.05762 0.92896 -0.54962 0.70992 -0.70992 
0.10693 0.04224 0.91418 -3.32824 2.45802 0.90840 
0.10522 0.03833 0.91614 -4.40458 2.74809 1.99237 
0.09094 0.03479 0.90759 -5.87023 2.38168 2.10687 
0.09692 0.02942 0.89929 -6.31298 1.46565 1.55725 
0.09558 0.02588 0.88806 -3.98473 0.51908 1.09924 
0.09863 0.02917 0.89526 -0.14504 -0.29008 0.89313 
0.08997 0.01404 0.93274 4.10687 -0.40458 -0.20611 
0.09033 0.02710 0.93945 2.35115 1.53435 0.29771 
0.09253 0.03552 0.93298 -0.22137 2.51145 -0.47328 
0.10498 0.03833 0.92822 -3.16794 2.48855 -0.29008 
0.10779 0.04016 0.92371 -2.14504 2.07634 1.80916 
0.08728 0.03772 0.91089 -0.60305 0.93893 1.53435 
0.09277 0.04395 0.92114 -0.05344 -0.76336 0.17557 
0.09656 0.04492 0.91077 -3.12214 -1.21374 0.56489 
0.10889 0.03687 0.90479 -4.55725 -0.91603 1.64122 
0.11169 0.03552 0.90857 -2.77863 -0.31298 2.46565 
0.10291 0.03088 0.89893 -2.58015 0.61069 2.00000 
0.10205 0.02710 0.91479 -0.50382 0.98473 1.61069 
0.09448 0.03259 0.92371 -1.50382 2.84733 2.96183 
0.08459 0.02856 0.91382 -4.82443 3.08397 3.15267 
0.08533 0.02148 0.90271 -4.71756 1.54962 1.33588 
0.10486 0.01880 0.90295 -2.10687 1.70229 -0.09924 
0.10547 0.02246 0.90283 -1.48092 2.25954 0.64885 
0.10913 0.02136 0.90247 -0.77099 1.58015 1.41985 
0.10840 0.02551 0.92834 -0.74046 1.29771 1.95420 
0.09717 0.02039 0.92834 -5.19084 2.91603 2.98473 
0.08911 0.01025 0.91272 -7.61832 2.46565 1.89313 
0.08691 0.00330 0.89795 -6.62595 0.93130 0.94656 
0.09619 0.01184 0.90466 -2.54198 -0.29771 0.93893 
0.09521 0.01855 0.90845 0.73282 -0.91603 1.57252 
0.09863 0.02698 0.91357 0.62595 -0.85496 1.45802 
0.10303 0.02466 0.91370 -1.12214 0.05344 1.51908 
0.09338 0.00940 0.90784 -4.38931 1.09924 2.16794 
0.08887 -0.00513 0.89551 -3.20611 -0.50382 0.53435 
0.09497 0.01135 0.90161 -0.13740 -0.44275 -0.22901 
0.09290 0.02661 0.90552 0.87023 0.61069 -0.35115 
0.10730 0.02808 0.90295 -0.15267 0.11450 0.22901 
0.11743 0.02283 0.89893 -0.73282 -0.11450 2.87023 
0.10889 0.00806 0.89893 0.67939 -0.19847 4.16031 
0.09766 -0.00061 0.89966 -0.03817 0.83206 3.71756 
0.09912 -0.00220 0.89099 -1.77099 3.16031 0.56489 
0.09521 -0.00537 0.88318 -2.41985 4.56489 -0.17557 
0.10376 -0.00928 0.87817 -1.48855 4.13740 -0.