91785 0.03053 1.35115 1.41985 
0.03979 0.02344 0.92078 0.06107 1.26718 1.41221 
0.04114 0.02307 0.91504 0.03817 1.25954 1.39695 
0.03882 0.02393 0.91772 0.06870 1.30534 1.39695 
0.04443 0.02466 0.91907 -0.03817 1.36641 1.43511 
0.04102 0.02368 0.91626 0.00000 1.31298 1.43511 
0.04224 0.02295 0.91382 0.03817 1.35878 1.42748 
0.04358 0.02441 0.91626 -0.03053 1.29008 1.34351 
0.04175 0.02112 0.91492 0.03053 1.34351 1.35878 
0.04187 0.02710 0.91785 -0.00763 1.33588 1.33588 
0.04224 0.02271 0.91870 0.01527 1.35878 1.40458 
0.04102 0.02222 0.91956 0.05344 1.34351 1.41985 
0.04285 0.02124 0.91321 0.03053 1.32824 1.41985 
0.04260 0.02649 0.91602 0.00763 1.25191 1.38168 
0.04443 0.02136 0.91931 0.00000 1.33588 1.36641 
0.04028 0.02283 0.91809 0.03817 1.22901 1.41985 
0.04260 0.02307 0.91418 0.06870 1.32824 1.34351 
0.04236 0.02356 0.91602 0.05344 1.30534 1.36641 
0.04150 0.02319 0.91980 0.04580 1.22901 1.35115 
0.03931 0.02417 0.91833 0.05344 1.27481 1.38168 
0.04150 0.02380 0.91724 0.07634 1.35878 1.45038 
0.04138 0.02197 0.90967 0.04580 1.27481 1.40458 
0.04114 0.02393 0.91980 0.00000 1.24427 1.42748 
0.04358 0.02441 0.91846 0.05344 1.35115 1.38931 
0.04419 0.02295 0.91968 0.08397 1.25191 1.41221 
0.04150 0.02368 0.91699 0.03817 1.37405 1.41221 
0.04163 0.02515 0.91541 0.02290 1.32061 1.42748 
0.04272 0.02576 0.91614 0.03817 1.34351 1.42748 
0.04150 0.02295 0.91919 0.09924 1.27481 1.35878 
0.03918 0.02417 0.91589 0.03817 1.31298 1.40458 
0.04346 0.02405 0.91602 -0.01527 1.27481 1.39695 
0.04407 0.02380 0.91663 0.04580 1.28244 1.41985 
0.04028 0.02441 0.91638 0.05344 1.29771 1.38931 
0.04224 0.02148 0.91785 0.00763 1.32824 1.38168 
0.04187 0.02368 0.91931 0.06870 1.29008 1.41221 
0.04248 0.02429 0.91650 0.06870 1.26718 1.39695 
0.04077 0.02368 0.91711 0.06870 1.32824 1.37405 
0.04102 0.02673 0.92065 0.01527 1.34351 1.47328 
0.04309 0.02490 0.91772 0.03817 1.26718 1.43511 
0.04370 0.02368 0.92151 0.02290 1.32824 1.39695 
0.03955 0.02087 0.91956 -0.01527 1.24427 1.38931 
0.04333 0.02075 0.92017 0.01527 1.39695 1.44275 
0.03992 0.02356 0.91113 0.02290 1.30534 1.45802 
0.04138 0.02368 0.91199 0.01527 1.31298 1.45802 
0.04126 0.02417 0.91895 0.03053 1.32824 1.41985 
0.04028 0.02283 0.91504 0.03053 1.29771 1.42748 
0.04077 0.02124 0.92029 0.06870 1.31298 1.47328 
0.04175 0.02466 0.91602 -0.00763 1.32824 1.36641 
0.04260 0.01904 0.91467 0.02290 1.31298 1.40458 
0.04297 0.02588 0.91003 0.02290 1.30534 1.41221 
0.04626 0.02576 0.91846 0.03817 1.27481 1.38931 
0.04053 0.02502 0.91809 0.06107 1.24427 1.42748 
0.04175 0.02429 0.91772 0.00000 1.31298 1.42748 
0.04211 0.02576 0.91333 0.04580 1.33588 1.38931 
0.04077 0.02515 0.91797 0.08397 1.32061 1.37405 
0.04175 0.02161 0.91492 0.03817 1.36641 1.41221 
0.03943 0.02429 0.91956 0.03817 1.32061 1.44275 
0.03967 0.02637 0.91956 0.06107 1.35115 1.40458 
0.03979 0.02344 0.92102 0.06107 1.32061 1.38168 
0.04114 0.02222 0.91541 -0.03053 1.29008 1.42748 
0.04260 0.02600 0.92029 0.03053 1.34351 1.44275 
0.04114 0.02515 0.92175 0.06870 1.38168 1.38168 
0.04260 0.02271 0.91663 0.09924 1.29008 1.41985 
0.04199 0.02148 0.91785 0.06870 1.29771 1.41985 
0.04065 0.02478 0.91516 -0.01527 1.33588 1.40458 
0.04297 0.02380 0.92322 0.01527 1.31298 1.44275 
0.04199 0.02612 0.92188 0.04580 1.30534 1.41985 
0.04456 0.02441 0.91846 0.03817 1.29771 1.40458 
0.04102 0.02478 0.91724 0.06870 1.29771 1.42748 
0.04114 0.02258 0.91174 0.05344 1.36641 1.37405 
0.04309 0.02417 0.91821 0.07634 1.32061 1.42748 
0.04053 0.02466 0.92065 -0.00763 1.32061 1.42748 
0.04041 0.02319 0.92114 0.09160 1.25954 1.38168 
0.04553 0.02283 0.92078 0.03817 1.29771 1.39695 
0.04016 0.02600 0.91785 0.06870 1.39695 1.42748 
0.04077 0.02515 0.91980 0.09924 1.32824 1.41221 
0.04224 0.02209 0.91797 0.00763 1.30534 1.43511 
0.04309 0.02478 0.91907 0.06107 1.31298 1.40458 
0.04236 0.02417 0.91589 0.10687 1.30534 1.41221 
0.04102 0.02478 0.91687 0.05344 1.33588 1.41985 
0.04187 0.02454 0.92053 0.00000 1.38168 1.42748 
0.04370 0.02515 0.92004 0.03817 1.38931 1.42748 
0.04065 0.02295 0.91760 0.07634 1.29771 1.43511 
0.04260 0.02441 0.91455 0.09160 1.36641 1.45038 
0.04150 0.02124 0.91199 0.04580 1.35115 1.41985 
0.04102 0.02429 0.91919 0.04580 1.35878 1.39695 
0.04187 0.02441 0.91699 0.04580 1.38168 1.38931 
0.04333 0.02478 0.91052 0.07634 1.35878 1.40458 
0.04187 0.02588 0.91309 0.09160 1.29771 1.47328 
0.03992 0.02356 0.91895 -0.02290 1.32824 1.41221 
0.04114 0.02625 0.91638 0.09160 1.33588 1.43511 
0.04041 0.02429 0.92175 0.06107 1.29008 1.42748 
0.04089 0.02344 0.91650 0.05344 1.30534 1.39695 
0.04004 0.02393 0.91663 0.09924 1.34351 1.42748 
0.04529 0.02307 0.91431 0.24427 1.42748 1.44275 
0.04187 0.02368 0.91467 0.03817 1.30534 1.45038 
0.04163 0.02258 0.92029 0.04580 1.29008 1.38168 
0.04187 0.02393 0.92041 0.04580 1.29008 1.37405 
0.04382 0.02466 0.91711 -0.00763 1.20611 1.35878 
0.04370 0.02319 0.91162 0.00000 1.29008 1.41221 
0.04285 0.02332 0.91455 0.01527 1.32061 1.41221 
0.04150 0.02490 0.92078 -0.04580 1.29771 1.41985 
0.04358 0.02234 0.92383 0.03817 1.29771 1.44275 
0.03870 0.02393 0.92017 0.09160 1.26718 1.42748 
0.04211 0.02551 0.91589 0.01527 1.31298 1.43511 
0.04041 0.02441 0.91663 0.01527 1.36641 1.48092 
0.04065 0.02502 0.91394 -0.00763 1.37405 1.39695 
0.04199 0.02551 0.91479 0.06870 1.27481 1.40458 
0.04199 0.02661 0.91809 0.06107 1.36641 1.41221 
0.04065 0.02234 0.91870 0.03053 1.32061 1.41985 
0.04211 0.02539 0.91870 0.05344 1.30534 1.40458 
0.04248 0.02295 0.91919 0.06107 1.36641 1.41985 
0.04639 0.02185 0.91650 0.07634 1.32824 1.38168 
0.04150 0.02332 0.91736 0.04580 1.32061 1.40458 
0.04309 0.02136 0.91223 0.05344 1.32061 1.39695 
0.04260 0.02039 0.91711 0.07634 1.33588 1.42748 
0.04175 0.02222 0.91516 0.02290 1.30534 1.39695 
0.04126 0.02527 0.92078 0.04580 1.38168 1.41985 
0.04016 0.02539 0.91455 0.10687 1.35878 1.41221 
0.03992 0.02344 0.92285 0.03817 1.27481 1.41985 
0.04041 0.02576 0.92188 0.00000 1.32824 1.41985 
0.04028 0.02527 0.91541 -0.00763 1.33588 1.38168 
0.04163 0.02539 0.91516 0.00763 1.36641 1.37405 
0.04285 0.02283 0.91614 0.06107 1.31298 1.40458 
0.04395 0.02295 0.91394 0.01527 1.25954 1.39695 
0.04260 0.02344 0.91443 0.06107 1.32061 1.45038 
0.04236 0.02087 0.91956 0.00000 1.30534 1.41221 
0.04272 0.02344 0.91736 0.06107 1.32824 1.44275 
0.04333 0.02344 0.91382 0.04580 1.29771 1.44275 
0.03979 0.02441 0.92114 0.07634 1.34351 1.39695 
0.04199 0.02136 0.91699 -0.00763 1.32824 1.48092 
0.04187 0.02405 0.91577 0.06870 1.29008 1.38931 
0.04346 0.02515 0.91882 0.07634 1.35878 1.38931 
0.04041 0.02441 0.91943 0.01527 1.29008 1.38168 
0.04187 0.02527 0.91699 0.03053 1.37405 1.37405 
0.04211 0.02441 0.91516 0.07634 1.30534 1.40458 
0.03833 0.02405 0.91650 0.08397 1.32061 1.38168 
0.03931 0.02283 0.91516 0.03817 1.35115 1.43511 
0.04041 0.02319 0.91907 0.04580 1.28244 1.44275 
0.04321 0.02271 0.92078 0.01527 1.31298 1.41221 
0.04150 0.02197 0.92004 0.04580 1.32824 1.44275 
0.04236 0.02637 0.91785 0.05344 1.27481 1.47328 
0.04285 0.02490 0.91504 0.03817 1.32061 1.45038 
0.04407 0.02075 0.91675 0.02290 1.37405 1.39695 
0.04236 0.02429 0.91638 0.02290 1.27481 1.45802 
0.04236 0.02637 0.91895 0.02290 1.27481 1.45038 
0.04150 0.02576 0.91675 0.04580 1.32824 1.43511 
0.04163 0.02551 0.91882 0.00000 1.30534 1.43511 
0.03723 0.02686 0.91821 0.11450 1.32061 1.35878 
0.04224 0.02307 0.91174 0.06107 1.35878 1.40458 
0.03931 0.02368 0.91602 0.09924 1.32824 1.39695 
0.04419 0.02637 0.91907 0.13740 1.32824 1.38168 
0.04565 0.02246 0.92029 0.07634 1.35878 1.38931 
0.03979 0.02393 0.91394 -0.00763 1.29771 1.38168 
0.04163 0.02405 0.91797 -0.03817 1.28244 1.41221 
0.04102 0.02051 0.91736 -0.25191 1.17557 1.40458 
0.03918 0.01941 0.91345 -0.14504 1.19084 1.41985 
0.20349 -0.18628 0.92700 0.03053 1.76336 25.01527 
0.16724 -0.05237 0.92126 1.97710 3.89313 90.47328 
0.09009 0.10352 0.92273 3.26718 4.99237 124.42748 
0.04492 0.05237 0.91577 3.77099 5.21374 132.97710 
0.09253 0.00452 0.91772 4.06107 5.68702 145.06107 
0.14294 0.12659 0.89929 3.93130 6.35115 165.03816 
0.15723 0.14819 0.91724 4.93893 7.19084 186.90840 
0.06738 0.05408 0.92224 6.59542 8.80916 235.96184 
-0.03418 -0.01575 0.91968 6.68702 9.45802 250.12978 
-0.20679 -0.12830 0.94031 7.55725 9.80153 249.78625 
-0.03137 -0.09058 0.91565 5.74809 7.57252 184.58015 
0.03564 -0.00903 0.92236 4.22137 6.54198 158.45801 
0.18274 0.13049 0.91492 4.94656 6.72519 156.54199 
0.14771 0.17456 0.90906 4.49618 6.19084 148.41222 
0.10059 0.10461 0.91528 2.29771 5.90076 158.92366 
-0.03784 -0.05664 0.91895 3.51145 6.66412 167.81679 
-0.05396 -0.05737 0.92053 4.89313 6.99237 172.96184 
0.00964 -0.00818 0.91663 4.77099 6.86260 167.28244 
0.08240 0.04333 0.92517 -1.03053 4.99237 162.92366 
0.04382 0.17273 0.90283 2.63359 5.70229 154.39694 
0.12268 0.21167 0.90808 3.41985 5.35878 131.55725 
0.14453 0.16650 0.91980 2.93893 4.97710 124.99236 
0.29895 0.18201 0.93176 3.15267 5.71756 163.06870 
-0.04541 0.07239 0.90649 0.94656 5.38168 206.86259 
-0.01233 -0.07751 0.91699 4.12977 6.48855 175.22900 
0.10950 0.01733 0.92297 3.45802 6.16794 172.57253 
0.10168 0.05176 0.91443 3.54962 5.87786 159.55725 
0.13220 0.03650 0.91199 3.59542 5.35115 143.48091 
0.11157 0.02527 0.92371 3.80916 5.29771 133.90076 
0.03394 0.01306 0.92126 3.15267 4.95420 131.60306 
-0.00745 0.04260 0.92261 3.85496 5.12977 123.90839 
-0.04248 -0.07007 0.91846 2.56489 4.06107 100.78626 
-0.01660 -0.07104 0.91882 1.96183 3.80153 91.03053 
-0.00574 0.02832 0.91907 1.89313 3.56489 80.35114 
0.01221 0.04675 0.91785 1.81679 3.32061 69.99236 
-0.02612 0.06665 0.92017 1.81679 3.09924 60.73283 
0.01379 0.04224 0.92053 1.54962 2.80153 46.28244 
0.00122 0.05176 0.90796 0.90840 2.49618 41.78626 
0.00964 0.04639 0.91711 0.92366 2.19084 31.20611 
0.02075 0.04382 0.91504 0.96183 2.16794 27.57252 
0.01794 0.03723 0.91541 0.69466 2.11450 27.27481 
0.02319 0.03870 0.92102 0.87786 2.14504 27.55725 
0.01245 0.06653 0.91467 0.80153 2.25954 31.50382 
0.00574 0.03467 0.91443 0.87023 2.24427 33.55725 
0.01196 -0.01318 0.92065 0.82443 2.28244 31.52672 
0.03101 0.02832 0.91699 0.65649 2.16794 27.98473 
0.04810 0.04150 0.92017 0.60305 1.98473 21.29008 
0.03662 0.04651 0.91235 0.31298 1.77863 15.79389 
0.02832 0.03638 0.92017 0.26718 1.58015 6.48092 
0.02856 0.03052 0.91492 0.07634 1.38168 2.59542 
0.03247 0.02246 0.91235 -0.00763 1.25954 1.99237 
0.03210 0.02991 0.91235 0.00763 1.29771 1.46565 
0.02734 0.02905 0.92163 0.02290 1.34351 1.38931 
0.03076 0.02625 0.92114 0.03053 1.32824 1.39695 
0.02698 0.02747 0.91626 0.03817 1.32824 1.40458 
0.03369 0.02771 0.91687 -0.16031 1.20611 1.40458 
0.03125 0.02917 0.91614 -0.11450 1.22901 1.35878 
0.02844 0.02991 0.91455 -0.06107 1.35115 1.39695 
0.03320 0.03137 0.91907 -0.07634 1.31298 1.45038 
0.03137 0.03027 0.92297 -0.08397 1.20611 1.42748 
0.03162 0.03076 0.92273 -0.12214 1.22901 1.41985 
0.02869 0.03027 0.91650 -0.00763 1.28244 1.38931 
0.03015 0.03137 0.91431 0.00763 1.32824 1.37405 
0.02979 0.02820 0.91370 0.03053 1.35878 1.45038 
0.02942 0.02783 0.91309 0.04580 1.35878 1.41221 
0.03198 0.02930 0.91296 0.05344 1.35878 1.35878 
0.03088 0.02649 0.91870 0.04580 1.27481 1.44275 
0.03186 0.02808 0.91907 0.03817 1.30534 1.45802 
0.02930 0.02820 0.92114 0.03053 1.32061 1.38931 
0.03101 0.02698 0.91516 0.00763 1.26718 1.41985 
0.03137 0.02771 0.91370 0.05344 1.21374 1.36641 
0.03296 0.02856 0.91174 0.01527 1.29771 1.32061 
0.03186 0.02869 0.91711 -0.06107 1.33588 1.37405 
0.03210 0.02979 0.91931 -0.03053 1.28244 1.45038 
0.02844 0.03113 0.91980 0.01527 1.32824 1.39695 
0.02881 0.03088 0.91760 0.10687 1.29008 1.33588 
0.02795 0.02881 0.91785 0.05344 1.28244 1.35115 
0.03186 0.03076 0.91553 0.10687 1.29771 1.38931 
0.03271 0.02612 0.91187 0.04580 1.36641 1.34351 
0.02893 0.02759 0.91663 0.00763 1.37405 1.41221 
0.02954 0.02917 0.92065 0.03053 1.34351 1.35878 
0.02979 0.03137 0.91785 0.05344 1.28244 1.44275 
0.03186 0.02979 0.91443 0.06870 1.33588 1.43511 
0.03296 0.03088 0.92078 0.05344 1.33588 1.43511 
0.03125 0.03052 0.91736 0.09160 1.26718 1.44275 
0.03076 0.02917 0.91724 0.02290 1.30534 1.39695 
0.03174 0.02893 0.91772 0.00000 1.32061 1.48092 
0.02820 0.02869 0.91980 0.03053 1.34351 1.38931 
0.02698 0.02747 0.92041 0.09160 1.35878 1.35115 
0.03149 0.02771 0.91577 0.16031 1.30534 1.37405 
0.03137 0.02454 0.91357 0.09160 1.32061 1.39695 
0.03052 0.02649 0.91235 0.12214 1.36641 1.41985 
0.03345 0.02881 0.91614 0.06107 1.30534 1.43511 
0.03149 0.02979 0.91772 -0.02290 1.34351 1.41985 
0.03210 0.03052 0.91882 0.03053 1.32824 1.40458 
0.03174 0.02747 0.92310 0.01527 1.37405 1.45038 
0.03149 0.03040 0.91724 0.05344 1.31298 1.38168 
0.03186 0.03052 0.91516 0.05344 1.37405 1.38931 
0.03125 0.03064 0.91577 0.05344 1.32061 1.36641 
0.02844 0.02979 0.91431 0.01527 1.38168 1.39695 
0.03015 0.02954 0.91626 -0.01527 1.32824 1.36641 
0.02966 0.02661 0.91382 -0.02290 1.25191 1.40458 
0.02808 0.02856 0.92029 0.00000 1.26718 1.35878 
0.02734 0.02881 0.91321 0.03053 1.31298 1.36641 
0.02795 0.02856 0.91553 0.03817 1.32061 1.41985 
0.03076 0.02917 0.91675 0.03817 1.32824 1.39695 
0.02771 0.03040 0.91638 0.03053 1.33588 1.40458 
0.03003 0.02832 0.91846 0.03817 1.37405 1.41985 
0.03003 0.02905 0.92102 0.07634 1.32824 1.45038 
0.03113 0.03088 0.91309 0.06870 1.34351 1.41985 
0.03259 0.03198 0.91919 0.07634 1.38168 1.37405 
0.03137 0.02869 0.91882 0.09160 1.29771 1.38168 
0.03210 0.03064 0.91626 0.06107 1.24427 1.38168 
0.02930 0.02905 0.91650 0.05344 1.33588 1.34351 
0.02832 0.02869 0.91772 0.05344 1.34351 1.32824 
0.03052 0.02893 0.91858 0.06870 1.32824 1.36641 
0.03101 0.02686 0.91711 0.03817 1.34351 1.39695 
0.03064 0.02905 0.91467 -0.06107 1.28244 1.43511 
0.03162 0.02893 0.91479 -0.00763 1.29771 1.46565 
0.03210 0.02930 0.91833 0.02290 1.32824 1.45038 
0.02966 0.03015 0.91858 -0.09160 1.36641 1.42748 
0.03149 0.02905 0.91589 -0.01527 1.28244 1.38168 
0.03271 0.02722 0.92041 -0.02290 1.31298 1.41221 
0.03210 0.03284 0.91736 -0.10687 1.25191 1.34351 
0.02856 0.02991 0.91333 -0.12977 1.19847 1.43511 
0.03137 0.02869 0.91858 -0.14504 1.19084 1.38931 
0.03064 0.02759 0.92090 -0.17557 1.22901 1.33588 
-0.04980 0.11609 0.91833 -0.38168 0.98473 -1.48092 
0.05164 0.01282 0.91943 -0.79389 0.18321 -42.02290 
0.01416 0.00452 0.92163 -1.59542 -0.68702 -61.70229 
0.01843 -0.05042 0.91418 -1.54962 -0.87023 -76.74046 
0.00427 0.03125 0.91187 -1.83969 -1.16031 -89.88550 
-0.02234 0.04956 0.91455 -2.38931 -1.77099 -102.30534 
0.00049 0.03955 0.91724 -2.98473 -2.25954 -124.85497 
0.06238 0.06384 0.91614 -3.30534 -2.41221 -129.41985 
0.02380 0.09290 0.90784 -3.09924 -2.27481 -124.05344 
-0.02881 0.08826 0.90894 -3.22901 -2.37405 -119.58778 
-0.03577 0.06934 0.91650 -2.95420 -2.41985 -125.77100 
0.01672 0.04993 0.92505 -2.17557 -1.86260 -119.37405 
0.06921 0.05676 0.91785 -3.13740 -2.44275 -122.45038 
0.08191 0.02905 0.90295 -3.43511 -2.72519 -128.19084 
0.11572 -0.05164 0.91345 -3.35115 -2.89313 -137.58778 
0.13782 0.01355 0.90039 -3.67176 -2.95420 -133.41985 
0.04541 -0.05933 0.91150 -4.33588 -2.85496 -112.23664 
-0.00269 0.00146 0.91504 -6.29008 -3.22901 -81.89313 
0.05066 -0.04407 0.91565 -3.35115 -1.55725 -79.67175 
0.05884 0.00977 0.91431 -3.05344 -1.48855 -88.06870 
0.07654 0.01379 0.90405 -3.62595 -1.92366 -98.73283 
0.18384 0.04480 0.87146 -4.45038 -2.80153 -131.65649 
0.16968 0.00427 0.89038 -2.90840 -2.15267 -129.43512 
0.05176 -0.05811 0.93066 0.04580 -0.33588 -106.41985 
0.03394 0.02661 0.92554 0.96183 0.34351 -85.66412 
0.01416 0.03613 0.91882 0.04580 0.02290 -77.61832 
0.07642 0.07800 0.90869 -1.92366 -1.56489 -97.07633 
0.06482 0.07837 0.91406 -2.48855 -2.23664 -119.47328 
0.01563 0.12915 0.91406 -2.29008 -2.68702 -136.77863 
-0.15637 0.12158 0.91589 -2.94656 -3.12214 -150.71756 
-0.01697 -0.04468 0.92932 -1.72519 -2.57252 -145.75572 
-0.06287 0.02917 0.91992 -1.71756 -2.32061 -129.67938 
0.01697 0.14734 0.92212 -1.81679 -1.72519 -107.75572 
0.04065 0.09619 0.90894 -2.21374 -1.87786 -110.05344 
0.10205 0.01440 0.91406 -2.51908 -2.20611 -114.90076 
0.12781 0.00171 0.91077 -2.74809 -2.12977 -101.29008 
0.15076 0.02283 0.91809 -2.06870 -1.19847 -64.65649 
0.00928 0.01636 0.91882 -1.53435 -0.71756 -52.77863 
0.07654 -0.00378 0.92029 -1.75573 -0.94656 -56.74809 
0.05884 -0.00146 0.92102 -2.13740 -1.12977 -59.74046 
-0.00757 -0.00769 0.91687 -2.22137 -1.11450 -64.79389 
-0.04468 -0.05017 0.91589 -1.94656 -1.09160 -70.70229 
-0.06140 -0.00647 0.91711 -2.00000 -0.96183 -68.77100 
-0.03284 0.03577 0.91589 -2.04580 -0.94656 -67.19084 
0.04761 0.00867 0.91699 -1.66412 -0.64885 -65.57252 
0.09998 0.00952 0.91101 -2.07634 -0.90840 -62.59542 
0.11230 -0.01453 0.90955 -1.20611 -0.31298 -53.31298 
-0.02893 0.04492 0.91284 -1.14504 -0.43511 -55.15267 
0.00562 0.03870 0.91724 -2.02290 -1.13740 -76.70229 
0.07874 -0.01880 0.90747 -2.79389 -1.65649 -84.51908 
0.07336 0.01794 0.91675 -2.33588 -1.51908 -77.94656 
0.04395 0.03857 0.91663 -1.52672 -0.58779 -66.40458 
0.08386 0.00000 0.91785 -0.48092 0.12977 -60.84733 
0.10815 -0.02917 0.91211 -0.96947 -0.09924 -46.45038 
0.07361 -0.02039 0.91797 -1.34351 -0.11450 -41.16031 
0.05042 0.01685 0.91846 -1.34351 -0.14504 -42.89313 
0.05212 0.01294 0.91821 -1.45802 -0.28244 -47.13741 
0.04346 -0.01672 0.91907 -1.18321 -0.19847 -50.08397 
-0.00684 0.01831 0.90698 -1.32061 -0.22137 -43.45802 
0.04248 0.04700 0.91443 -0.67939 0.19847 -39.94656 
0.04480 0.02563 0.91748 -0.92366 0.13740 -36.45802 
0.03284 0.04749 0.92419 -0.93130 0.27481 -33.06870 
0.02014 0.10071 0.92017 -0.38931 0.68702 -22.19847 
0.04248 0.01929 0.91724 0.38168 1.39695 -5.16794 
0.05225 0.01917 0.91699 0.45038 1.48855 -0.92366 
0.04492 0.02039 0.91296 0.08397 1.35115 1.24427 
0.04163 0.02014 0.91663 -0.66412 0.97710 1.46565 
0.03931 0.02527 0.91394 -0.07634 1.23664 1.45038 
0.04138 0.02246 0.91443 0.07634 1.34351 1.41221 
0.04211 0.02539 0.92041 0.25191 1.42748 1.38168 
0.04395 0.02759 0.91199 0.03053 1.35115 1.49618 
0.03894 0.03052 0.91589 0.05344 1.36641 1.53435 
0.07861 0.04041 0.91858 0.38931 1.70229 7.18321 
0.02417 0.03076 0.91992 0.47328 2.20611 30.20611 
0.00867 0.01746 0.91699 1.40458 2.61832 34.58015 
0.03247 -0.01221 0.92188 1.02290 2.27481 27.09924 
0.05188 -0.01099 0.92249 0.29771 1.70992 15.80916 
0.03833 0.01880 0.92004 0.14504 1.52672 8.61069 
0.04846 0.05896 0.91321 -0.07634 1.48092 10.39695 
0.04688 0.02197 0.91833 0.25191 1.47328 4.11450 
0.04236 0.02124 0.91614 0.16794 1.44275 3.29771 
0.04211 0.02478 0.92065 -0.29771 1.20611 1.83969 
0.05371 0.01697 0.91541 -0.20611 1.29771 2.30534 
0.04175 0.03760 0.91248 0.11450 1.48092 1.72519 
0.04065 0.02136 0.91724 0.42748 1.52672 0.69466 
0.04016 0.05774 0.91650 0.27481 1.33588 0.03053 
0.04236 0.02185 0.91980 0.09924 1.36641 1.25954 
0.04004 0.02783 0.91931 0.06870 1.37405 1.41985 
0.04346 0.02454 0.91858 0.04580 1.25954 1.40458 
0.04492 0.02600 0.92078 0.05344 1.35115 1.35878 
0.04138 0.02502 0.91455 0.03053 1.35878 1.40458 
0.03833 0.02307 0.91284 -0.01527 1.35115 1.43511 
0.03906 0.02368 0.91687 0.04580 1.26718 1.43511 
0.04004 0.02478 0.91504 0.07634 1.36641 1.45802 
0.04041 0.02393 0.91797 0.17557 1.36641 1.36641 
0.04163 0.02734 0.91504 0.09924 1.35115 1.41221 
0.04285 0.02295 0.92224 0.08397 1.35115 1.42748 
0.04333 0.02417 0.91785 0.04580 1.30534 1.41221 
0.04248 0.02429 0.91431 -0.01527 1.23664 1.44275 
0.04211 0.02380 0.91577 -0.01527 1.28244 1.48092 
0.04150 0.02698 0.91736 0.03053 1.29771 1.42748 
0.04211 0.02283 0.91577 0.01527 1.34351 1.39695 
0.04456 0.02539 0.91479 0.03817 1.33588 1.45802 
0.04102 0.02539 0.91345 0.04580 1.32824 1.41985 
0.04236 0.02417 0.91895 0.10687 1.30534 1.37405 
0.03870 0.02466 0.91589 0.12214 1.34351 1.42748 
0.04041 0.02393 0.91748 0.02290 1.29771 1.42748 
0.04431 0.02417 0.91699 0.00000 1.30534 1.38931 
0.04041 0.02710 0.91711 0.00000 1.33588 1.45802 
0.04187 0.02197 0.91492 0.05344 1.29008 1.39695 
0.04333 0.02356 0.91418 0.08397 1.29771 1.38168 
0.04382 0.02625 0.91382 0.05344 1.36641 1.43511 
0.04211 0.02600 0.91467 0.00000 1.32824 1.46565 
0.04333 0.02625 0.91736 0.02290 1.29008 1.44275 
0.04224 0.02600 0.91919 0.08397 1.29008 1.41985 
0.03967 0.02795 0.92236 0.04580 1.38168 1.43511 
0.04089 0.02734 0.92078 0.03053 1.26718 1.41985 
0.03833 0.02112 0.91467 0.05344 1.32061 1.36641 
0.04053 0.02466 0.91711 0.06870 1.30534 1.41985 
0.04321 0.02698 0.91382 0.05344 1.36641 1.37405 
0.04028 0.02454 0.91418 0.00763 1.35115 1.39695 
0.04053 0.02344 0.91455 0.07634 1.32061 1.38168 
0.04053 0.02319 0.91589 0.08397 1.29008 1.41985 
0.04065 0.02295 0.91479 0.06107 1.38931 1.38931 
0.04431 0.02283 0.91516 0.03817 1.30534 1.41221 
0.04480 0.02551 0.91614 -0.04580 1.29008 1.42748 
0.04199 0.02576 0.91821 0.06870 1.34351 1.48092 
0.04065 0.02441 0.91980 -0.01527 1.30534 1.45038 
0.04089 0.02747 0.91638 0.05344 1.31298 1.47328 
0.04382 0.02734 0.91870 0.03817 1.33588 1.42748 
0.04150 0.02600 0.91748 -0.01527 1.31298 1.38168 
0.04041 0.02478 0.91394 -0.03817 1.23664 1.38168 
0.04260 0.02319 0.91687 0.03817 1.29771 1.41221 
0.04407 0.02454 0.91699 -0.00763 1.25191 1.38931 
0.04211 0.02173 0.91870 0.01527 1.35115 1.38931 
0.04163 0.02185 0.91907 0.05344 1.29771 1.38168 
0.04419 0.02295 0.91589 0.03817 1.28244 1.41221 
0.04089 0.02271 0.91772 0.05344 1.27481 1.47328 
0.04004 0.02539 0.91443 0.01527 1.38168 1.42748 
0.03918 0.02307 0.91968 0.03817 1.27481 1.48092 
0.04053 0.02502 0.92017 0.00763 1.30534 1.42748 
0.03906 0.02710 0.91846 0.06870 1.35115 1.43511 
0.04321 0.02466 0.91626 0.00763 1.28244 1.41221 
0.03992 0.02441 0.91724 0.03053 1.29771 1.44275 
0.04175 0.02295 0.91541 0.01527 1.29008 1.40458 
0.03992 0.02380 0.91919 0.07634 1.29771 1.40458 
0.04236 0.02368 0.91760 0.06107 1.30534 1.37405 
0.04395 0.02185 0.91833 0.09160 1.32061 1.45038 
0.04211 0.02307 0.91675 0.02290 1.39695 1.38168 
0.04163 0.02332 0.91943 0.06107 1.31298 1.35878 
0.04126 0.02344 0.91895 0.01527 1.29771 1.44275 
0.04272 0.02100 0.91797 0.03053 1.29008 1.50382 
0.04114 0.02588 0.91650 0.00000 1.32061 1.45802 
0.04224 0.02661 0.92053 0.02290 1.33588 1.42748 
0.04260 0.02222 0.91956 0.02290 1.33588 1.45038 
0.04150 0.02637 0.91882 0.08397 1.30534 1.41985 
0.04187 0.02527 0.91589 0.04580 1.32061 1.46565 
0.04150 0.02136 0.91479 0.12214 1.34351 1.41985 
0.04333 0.02454 0.91992 0.00763 1.27481 1.39695 
0.04211 0.02429 0.91736 0.07634 1.27481 1.36641 
0.04260 0.02051 0.91577 0.06107 1.29008 1.35878 
0.04333 0.02625 0.91870 0.06107 1.37405 1.35878 
0.04065 0.02393 0.92126 0.03053 1.34351 1.40458 
0.04395 0.02307 0.91577 0.03053 1.30534 1.40458 
0.03943 0.02234 0.91760 0.03053 1.32061 1.41985 
0.04309 0.02490 0.91821 0.02290 1.31298 1.40458 
0.03857 0.02649 0.91968 -0.02290 1.32061 1.44275 
0.04126 0.02722 0.91980 0.00000 1.29008 1.45802 
0.04150 0.02356 0.91724 0.06870 1.36641 1.41221 
0.04150 0.02368 0.91711 0.05344 1.32824 1.39695 
0.04236 0.02271 0.91467 0.12977 1.31298 1.41985 
0.04138 0.02576 0.92285 0.06107 1.31298 1.34351 
0.04028 0.02393 0.91907 0.06107 1.29771 1.41985 
0.04492 0.02539 0.91614 0.03817 1.28244 1.36641 
0.04639 0.02368 0.91760 0.05344 1.34351 1.37405 
0.04260 0.02051 0.91833 0.03053 1.37405 1.41985 
0.04199 0.02222 0.91931 0.00763 1.22901 1.45038 
0.04163 0.02515 0.91516 -0.04580 1.30534 1.44275 
0.04028 0.02197 0.92236 -0.05344 1.27481 1.43511 
0.03943 0.02551 0.91772 0.00763 1.29008 1.44275 
0.03552 0.02234 0.92017 0.12977 1.33588 1.41221 
0.04102 0.02625 0.91577 0.07634 1.35878 1.41985 
0.04224 0.02502 0.91760 0.06107 1.32061 1.42748 
0.04321 0.02820 0.91248 0.26718 1.44275 1.38168 
0.04346 0.02649 0.91626 0.28244 1.42748 1.38931 
0.04065 0.02417 0.91370 0.17557 1.34351 1.37405 
0.04260 0.02380 0.91907 0.09924 1.32061 1.37405 
0.04517 0.02258 0.92224 0.00763 1.26718 1.41985 
0.04285 0.02686 0.91833 -0.06870 1.25191 1.46565 
0.04395 0.01794 0.91760 -0.16794 1.19084 1.50382 
0.05762 0.01306 0.91711 -0.09924 1.25954 5.33588 
0.06213 0.02576 0.91602 0.14504 1.58779 9.99237 
0.03967 0.02637 0.92114 0.58779 1.73282 18.25191 
0.00793 0.00940 0.91943 0.59542 1.99237 21.23664 
0.01807 0.01758 0.91833 0.63359 1.88550 18.33588 
0.03845 0.02771 0.91418 0.64122 2.03817 21.25954 
0.05884 0.05933 0.91003 0.81679 2.24427 30.24427 
0.05981 0.02185 0.91797 1.44275 2.91603 50.09160 
0.02380 -0.05847 0.91895 1.58779 3.11450 58.45802 
0.03564 -0.00952 0.91760 1.25191 2.69466 43.36641 
0.02686 0.01782 0.92090 1.04580 2.62595 41.37405 
0.02832 0.05945 0.92114 1.13740 2.79389 46.36641 
0.04114 0.03601 0.91382 1.22137 2.84733 44.27481 
0.05200 0.01135 0.91821 1.22901 2.75573 40.53435 
0.05603 -0.01208 0.91638 1.20611 2.78626 43.09924 
0.06628 0.02393 0.91199 1.43511 3.16031 55.49618 
0.04407 0.01257 0.91919 1.41985 3.34351 65.38168 
0.02161 0.00183 0.91602 1.57252 3.38931 66.08397 
0.03931 0.02490 0.92065 1.60305 3.16031 57.41985 
0.03674 0.04980 0.92175 1.70229 3.00763 50.19847 
0.07446 0.05994 0.91504 1.12977 2.84733 46.39695 
0.10608 0.01978 0.91174 0.99237 2.90840 55.22137 
0.07324 -0.03076 0.91833 1.70229 3.61832 72.09924 
-0.00549 -0.02795 0.92175 1.84733 3.73282 78.30534 
0.02380 -0.00073 0.92761 1.60305 3.51145 69.98473 
0.03284 0.10767 0.91492 1.61069 3.43511 66.65649 
0.07166 0.12402 0.91565 1.45038 3.37405 67.24428 
0.06812 0.08411 0.91431 1.81679 3.61069 75.45802 
0.04358 0.01624 0.92310 2.09924 4.03817 88.73283 
0.04614 -0.05286 0.92322 1.75573 3.70992 88.47328 
0.04602 -0.00098 0.92493 1.69466 3.73282 81.09161 
0.04382 0.06470 0.91650 1.80153 3.86260 85.21374 
0.02319 0.05066 0.91870 2.08397 3.93893 89.96947 
0.03186 0.02441 0.91833 2.01527 3.90076 86.14503 
0.04883 0.05518 0.90796 1.65649 3.64122 83.25191 
0.04810 -0.00720 0.92200 1.90076 3.72519 85.85497 
0.01807 -0.04248 0.92065 1.62595 3.59542 83.18320 
0.01563 0.01013 0.91821 1.61069 3.58779 78.11450 
0.04443 0.04089 0.91992 1.58015 3.63359 78.28244 
0.05774 0.03491 0.92017 1.52672 3.55725 80.32825 
0.02563 0.00903 0.90833 2.14504 3.97710 79.87786 
0.04956 -0.01294 0.91370 1.80153 3.64122 78.82442 
0.02673 0.02356 0.92126 1.67939 3.53435 70.90076 
0.03430 0.02881 0.91272 1.59542 3.25954 68.90839 
0.00073 0.03259 0.92725 1.57252 3.39695 69.19847 
0.03003 0.03015 0.91797 1.74046 3.47328 64.29008 
0.05725 0.04065 0.91846 1.45802 3.10687 59.70229 
0.05359 0.02368 0.91113 1.36641 3.12214 59.83969 
0.03687 0.04956 0.91553 1.39695 3.15267 63.07634 
0.03076 0.04089 0.92249 1.33588 3.22137 66.54962 
0.02222 0.04944 0.91687 1.37405 3.17557 66.87786 
0.03076 0.04114 0.91772 1.32061 3.16031 63.46565 
0.02026 0.03210 0.91479 1.35878 3.07634 62.29771 
0.04395 0.01160 0.92114 1.36641 3.00000 59.00763 
0.04700 0.04529 0.91821 1.28244 2.77863 56.57252 
0.03345 0.07373 0.91602 1.31298 2.92366 61.19847 
0.03638 0.04578 0.91943 1.58015 3.22137 69.22137 
0.03223 0.00964 0.92065 1.58015 3.33588 79.23664 
0.04211 -0.00793 0.92029 1.82443 3.45038 78.44275 
0.04028 0.05603 0.91602 1.64122 3.32824 76.09161 
0.02344 0.07751 0.92249 1.80153 3.55725 78.97710 
0.03296 0.08044 0.91223 2.06870 3.77863 85.13741 
0.02148 0.04907 0.91028 1.94656 3.80153 89.02290 
0.03577 0.02307 0.91650 1.93893 3.89313 92.97710 
0.02124 0.00195 0.91736 2.25191 4.03817 96.85497 
0.01404 -0.00488 0.92346 2.34351 4.04580 93.14503 
0.02722 -0.00220 0.91907 2.21374 3.83969 83.71756 
0.04382 0.03320 0.92126 2.26718 3.74046 78.41985 
0.04370 0.02710 0.92017 1.86260 3.53435 76.84733 
0.06396 -0.00293 0.91516 1.89313 3.60305 76.15267 
0.05652 -0.01660 0.92017 1.74046 3.44275 73.38168 
0.04077 -0.01086 0.92175 1.84733 3.35878 71.00764 
0.01660 -0.00354 0.91821 1.78626 3.28244 67.33588 
0.03601 0.01953 0.92236 1.55725 3.16031 62.14504 
0.04822 0.02246 0.91711 1.45802 2.95420 59.65649 
0.03613 0.01819 0.91467 1.58015 2.99237 57.25954 
0.02283 0.03137 0.91687 1.59542 2.88550 55.87786 
0.01672 0.05237 0.91919 1.38168 2.84733 56.77099 
0.02124 0.04700 0.91101 1.45038 2.85496 56.64122 
0.04468 0.01941 0.91650 1.30534 2.88550 56.19084 
0.02905 0.02954 0.91858 1.45802 2.96947 54.28244 
0.02161 0.03442 0.91931 1.32061 2.79389 48.40458 
0.02515 0.05725 0.91870 1.16031 2.70229 45.52672 
0.02649 0.06238 0.91382 1.30534 2.79389 48.97710 
0.00378 0.06433 0.91541 1.39695 2.93893 53.42748 
0.02075 0.04712 0.91382 1.32824 2.85496 54.13741 
0.05115 0.04175 0.91040 1.58015 3.17557 55.43512 
0.02087 0.04541 0.91846 1.77099 3.16031 55.77099 
-0.02820 0.07825 0.91748 1.56489 3.09924 52.78626 
0.02490 0.00208 0.92065 1.41221 2.75573 46.43512 
0.02771 0.01172 0.91687 1.33588 2.72519 44.51908 
0.02563 0.03601 0.91724 1.06107 2.46565 39.74046 
0.01575 0.03796 0.91357 0.76336 2.29771 34.86259 
0.03784 -0.01318 0.91711 0.41985 1.89313 24.77099 
0.05017 -0.03308 0.92224 0.19847 1.51145 8.88550 
0.03198 0.02466 0.91858 0.02290 1.37405 1.89313 
0.03113 0.02856 0.91541 -0.08397 1.22137 1.42748 
0.02808 0.02881 0.91418 -0.19084 1.17557 1.48092 
0.02930 0.02747 0.91406 -0.11450 1.21374 1.46565 
0.02869 0.03296 0.92126 0.03053 1.32824 1.43511 
0.03015 0.02808 0.92358 0.08397 1.39695 1.38168 
0.03125 0.02893 0.91785 0.09160 1.32824 1.36641 
0.03235 0.02893 0.91992 -0.03817 1.27481 1.40458 
0.03113 0.03137 0.91663 -0.27481 1.19847 1.43511 
0.03186 0.03003 0.91736 -0.33588 1.16031 1.45038 
0.03003 0.02893 0.92065 -0.25191 1.19084 1.41221 
0.03113 0.02893 0.91724 -0.23664 1.18321 1.42748 
0.02881 0.02808 0.91626 -0.22901 1.17557 1.41985 
0.02954 0.02686 0.91748 -0.20611 1.28244 1.42748 
0.03015 0.02869 0.92017 -0.08397 1.27481 1.39695 
0.03088 0.02869 0.91626 -0.09924 1.21374 1.41221 
0.03088 0.02649 0.91638 -0.03053 1.25191 1.46565 
0.03125 0.02771 0.91650 0.05344 1.25191 1.38168 
0.02808 0.02710 0.91589 0.00763 1.32061 1.35115 
0.03198 0.02710 0.91858 0.01527 1.33588 1.45802 
0.03198 0.02783 0.91711 0.01527 1.24427 1.45038 
0.03052 0.02893 0.91528 -0.04580 1.29771 1.44275 
0.03052 0.02942 0.91504 -0.02290 1.32061 1.42748 
0.03296 0.03027 0.91833 -0.00763 1.25954 1.41221 
0.03088 0.03027 0.91846 0.04580 1.32824 1.41221 
0.03015 0.02649 0.91846 0.00000 1.32061 1.37405 
0.03198 0.02881 0.91675 0.05344 1.31298 1.39695 
0.02881 0.02637 0.91833 0.01527 1.34351 1.41221 
0.02991 0.03064 0.91919 -0.01527 1.27481 1.42748 
0.03052 0.02954 0.91870 -0.03817 1.33588 1.43511 
0.03479 0.02979 0.91931 0.02290 1.28244 1.47328 
0.03040 0.02673 0.91724 0.07634 1.29771 1.43511 
0.03125 0.02991 0.92322 0.09924 1.36641 1.37405 
0.03064 0.02869 0.91968 0.02290 1.33588 1.42748 
0.03271 0.02942 0.91614 0.01527 1.27481 1.39695 
0.02954 0.03088 0.91968 0.00763 1.29771 1.41221 
0.03125 0.02881 0.91602 0.00000 1.25954 1.41221 
0.02954 0.02881 0.92065 0.06870 1.22137 1.38168 
0.02844 0.02539 0.91504 0.08397 1.29008 1.41985 
0.03027 0.02991 0.91479 0.06107 1.38931 1.38168 
0.03040 0.02795 0.91992 0.03817 1.38931 1.36641 
0.03381 0.02966 0.91431 0.00000 1.31298 1.35878 
0.03003 0.02832 0.91992 0.02290 1.37405 1.47328 
0.03101 0.03040 0.91589 0.00000 1.34351 1.41985 
0.02783 0.02893 0.91162 0.00763 1.35878 1.44275 
0.03088 0.02747 0.91687 0.04580 1.32061 1.44275 
0.02979 0.02820 0.91516 0.02290 1.32061 1.44275 
0.02783 0.02673 0.91479 -0.00763 1.30534 1.39695 
0.03052 0.02698 0.91260 -0.00763 1.29008 1.46565 
0.03064 0.02966 0.91736 0.03053 1.28244 1.43511 
0.02820 0.02856 0.91284 0.03817 1.27481 1.41985 
0.02966 0.02954 0.91235 0.01527 1.33588 1.45802 
0.03113 0.03027 0.91577 0.02290 1.27481 1.47328 
0.03198 0.02966 0.91638 0.01527 1.31298 1.41221 
0.03247 0.02820 0.91736 0.06107 1.34351 1.45038 
0.03015 0.02869 0.91418 0.05344 1.32061 1.38931 
0.03088 0.02930 0.91614 0.03817 1.28244 1.36641 
0.03040 0.02722 0.91943 0.06870 1.32061 1.41985 
0.02759 0.03040 0.91760 0.03817 1.30534 1.46565 
0.02783 0.02698 0.91968 -0.00763 1.31298 1.43511 
0.03040 0.02698 0.91895 -0.01527 1.34351 1.46565 
0.02954 0.02881 0.92004 0.06107 1.38931 1.46565 
0.03235 0.02771 0.91943 -0.01527 1.27481 1.45802 
0.03137 0.02673 0.91357 0.04580 1.25191 1.45038 
0.03210 0.02759 0.92017 0.01527 1.32061 1.42748 
0.03467 0.02698 0.91455 0.05344 1.32824 1.36641 
0.03088 0.02954 0.91528 0.03053 1.29008 1.41221 
0.03320 0.02808 0.91772 0.02290 1.34351 1.45802 
0.02832 0.03027 0.91785 -0.00763 1.24427 1.41221 
0.03186 0.02637 0.91577 -0.07634 1.27481 1.39695 
0.03284 0.02905 0.91553 -0.06870 1.23664 1.34351 
0.02979 0.02698 0.91650 -0.08397 1.27481 1.43511 
0.02869 0.02551 0.92139 -0.12214 1.31298 1.40458 
0.02832 0.02869 0.91785 -0.11450 1.21374 1.40458 
0.02942 0.02795 0.91577 -0.05344 1.22137 1.38168 
-0.04089 0.06750 0.92090 -0.25191 1.16794 -0.17557 
0.06067 -0.03284 0.91943 -0.50382 0.66412 -22.48092 
0.03809 0.01758 0.92175 -0.94656 0.28244 -33.70992 
0.01270 0.03296 0.91321 -0.93893 0.13740 -37.23664 
0.01501 0.04309 0.91260 -0.93893 0.08397 -42.28244 
0.02905 0.03918 0.91492 -0.80916 0.22901 -38.94656 
0.02087 0.04236 0.91382 -0.65649 0.42748 -33.17557 
0.01965 0.03430 0.91772 -0.65649 0.32061 -32.76336 
0.01538 0.01807 0.91321 -1.19084 0.00763 -42.06107 
0.03247 0.02063 0.91882 -0.98473 -0.06107 -49.08397 
0.02515 0.03894 0.90906 -1.20611 -0.16794 -50.58015 
0.01062 0.06262 0.91101 -1.19847 -0.15267 -50.09160 
0.03613 0.03528 0.91614 -1.07634 -0.05344 -51.67176 
0.02649 0.02295 0.91748 -1.20611 -0.17557 -49.00763 
0.01892 0.03931 0.91992 -1.27481 -0.15267 -48.29008 
0.02344 0.01221 0.91882 -1.83206 -0.62595 -52.69466 
0.05286 0.00183 0.90662 -1.67176 -0.74809 -67.18320 
0.04028 0.00781 0.93140 -2.15267 -1.00000 -75.61832 
0.03516 0.04871 0.92297 -1.58015 -0.53435 -65.37405 
0.02795 0.02478 0.92078 -1.67176 -0.58015 -63.59542 
0.03613 0.03064 0.91260 -2.09924 -0.84733 -67.38168 
0.07776 0.00061 0.91919 -1.99237 -0.85496 -69.41985 
0.05945 0.01855 0.91895 -1.82443 -0.86260 -71.70229 
0.02173 0.04175 0.92639 -1.98473 -0.97710 -79.29771 
0.02966 0.02087 0.92456 -2.00000 -1.32824 -89.48855 
0.03784 0.02100 0.91760 -2.35115 -1.44275 -92.18320 
0.04810 -0.00659 0.93201 -2.28244 -1.32824 -86.52672 
0.02063 0.04053 0.91406 -1.87786 -1.09160 -82.48092 
0.02063 0.02026 0.91882 -2.41985 -1.38168 -82.09924 
0.01575 0.03455 0.90906 -2.31298 -1.35115 -88.60305 
0.02698 0.02417 0.91467 -2.01527 -1.35115 -90.80153 
-0.00256 0.12427 0.92749 -2.62595 -1.48092 -80.52672 
0.00488 0.06409 0.92114 -0.24427 0.41985 -52.79389 
0.04443 0.01855 0.91724 -0.95420 -0.19084 -67.03053 
-0.00122 0.04602 0.91357 -1.38931 -0.36641 -64.18320 
0.02441 0.02136 0.91162 -1.56489 -0.45038 -57.70992 
0.01538 0.01465 0.91528 -1.61069 -0.64885 -62.78626 
0.02893 0.03564 0.91589 -0.78626 -0.24427 -67.69466 
0.02722 0.05249 0.91431 -0.67176 0.19084 -40.78626 
0.05322 -0.01379 0.91052 -2.70229 -0.73282 -43.14504 
0.06287 -0.00061 0.91577 -0.75573 0.07634 -50.66412 
0.04480 0.00830 0.92505 -0.88550 -0.04580 -51.79389 
0.03809 0.00745 0.91528 -0.81679 -0.15267 -57.36641 
0.03735 0.02588 0.91492 -0.79389 -0.29008 -62.64122 
0.03870 0.04456 0.91736 -0.77863 -0.08397 -53.37405 
0.09167 -0.04089 0.91248 -2.49618 -0.92366 -52.64122 
0.04260 0.03369 0.92078 -0.87023 -0.30534 -55.53435 
0.03784 0.02673 0.91333 -1.15267 -0.50382 -61.77863 
0.02087 0.00562 0.91675 -1.12214 -0.35878 -64.78626 
0.01257 0.03516 0.91785 -1.10687 -0.38931 -63.81680 
0.02979 0.04871 0.91125 -1.14504 -0.43511 -61.39695 
0.03601 0.02258 0.92004 -1.25954 -0.63359 -60.89313 
0.03796 0.04004 0.90991 -1.54198 -0.70992 -60.95420 
0.06116 0.02246 0.91675 -1.69466 -0.80153 -65.95420 
0.02344 0.05420 0.91785 -1.64885 -0.80153 -65.24428 
0.02393 0.05774 0.91418 -1.73282 -0.62595 -64.32825 
0.02551 0.05872 0.91809 -1.45802 -0.60305 -66.63359 
0.03699 0.06396 0.91333 -1.32061 -0.52672 -64.45038 
0.04419 0.02954 0.91211 -1.12214 -0.41221 -61.68702 
0.01514 0.08069 0.92188 -1.18321 -0.37405 -56.58779 
0.02527 0.04834 0.92078 -1.21374 -0.37405 -58.01527 
0.05701 0.04700 0.91418 -1.34351 -0.64885 -64.47328 
0.04675 0.02368 0.91248 -1.35115 -0.58779 -60.12214 
0.11023 0.00171 0.91980 -0.65649 -0.12977 -50.95420 
0.00171 0.00708 0.91333 -0.97710 -0.05344 -36.06107 
-0.08435 0.06006 0.92175 -0.82443 -0.05344 -39.87786 
0.03345 0.02747 0.91614 -0.87786 -0.24427 -51.20611 
0.00269 0.02478 0.91711 -0.78626 -0.09924 -48.00763 
0.04688 0.00146 0.91296 -0.70229 -0.00763 -49.19847 
0.05115 0.01807 0.91748 -0.43511 0.11450 -47.00763 
0.03992 -0.00806 0.92090 -0.76336 0.10687 -40.48855 
0.03577 0.01892 0.91467 -0.54962 0.19084 -41.66412 
0.20691 0.01245 0.91760 -1.01527 0.06107 -39.67176 
-0.00134 0.07483 0.91736 -1.34351 0.10687 -21.48855 
0.03210 0.00256 0.91907 -1.25954 0.10687 -25.70229 
0.07324 0.00940 0.91919 -0.99237 0.26718 -24.68702 
0.05237 -0.00232 0.91956 -0.97710 0.31298 -22.03817 
0.02478 -0.01538 0.91699 -0.90840 0.35115 -22.26718 
-0.01367 0.04602 0.91577 -0.70229 0.32824 -28.03817 
-0.01428 0.06946 0.91345 -0.66412 0.15267 -41.57252 
0.05505 -0.00537 0.91895 -0.79389 -0.07634 -50.06870 
0.07642 0.02026 0.92310 -0.87786 -0.23664 -55.19847 
0.02368 0.03687 0.91492 -1.72519 -0.67939 -60.70229 
0.01526 0.03882 0.92078 -1.93130 -0.94656 -66.38168 
0.03198 0.04529 0.91943 -1.54962 -0.79389 -62.11450 
0.03381 0.04663 0.91052 -1.51908 -0.70992 -55.61832 
0.02844 0.02600 0.91309 -1.12214 -0.31298 -53.58779 
0.03577 0.01843 0.91663 -1.38168 -0.34351 -51.24427 
0.06006 -0.01587 0.92493 -0.99237 -0.12214 -48.13741 
0.05420 0.00159 0.92065 -0.96183 -0.03817 -42.05344 
0.04468 0.01965 0.90369 -1.03817 0.00000 -37.49618 
0.06104 -0.00195 0.92041 -0.52672 0.35115 -33.19847 
0.05200 0.02820 0.91638 -0.58779 0.41221 -22.80916 
0.05005 -0.00671 0.91797 -0.32824 0.74046 -17.96183 
0.03381 0.01428 0.91980 -0.24427 1.00000 -14.70229 
0.02649 0.02161 0.91150 -0.23664 0.90076 -14.76336 
0.02539 0.03516 0.91663 -0.17557 0.94656 -17.51908 
0.03455 0.04358 0.91589 -0.15267 0.89313 -14.28244 
0.03760 0.01917 0.91565 -0.38168 0.83969 -14.64886 
0.04077 0.01538 0.92358 -0.29771 0.80153 -13.94656 
0.05530 0.00769 0.91772 -0.57252 0.80153 -11.88550 
0.03235 0.03223 0.91956 -0.46565 0.79389 -15.13740 
0.01257 0.05713 0.91614 -0.50382 0.60305 -19.64122 
0.03040 0.04016 0.91638 -0.65649 0.56489 -22.13741 
0.04053 0.01990 0.91577 -0.67176 0.57252 -22.35878 
0.04504 0.02112 0.91797 -0.56489 0.58779 -17.90840 
0.05127 0.01001 0.91711 -0.69466 0.62595 -12.70992 
0.06885 0.00159 0.92126 -0.49618 0.87786 -5.27481 
0.04187 0.02148 0.91650 -0.25191 1.18321 1.13740 
0.04199 0.02637 0.91650 0.02290 1.27481 1.46565 
0.04041 0.02515 0.91724 0.03053 1.32824 1.42748 
0.04065 0.02515 0.91467 0.12977 1.32824 1.41985 
0.04016 0.02319 0.92236 0.07634 1.33588 1.47328 
0.04712 0.02368 0.91492 -0.02290 1.29008 1.39695 
0.04578 0.02136 0.92090 0.06107 1.34351 1.45038 
0.04346 0.02332 0.91406 0.05344 1.35115 1.48855 
0.04150 0.02478 0.91455 0.11450 1.39695 1.51145 
0.03833 0.02698 0.91736 0.17557 1.31298 1.53435 
0.04395 0.02185 0.91687 0.17557 1.36641 1.40458 
0.03979 0.02283 0.91980 0.02290 1.35878 1.38168 
0.03882 0.02710 0.91663 0.04580 1.30534 1.38931 
0.03992 0.02576 0.91479 0.12214 1.41985 1.38931 
0.04749 0.01685 0.90955 0.17557 1.40458 1.45802 
0.04089 0.02759 0.91443 -0.02290 1.33588 1.81679 
0.04138 0.02588 0.91638 0.19084 1.38931 1.75573 
0.06055 0.01672 0.92407 0.08397 1.41985 3.30534 
0.03442 0.03174 0.91235 -0.20611 1.29771 4.03817 
0.03918 0.02698 0.92041 -0.14504 1.30534 2.25191 
0.04321 0.02393 0.91858 -0.09924 1.27481 1.57252 
0.03638 0.02649 0.91382 -0.16031 1.16794 3.31298 
0.03882 0.02563 0.91382 -0.12977 1.22137 1.84733 
0.03967 0.02466 0.92126 0.02290 1.33588 1.46565 
0.04114 0.02881 0.92285 -0.48855 1.09160 1.45802 
0.03088 0.16077 0.90649 0.12977 1.29008 -0.45038 
0.04675 -0.04968 0.91638 0.96183 1.61069 -3.77099 
0.05481 -0.00659 0.92029 0.09160 1.30534 0.80916 
0.04138 0.02771 0.91833 -0.02290 1.34351 1.40458 
0.04285 0.02405 0.91504 -0.06107 1.30534 1.35115 
0.04065 0.02515 0.91565 -0.06107 1.29771 1.38168 
0.04175 0.02478 0.91565 0.06107 1.31298 1.41221 
0.04102 0.02344 0.91821 0.06107 1.36641 1.43511 
0.04224 0.02209 0.91479 0.10687 1.28244 1.45802 
0.04138 0.02637 0.91821 0.00763 1.25954 1.41221 
0.04102 0.02124 0.91724 0.03053 1.32061 1.45038 
0.04004 0.02393 0.91565 0.00763 1.27481 1.40458 
0.04016 0.02478 0.91309 0.02290 1.23664 1.41985 
0.04309 0.02612 0.91870 -0.02290 1.29771 1.41221 
0.03992 0.02332 0.92114 0.04580 1.32061 1.45038 
0.03918 0.02478 0.91748 0.03053 1.35115 1.42748 
0.04089 0.02612 0.91211 0.03817 1.29771 1.39695 
0.04163 0.02332 0.91687 0.04580 1.34351 1.39695 
0.04480 0.02502 0.91614 -0.03053 1.38931 1.38931 
0.04150 0.02295 0.91833 0.01527 1.30534 1.41985 
0.04187 0.02734 0.91675 0.05344 1.31298 1.43511 
0.04370 0.02283 0.91772 0.07634 1.33588 1.42748 
0.04138 0.02393 0.91736 0.06107 1.32824 1.41985 
0.04114 0.02368 0.91833 0.06870 1.32061 1.42748 
0.04053 0.02417 0.92017 0.05344 1.38931 1.40458 
0.04004 0.02417 0.92102 0.09160 1.35115 1.41985 
0.03711 0.02466 0.91760 0.03817 1.33588 1.45038 
0.03906 0.02600 0.91870 0.06870 1.38168 1.39695 
0.04236 0.02441 0.92310 0.06107 1.31298 1.44275 
0.04395 0.02478 0.91541 0.05344 1.30534 1.34351 
0.04126 0.02832 0.91309 0.03817 1.29008 1.38931 
0.04187 0.02527 0.90930 0.01527 1.31298 1.41985 
0.04358 0.02356 0.91968 0.05344 1.34351 1.48092 
0.04150 0.02332 0.92139 0.05344 1.29008 1.42748 
0.04089 0.02478 0.91711 0.06107 1.35115 1.46565 
0.04395 0.02148 0.92114 0.03053 1.35115 1.42748 
0.03992 0.02307 0.91467 0.06107 1.29771 1.43511 
0.04187 0.02478 0.91785 0.04580 1.30534 1.37405 
0.03931 0.02319 0.91907 0.01527 1.32061 1.41985 
0.03943 0.02466 0.91968 0.04580 1.32061 1.37405 
0.03857 0.02625 0.91675 -0.02290 1.26718 1.44275 
0.04077 0.02344 0.91577 0.00000 1.32824 1.36641 
0.04407 0.02600 0.91760 0.03053 1.37405 1.40458 
0.04077 0.02515 0.92017 0.05344 1.32824 1.40458 
0.04199 0.02490 0.91943 0.03053 1.28244 1.40458 
0.03918 0.02820 0.91895 -0.05344 1.29771 1.39695 
0.04114 0.02234 0.91711 0.02290 1.33588 1.47328 
0.04431 0.02429 0.91687 0.08397 1.29771 1.45802 
0.04199 0.02478 0.90564 0.04580 1.25954 1.45802 
0.04053 0.02490 0.93164 -0.01527 1.39695 1.43511 
0.04602 0.02502 0.92529 0.06870 1.32061 1.45802 
0.03723 0.02319 0.92053 -0.03053 1.33588 1.42748 
0.04077 0.02588 0.92004 0.08397 1.30534 1.45038 
0.04260 0.02405 0.91357 0.02290 1.28244 1.41221 
0.04504 0.02539 0.91663 -0.03053 1.28244 1.44275 
0.03870 0.02612 0.92163 0.00000 1.27481 1.41985 
0.04297 0.02502 0.91736 0.14504 1.33588 1.37405 
0.04211 0.02417 0.91602 0.00763 1.30534 1.42748 
0.04236 0.02356 0.91919 -0.02290 1.30534 1.36641 
0.04016 0.02466 0.91846 0.04580 1.27481 1.45038 
0.04419 0.02527 0.91614 -0.03053 1.23664 1.46565 
0.04224 0.02539 0.92114 0.01527 1.30534 1.45038 
0.04431 0.02588 0.91711 0.06107 1.31298 1.45038 
0.04065 0.02393 0.91333 0.01527 1.31298 1.48855 
0.04138 0.02454 0.91370 0.00000 1.25954 1.40458 
0.03857 0.02295 0.91980 0.06870 1.34351 1.38168 
0.04321 0.01941 0.92053 0.05344 1.33588 1.43511 
0.03748 0.02271 0.92090 0.04580 1.21374 1.45038 
0.04077 0.02271 0.91528 0.04580 1.29008 1.41221 
0.04297 0.02551 0.91650 0.03053 1.27481 1.40458 
0.04089 0.02808 0.91882 0.00763 1.29008 1.45802 
0.04260 0.02454 0.91833 0.04580 1.27481 1.38931 
0.04211 0.02722 0.91174 0.00000 1.30534 1.43511 
0.04053 0.02344 0.91418 0.00763 1.23664 1.45038 
0.04102 0.02295 0.91809 0.06107 1.25954 1.41985 
0.03894 0.02527 0.92053 0.00763 1.32824 1.48092 
0.03943 0.02295 0.91699 0.09924 1.30534 1.41985 
0.04297 0.02185 0.91833 0.02290 1.32061 1.42748 
0.04443 0.02527 0.91846 0.00000 1.32824 1.42748 
0.04358 0.02454 0.92249 -0.03817 1.26718 1.43511 
0.04187 0.02417 0.92017 0.08397 1.34351 1.45038 
0.03943 0.02185 0.91504 0.06870 1.35115 1.44275 
0.04224 0.02563 0.92004 0.00000 1.29008 1.45802 
0.04138 0.02551 0.91833 -0.03817 1.32824 1.48855 
0.04102 0.02539 0.91858 -0.04580 1.31298 1.39695 
0.04065 0.02368 0.91565 0.05344 1.28244 1.42748 
0.04089 0.02722 0.91541 0.03053 1.33588 1.39695 
0.04065 0.02698 0.91968 0.06107 1.36641 1.36641 
0.04175 0.02246 0.91992 -0.01527 1.29008 1.41985 
0.04102 0.02295 0.91736 0.00000 1.33588 1.41221 
0.04126 0.02625 0.91687 0.03053 1.29771 1.40458 
0.04395 0.02454 0.91528 0.09160 1.25954 1.40458 
0.04065 0.02466 0.91650 0.00000 1.29771 1.38931 
0.04407 0.02136 0.91663 -0.02290 1.29008 1.48092 
0.04114 0.02478 0.91406 0.01527 1.29008 1.40458 
0.04199 0.02588 0.91858 0.03053 1.35878 1.45038 
0.04309 0.02612 0.91687 0.09160 1.29771 1.46565 
0.04199 0.02441 0.91943 0.03053 1.28244 1.47328 
0.04114 0.02625 0.91431 0.05344 1.25191 1.43511 
0.04102 0.02466 0.92017 0.01527 1.29771 1.38168 
0.03992 0.02502 0.92273 0.00000 1.29771 1.42748 
0.04028 0.02368 0.91516 0.00763 1.31298 1.34351 
0.04053 0.02661 0.91687 0.00763 1.22137 1.38931 
0.04333 0.02490 0.91919 0.00763 1.23664 1.39695 
0.04187 0.02332 0.91699 -0.01527 1.28244 1.45038 
0.04236 0.02759 0.91467 0.02290 1.27481 1.41985 
0.04028 0.02148 0.91663 0.04580 1.21374 1.44275 
0.03955 0.02209 0.91699 0.08397 1.27481 1.39695 
0.04077 0.02551 0.91638 0.00000 1.32061 1.40458 
0.04248 0.02576 0.92273 -0.00763 1.30534 1.43511 
0.04016 0.02612 0.91711 0.04580 1.31298 1.45038 
0.03833 0.02563 0.91443 0.03053 1.31298 1.41221 
0.03882 0.02393 0.91516 0.03817 1.27481 1.42748 
0.04297 0.02136 0.91650 0.03053 1.22137 1.40458 
0.04114 0.02466 0.92163 0.05344 1.29771 1.41985 
0.04150 0.02710 0.91467 -0.00763 1.32824 1.42748 
0.04199 0.02539 0.91443 0.06870 1.32061 1.37405 
0.04065 0.02795 0.91724 0.10687 1.28244 1.41221 
0.04248 0.02527 0.91614 0.00763 1.24427 1.45802 
0.04285 0.02368 0.91394 0.09160 1.29008 1.42748 
0.04211 0.02722 0.91821 0.05344 1.35878 1.51145 
0.04346 0.02185 0.91602 -0.00763 1.30534 1.44275 
0.04333 0.02222 0.91577 0.02290 1.38931 1.45802 
0.03943 0.02356 0.91589 0.08397 1.31298 1.41985 
0.03967 0.02441 0.92334 0.03053 1.29008 1.45038 
0.04016 0.02515 0.91016 0.03817 1.27481 1.41985 
0.04004 0.02893 0.91943 0.06870 1.29008 1.46565 
0.04016 0.02466 0.91589 0.02290 1.35115 1.41985 
0.04309 0.02673 0.91663 0.04580 1.35878 1.40458 
0.04126 0.02393 0.91443 0.05344 1.34351 1.35878 
0.04138 0.02588 0.91333 0.00000 1.29008 1.41985 
0.04285 0.02454 0.91760 0.03817 1.34351 1.41221 
0.04138 0.02588 0.91980 0.05344 1.29771 1.41221 
0.04309 0.02222 0.91553 0.03817 1.31298 1.41221 
0.04272 0.02429 0.91357 0.05344 1.28244 1.45802 
0.04407 0.02100 0.91724 -0.00763 1.34351 1.48855 
0.03955 0.02051 0.91980 -0.03817 1.32061 1.47328 
0.03735 0.02197 0.91626 0.01527 1.35878 1.39695 
0.04102 0.02673 0.91211 0.03817 1.36641 1.45038 
0.03772 0.02527 0.91650 0.07634 1.27481 1.36641 
0.04065 0.02502 0.91760 0.02290 1.29008 1.42748 
0.04102 0.02771 0.91321 0.09160 1.27481 1.44275 
0.04309 0.02649 0.91602 0.02290 1.41221 1.42748 
0.04333 0.02661 0.91968 0.04580 1.29771 1.39695 
0.04382 0.02405 0.91846 0.05344 1.31298 1.40458 
0.03943 0.02478 0.91626 0.04580 1.27481 1.43511 
0.04285 0.02380 0.91821 0.00763 1.29008 1.43511 
0.04199 0.02136 0.91614 0.00000 1.30534 1.41985 
0.04492 0.02344 0.91870 0.00000 1.32061 1.48092 
0.04407 0.02344 0.91748 0.07634 1.29771 1.41985 
0.03979 0.02441 0.91406 -0.00763 1.33588 1.38931 
0.03894 0.02271 0.91589 0.01527 1.35115 1.38168 
0.03821 0.02490 0.91467 -0.01527 1.33588 1.43511 
0.04077 0.02185 0.92102 -0.01527 1.32061 1.43511 
0.04175 0.02576 0.91980 0.02290 1.32824 1.38931 
0.04041 0.02417 0.91565 0.00000 1.29771 1.38168 
0.03882 0.02625 0.91626 0.03053 1.31298 1.46565 
0.03992 0.02441 0.91699 -0.03053 1.35115 1.44275 
0.04236 0.02661 0.91333 -0.01527 1.28244 1.35878 
0.04150 0.02332 0.91687 0.05344 1.28244 1.43511 
0.04138 0.02356 0.91443 0.03817 1.33588 1.38931 
0.03967 0.02600 0.91736 0.03817 1.35115 1.48855 
0.03894 0.02405 0.91650 0.03817 1.35878 1.41985 
0.04163 0.02307 0.91541 0.00000 1.35115 1.40458 
0.03955 0.02344 0.91638 0.02290 1.32824 1.38168 
0.03979 0.02307 0.91418 0.06870 1.32061 1.35878 
0.04102 0.02563 0.91431 0.03053 1.30534 1.41221 
0.04114 0.02734 0.91687 0.03817 1.32061 1.41221 
0.04163 0.02698 0.91882 -0.00763 1.22901 1.41985 
0.03857 0.02527 0.91553 -0.01527 1.32061 1.45802 
0.04309 0.02649 0.91589 0.04580 1.27481 1.41985 
0.04004 0.02515 0.91602 0.05344 1.26718 1.45802 
0.04126 0.02649 0.91882 -0.03817 1.30534 1.44275 
0.04053 0.02283 0.91931 0.06870 1.30534 1.47328 
0.04211 0.02466 0.91614 0.06107 1.29008 1.42748 
0.04248 0.02234 0.91418 -0.02290 1.32061 1.41221 
0.04309 0.02441 0.91565 0.01527 1.27481 1.40458 
0.04248 0.02393 0.91760 -0.00763 1.26718 1.43511 
0.04468 0.02466 0.91321 0.02290 1.32824 1.41985 
0.04065 0.02722 0.91748 -0.01527 1.32061 1.39695 
0.04199 0.02600 0.91345 0.09160 1.25191 1.44275 
0.04211 0.02344 0.91541 0.02290 1.30534 1.43511 
0.03992 0.02795 0.91724 -0.03053 1.31298 1.43511 
0.04028 0.02490 0.91675 0.01527 1.35115 1.38168 
0.03796 0.02454 0.91626 -0.01527 1.28244 1.44275 
0.03796 0.02625 0.91846 -0.00763 1.31298 1.37405 
0.04065 0.02295 0.91833 0.04580 1.29008 1.43511 
0.03918 0.02417 0.91809 0.05344 1.27481 1.41985 
0.04224 0.02368 0.91760 0.02290 1.33588 1.44275 
0.04297 0.02356 0.91687 0.04580 1.25954 1.41985 
0.04163 0.02356 0.91248 0.04580 1.29771 1.43511 
0.04138 0.02429 0.91675 0.04580 1.29771 1.43511 
0.04346 0.02527 0.91846 0.04580 1.28244 1.41985 
0.04028 0.02527 0.91956 0.04580 1.32061