2 153 255 0.00061 -0.00120 0.98739 4.18129 1.02032 1.33389 
2 211 255 -0.00195 0.00283 0.98532 3.26665 0.83739 1.27291 
2 235 255 0.00110 0.00173 0.98043 3.44958 0.71544 1.27291 
2 245 255 0.00244 -0.00181 0.98446 2.96178 0.47154 1.27291 
2 249 255 0.00098 -0.00108 0.98214 2.83982 0.41056 1.39486 
2 251 255 -0.00366 0.00417 0.98080 2.83982 0.41056 1.39486 
2 252 255 -0.00330 -0.00144 0.98752 2.77885 0.47154 1.27291 
2 253 255 -0.00293 0.00039 0.99008 2.83982 0.41056 1.21194 
2 253 255 0.00098 -0.00010 0.98422 2.71787 0.47154 1.27291 
2 253 255 0.00513 0.00063 0.98397 2.77885 0.41056 1.33389 
2 253 255 0.00098 -0.00095 0.98483 2.71787 0.47154 1.39486 
2 253 255 -0.00305 0.00369 0.98471 2.71787 0.47154 1.39486 
2 253 255 -0.00427 0.00564 0.98312 2.71787 0.41056 1.33389 
2 253 255 -0.00085 0.00198 0.98239 2.77885 0.41056 1.21194 
2 253 255 0.00024 0.00088 0.98166 2.77885 0.53251 1.33389 
2 253 255 0.00366 0.00063 0.98690 2.77885 0.47154 1.33389 
2 253 255 -0.00049 -0.00083 0.98703 2.71787 0.41056 1.33389 
2 253 255 -0.00073 0.00002 0.98312 2.83982 0.47154 1.39486 
2 253 255 -0.00134 0.00039 0.98459 2.77885 0.41056 1.27291 
2 253 255 0.00024 0.00259 0.98495 2.83982 0.53251 1.27291 
2 253 255 -0.00012 -0.00010 0.98678 2.83982 0.47154 1.33389 
2 253 255 0.00012 -0.00083 0.98361 2.77885 0.41056 1.33389 
2 253 255 -0.00037 0.00161 0.98239 2.83982 0.47154 1.39486 
2 253 255 -0.00012 0.00137 0.98288 2.83982 0.41056 1.33389 
2 253 255 -0.00244 0.00283 0.98544 2.83982 0.41056 1.33389 
2 253 255 0.00171 0.00100 0.98336 2.77885 0.41056 1.27291 
2 253 255 -0.00012 -0.00095 0.98520 2.83982 0.47154 1.33389 
2 253 255 0.00232 0.00051 0.98349 2.77885 0.47154 1.33389 
2 253 255 0.00122 0.00100 0.98129 2.71787 0.41056 1.39486 
2 253 255 -0.00110 0.00356 0.98312 2.83982 0.47154 1.33389 
2 253 255 -0.00195 0.00076 0.98446 2.83982 0.41056 1.27291 
2 253 255 -0.00049 0.00088 0.98459 2.77885 0.41056 1.27291 
2 253 255 0.00220 -0.00156 0.98483 2.77885 0.47154 1.33389 
2 253 255 0.00049 0.00405 0.98275 2.83982 0.41056 1.27291 
2 253 255 0.00012 0.00112 0.98605 2.77885 0.47154 1.33389 
2 253 255 -0.00110 -0.00034 0.98349 2.83982 0.41056 1.33389 
2 253 255 0.00122 0.00283 0.98190 2.90080 0.47154 1.27291 
2 253 255 0.00098 0.00320 0.98471 2.77885 0.41056 1.33389 
2 253 255 0.00220 0.00307 0.98629 2.83982 0.53251 1.33389 
2 253 255 -0.00439 0.00039 0.98043 2.83982 0.41056 1.33389 
2 253 255 0.00024 0.00002 0.98483 2.77885 0.41056 1.39486 
2 253 255 -0.00085 0.00051 0.98312 2.77885 0.47154 1.33389 
2 253 255 0.00085 0.00027 0.98422 2.77885 0.41056 1.27291 
2 253 255 -0.00024 -0.00156 0.98080 2.77885 0.47154 1.33389 
2 253 255 0.00085 -0.00034 0.97897 2.83982 0.47154 1.33389 
2 253 255 -0.00354 -0.00047 0.98092 2.77885 0.41056 1.33389 
2 253 255 -0.00439 0.00063 0.98349 2.71787 0.47154 1.33389 
2 253 255 0.00037 0.00173 0.98629 2.71787 0.41056 1.33389 
2 253 255 0.00037 0.00161 0.98068 2.77885 0.47154 1.27291 
2 253 255 0.00000 -0.00047 0.98739 2.83982 0.47154 1.33389 
2 253 255 -0.00037 -0.00071 0.98361 2.83982 0.41056 1.33389 
2 253 255 -0.00049 0.00002 0.98837 2.77885 0.47154 1.33389 
2 253 255 0.00024 -0.00034 0.98312 2.83982 0.41056 1.33389 
2 253 255 -0.00269 -0.00169 0.98312 2.77885 0.41056 1.33389 
2 253 255 0.00000 -0.00108 0.98788 2.83982 0.41056 1.39486 
2 253 255 0.00208 0.00185 0.98410 2.83982 0.34959 1.33389 
2 253 255 0.00220 0.00088 0.98373 2.77885 0.47154 1.33389 
2 253 255 0.00159 0.00356 0.98324 2.77885 0.47154 1.33389 
2 253 255 -0.00134 0.00222 0.98459 2.77885 0.41056 1.27291 
2 253 255 0.00110 0.00088 0.98471 2.77885 0.47154 1.33389 
2 253 255 -0.00085 0.00161 0.98336 2.77885 0.41056 1.27291 
2 253 255 -0.00317 0.00234 0.98300 2.77885 0.41056 1.33389 
2 253 255 0.00342 0.00100 0.98654 2.83982 0.41056 1.33389 
2 253 255 0.00024 0.00002 0.98727 2.83982 0.34959 1.27291 
2 253 255 0.00